{
  "E": -14.595596422867434,
  "sol": {
    "(((), ()), ((), ()))": 0.8982393705295727,
    "(((0,), (0,)), ((), ()))": 4.563778400989553e-17,
    "(((), ()), ((0,), (0,)))": 4.563778400989553e-17,
    "(((0,), (1,)), ((), ()))": -9.452869464326462e-17,
    "(((), ()), ((0,), (1,)))": -9.452869464326462e-17,
    "(((0,), (2,)), ((), ()))": -6.477312596967275e-17,
    "(((), ()), ((0,), (2,)))": -6.477312596967275e-17,
    "(((0,), (3,)), ((), ()))": 4.4308553142853885e-05,
    "(((), ()), ((0,), (3,)))": 4.4308553142853885e-05,
    "(((0,), (4,)), ((), ()))": -3.395859091008066e-17,
    "(((), ()), ((0,), (4,)))": -3.395859091008066e-17,
    "(((0,), (5,)), ((), ()))": 1.409603857648755e-17,
    "(((), ()), ((0,), (5,)))": 1.409603857648755e-17,
    "(((0,), (6,)), ((), ()))": 4.7531834434512174e-17,
    "(((), ()), ((0,), (6,)))": 4.7531834434512174e-17,
    "(((1,), (0,)), ((), ()))": 2.5999741165430365e-17,
    "(((), ()), ((1,), (0,)))": 2.5999741165430365e-17,
    "(((1,), (1,)), ((), ()))": -9.252196454632219e-17,
    "(((), ()), ((1,), (1,)))": -9.252196454632219e-17,
    "(((1,), (2,)), ((), ()))": -0.0010184467460798293,
    "(((), ()), ((1,), (2,)))": -0.0010184467460798293,
    "(((1,), (3,)), ((), ()))": 1.315084776572835e-16,
    "(((), ()), ((1,), (3,)))": 1.315084776572835e-16,
    "(((1,), (4,)), ((), ()))": -3.4473966200979126e-17,
    "(((), ()), ((1,), (4,)))": -3.4473966200979126e-17,
    "(((1,), (5,)), ((), ()))": 1.145006995367254e-17,
    "(((), ()), ((1,), (5,)))": 1.145006995367254e-17,
    "(((1,), (6,)), ((), ()))": 0.00022609533599890033,
    "(((), ()), ((1,), (6,)))": 0.00022609533599890033,
    "(((2,), (0,)), ((), ()))": 1.004686754721058e-15,
    "(((), ()), ((2,), (0,)))": 1.004686754721058e-15,
    "(((2,), (1,)), ((), ()))": 1.7288176203268512e-16,
    "(((), ()), ((2,), (1,)))": 1.7288176203268512e-16,
    "(((2,), (2,)), ((), ()))": 2.4792954959809106e-15,
    "(((), ()), ((2,), (2,)))": 2.4792954959809106e-15,
    "(((2,), (3,)), ((), ()))": 0.010562316939908712,
    "(((), ()), ((2,), (3,)))": 0.010562316939908712,
    "(((2,), (4,)), ((), ()))": -1.6180415545228707e-16,
    "(((), ()), ((2,), (4,)))": -1.6180415545228707e-16,
    "(((2,), (5,)), ((), ()))": 5.731199063194725e-17,
    "(((), ()), ((2,), (5,)))": 5.731199063194725e-17,
    "(((2,), (6,)), ((), ()))": -2.7541920249333126e-16,
    "(((), ()), ((2,), (6,)))": -2.7541920249333126e-16,
    "(((0,), (0,)), ((0,), (0,)))": 9.964745134331409e-05,
    "(((0,), (0,)), ((0,), (1,)))": -1.1033209215492944e-19,
    "(((0,), (0,)), ((0,), (2,)))": -1.59132981541938e-17,
    "(((0,), (0,)), ((0,), (3,)))": -2.419757746041444e-18,
    "(((0,), (0,)), ((0,), (4,)))": -7.604537525488488e-18,
    "(((0,), (0,)), ((0,), (5,)))": 1.6340343452697054e-19,
    "(((0,), (0,)), ((0,), (6,)))": 1.3402196563065575e-17,
    "(((0,), (0,)), ((1,), (0,)))": 9.003670296549926e-18,
    "(((0,), (0,)), ((1,), (1,)))": 1.0786987974564063e-19,
    "(((0,), (0,)), ((1,), (2,)))": 9.75096065243701e-20,
    "(((0,), (0,)), ((1,), (3,)))": 8.198375825358958e-18,
    "(((0,), (0,)), ((1,), (4,)))": -0.0010840455504285708,
    "(((0,), (0,)), ((1,), (5,)))": 3.168922597844032e-05,
    "(((0,), (0,)), ((1,), (6,)))": 1.9634173304266545e-18,
    "(((0,), (0,)), ((2,), (0,)))": -0.003241291498900062,
    "(((0,), (0,)), ((2,), (1,)))": 1.8315136617753853e-10,
    "(((0,), (0,)), ((2,), (2,)))": 4.915682360711895e-17,
    "(((0,), (0,)), ((2,), (3,)))": -1.1451967105114534e-18,
    "(((0,), (0,)), ((2,), (4,)))": 1.3045152193735625e-18,
    "(((0,), (0,)), ((2,), (5,)))": -1.1187691220978638e-19,
    "(((0,), (0,)), ((2,), (6,)))": -2.3747117681809992e-18,
    "(((0,), (1,)), ((0,), (0,)))": -1.0369863912135992e-19,
    "(((0,), (1,)), ((0,), (1,)))": 9.964745134331799e-05,
    "(((0,), (1,)), ((0,), (2,)))": 2.7854652225232104e-18,
    "(((0,), (1,)), ((0,), (3,)))": 1.524372798484922e-18,
    "(((0,), (1,)), ((0,), (4,)))": -8.097900851943654e-20,
    "(((0,), (1,)), ((0,), (5,)))": -9.009678055995135e-18,
    "(((0,), (1,)), ((0,), (6,)))": -2.4094090579976253e-18,
    "(((0,), (1,)), ((1,), (0,)))": 8.509897290292672e-20,
    "(((0,), (1,)), ((1,), (1,)))": 6.7094180801767744e-18,
    "(((0,), (1,)), ((1,), (2,)))": -1.9745792286136465e-19,
    "(((0,), (1,)), ((1,), (3,)))": -1.3940098169485099e-18,
    "(((0,), (1,)), ((1,), (4,)))": -3.1689225978440293e-05,
    "(((0,), (1,)), ((1,), (5,)))": -0.001084045550428571,
    "(((0,), (1,)), ((1,), (6,)))": -7.678553349320922e-19,
    "(((0,), (1,)), ((2,), (0,)))": -1.8315136627863647e-10,
    "(((0,), (1,)), ((2,), (1,)))": -0.0032412914989000596,
    "(((0,), (1,)), ((2,), (2,)))": -8.708989026321139e-18,
    "(((0,), (1,)), ((2,), (3,)))": 1.163291276207392e-18,
    "(((0,), (1,)), ((2,), (4,)))": -2.0254379655501083e-21,
    "(((0,), (1,)), ((2,), (5,)))": 2.3593575246854174e-18,
    "(((0,), (1,)), ((2,), (6,)))": 1.052599136737989e-18,
    "(((0,), (2,)), ((0,), (0,)))": -1.5913298154193847e-17,
    "(((0,), (2,)), ((0,), (1,)))": 2.7854652225232158e-18,
    "(((0,), (2,)), ((0,), (2,)))": -0.0010946512986740125,
    "(((0,), (2,)), ((0,), (3,)))": 3.554036085925785e-18,
    "(((0,), (2,)), ((0,), (4,)))": 2.3851663290482764e-20,
    "(((0,), (2,)), ((0,), (5,)))": -5.668025797052802e-19,
    "(((0,), (2,)), ((0,), (6,)))": 0.0010193698954992364,
    "(((0,), (2,)), ((1,), (0,)))": 5.387665851526336e-19,
    "(((0,), (2,)), ((1,), (1,)))": -6.533536318087666e-19,
    "(((0,), (2,)), ((1,), (2,)))": 5.977011491263231e-19,
    "(((0,), (2,)), ((1,), (3,)))": 0.0005684556450747362,
    "(((0,), (2,)), ((1,), (4,)))": 1.464963460682146e-17,
    "(((0,), (2,)), ((1,), (5,)))": -3.254151109325562e-18,
    "(((0,), (2,)), ((1,), (6,)))": 2.3407647532611303e-17,
    "(((0,), (2,)), ((2,), (0,)))": 4.968095982084791e-17,
    "(((0,), (2,)), ((2,), (1,)))": -8.917260501571475e-18,
    "(((0,), (2,)), ((2,), (2,)))": 0.0005263270431461143,
    "(((0,), (2,)), ((2,), (3,)))": -3.6950278260301134e-17,
    "(((0,), (2,)), ((2,), (4,)))": 1.2662566453882077e-18,
    "(((0,), (2,)), ((2,), (5,)))": -1.0994204782401164e-18,
    "(((0,), (2,)), ((2,), (6,)))": -0.0001925984716996186,
    "(((0,), (3,)), ((0,), (0,)))": -2.4197577460414754e-18,
    "(((0,), (3,)), ((0,), (1,)))": 1.52437279848494e-18,
    "(((0,), (3,)), ((0,), (2,)))": -2.713963734559402e-18,
    "(((0,), (3,)), ((0,), (3,)))": -0.002217072717781364,
    "(((0,), (3,)), ((0,), (4,)))": -6.833095704441345e-19,
    "(((0,), (3,)), ((0,), (5,)))": 2.0523230543469551e-19,
    "(((0,), (3,)), ((0,), (6,)))": 1.5101778768024028e-18,
    "(((0,), (3,)), ((1,), (0,)))": 3.754931529138649e-18,
    "(((0,), (3,)), ((1,), (1,)))": -6.088190156236151e-19,
    "(((0,), (3,)), ((1,), (2,)))": 0.00023833839680856134,
    "(((0,), (3,)), ((1,), (3,)))": 1.205379719615302e-18,
    "(((0,), (3,)), ((1,), (4,)))": 9.764413571021317e-19,
    "(((0,), (3,)), ((1,), (5,)))": -4.983504142026876e-20,
    "(((0,), (3,)), ((1,), (6,)))": 0.0016477757735255843,
    "(((0,), (3,)), ((2,), (0,)))": -9.61395060338998e-19,
    "(((0,), (3,)), ((2,), (1,)))": 1.143328682744022e-18,
    "(((0,), (3,)), ((2,), (2,)))": -3.9313946775485754e-17,
    "(((0,), (3,)), ((2,), (3,)))": -0.003932944219372689,
    "(((0,), (3,)), ((2,), (4,)))": -1.057794074627912e-18,
    "(((0,), (3,)), ((2,), (5,)))": 2.4553239776144536e-19,
    "(((0,), (3,)), ((2,), (6,)))": -4.448559096113446e-18,
    "(((0,), (4,)), ((0,), (0,)))": -7.080572092002497e-18,
    "(((0,), (4,)), ((0,), (1,)))": -9.639993315855093e-20,
    "(((0,), (4,)), ((0,), (2,)))": 2.3851663290476372e-20,
    "(((0,), (4,)), ((0,), (3,)))": -6.833095704441369e-19,
    "(((0,), (4,)), ((0,), (4,)))": -0.0012037427895996032,
    "(((0,), (4,)), ((0,), (5,)))": -8.371749955185303e-21,
    "(((0,), (4,)), ((0,), (6,)))": 6.305590051698324e-19,
    "(((0,), (4,)), ((1,), (0,)))": -0.000862357804462349,
    "(((0,), (4,)), ((1,), (1,)))": -2.5208773385723504e-05,
    "(((0,), (4,)), ((1,), (2,)))": 1.1647772992150703e-17,
    "(((0,), (4,)), ((1,), (3,)))": 1.0420509371615382e-18,
    "(((0,), (4,)), ((1,), (4,)))": -3.6249567936816006e-18,
    "(((0,), (4,)), ((1,), (5,)))": -9.698145241734687e-20,
    "(((0,), (4,)), ((1,), (6,)))": 1.237177650723079e-18,
    "(((0,), (4,)), ((2,), (0,)))": -2.0696420701658692e-18,
    "(((0,), (4,)), ((2,), (1,)))": -1.002173982077777e-19,
    "(((0,), (4,)), ((2,), (2,)))": 2.4621739391341236e-18,
    "(((0,), (4,)), ((2,), (3,)))": -1.1617468386617604e-18,
    "(((0,), (4,)), ((2,), (4,)))": -0.0024529487750852836,
    "(((0,), (4,)), ((2,), (5,)))": 1.6580331500416355e-10,
    "(((0,), (4,)), ((2,), (6,)))": 1.3390954246390846e-19,
    "(((0,), (5,)), ((0,), (0,)))": 2.012440111414129e-19,
    "(((0,), (5,)), ((0,), (1,)))": -8.493306324443725e-18,
    "(((0,), (5,)), ((0,), (2,)))": -5.668025797052841e-19,
    "(((0,), (5,)), ((0,), (3,)))": 2.052323054346954e-19,
    "(((0,), (5,)), ((0,), (4,)))": -4.813415120402827e-20,
    "(((0,), (5,)), ((0,), (5,)))": -0.0012037427895996036,
    "(((0,), (5,)), ((0,), (6,)))": -3.233554606347372e-20,
    "(((0,), (5,)), ((1,), (0,)))": 2.5208773385723488e-05,
    "(((0,), (5,)), ((1,), (1,)))": -0.0008623578044623489,
    "(((0,), (5,)), ((1,), (2,)))": -2.8598426471512067e-18,
    "(((0,), (5,)), ((1,), (3,)))": -2.9082702829217415e-19,
    "(((0,), (5,)), ((1,), (4,)))": -1.926682457293984e-20,
    "(((0,), (5,)), ((1,), (5,)))": -1.3115784593797943e-18,
    "(((0,), (5,)), ((1,), (6,)))": -8.744310002610206e-20,
    "(((0,), (5,)), ((2,), (0,)))": -3.3307129515008255e-21,
    "(((0,), (5,)), ((2,), (1,)))": -4.300023685312622e-19,
    "(((0,), (5,)), ((2,), (2,)))": -1.8234022350051092e-18,
    "(((0,), (5,)), ((2,), (3,)))": -1.2951559052595592e-19,
    "(((0,), (5,)), ((2,), (4,)))": -1.6580331509498558e-10,
    "(((0,), (5,)), ((2,), (5,)))": -0.0024529487750852836,
    "(((0,), (5,)), ((2,), (6,)))": -1.8717376317853966e-19,
    "(((0,), (6,)), ((0,), (0,)))": 1.3402196563065675e-17,
    "(((0,), (6,)), ((0,), (1,)))": -2.4094090579976164e-18,
    "(((0,), (6,)), ((0,), (2,)))": 0.0010193698954992676,
    "(((0,), (6,)), ((0,), (3,)))": -6.6138522253188354e-18,
    "(((0,), (6,)), ((0,), (4,)))": 6.305590051698222e-19,
    "(((0,), (6,)), ((0,), (5,)))": -3.233554606347027e-20,
    "(((0,), (6,)), ((0,), (6,)))": -0.0022554819642081813,
    "(((0,), (6,)), ((1,), (0,)))": 1.4953757854311187e-18,
    "(((0,), (6,)), ((1,), (1,)))": -5.365738828639789e-19,
    "(((0,), (6,)), ((1,), (2,)))": 2.4539367551169038e-17,
    "(((0,), (6,)), ((1,), (3,)))": 0.0012028372386096108,
    "(((0,), (6,)), ((1,), (4,)))": 8.793215574522767e-19,
    "(((0,), (6,)), ((1,), (5,)))": 1.2779293891344522e-19,
    "(((0,), (6,)), ((1,), (6,)))": 6.235234009941249e-18,
    "(((0,), (6,)), ((2,), (0,)))": 1.7008541785979948e-17,
    "(((0,), (6,)), ((2,), (1,)))": -2.642833457290288e-18,
    "(((0,), (6,)), ((2,), (2,)))": 0.0012742796359214597,
    "(((0,), (6,)), ((2,), (3,)))": 1.1457256191817139e-17,
    "(((0,), (6,)), ((2,), (4,)))": 2.7157857973293796e-19,
    "(((0,), (6,)), ((2,), (5,)))": -8.391704561177237e-19,
    "(((0,), (6,)), ((2,), (6,)))": -0.0011187730464363754,
    "(((1,), (0,)), ((0,), (0,)))": 8.812797553809746e-18,
    "(((1,), (0,)), ((0,), (1,)))": 8.368449768602365e-20,
    "(((1,), (0,)), ((0,), (2,)))": 5.387665851526736e-19,
    "(((1,), (0,)), ((0,), (3,)))": 3.754931529138592e-18,
    "(((1,), (0,)), ((0,), (4,)))": -0.0008623578044623486,
    "(((1,), (0,)), ((0,), (5,)))": 2.5208773385723488e-05,
    "(((1,), (0,)), ((0,), (6,)))": 1.4953757854311287e-18,
    "(((1,), (0,)), ((1,), (0,)))": 0.0004618775040399069,
    "(((1,), (0,)), ((1,), (1,)))": -1.4198018093666188e-19,
    "(((1,), (0,)), ((1,), (2,)))": -2.3176985159771566e-17,
    "(((1,), (0,)), ((1,), (3,)))": -2.229139488523742e-18,
    "(((1,), (0,)), ((1,), (4,)))": 1.2969984519572214e-17,
    "(((1,), (0,)), ((1,), (5,)))": -3.988799125350254e-19,
    "(((1,), (0,)), ((1,), (6,)))": 1.6423301976649603e-17,
    "(((1,), (0,)), ((2,), (0,)))": 1.7803717371053484e-17,
    "(((1,), (0,)), ((2,), (1,)))": 1.6689851194395917e-19,
    "(((1,), (0,)), ((2,), (2,)))": -4.462906330208213e-18,
    "(((1,), (0,)), ((2,), (3,)))": -3.308043778172759e-17,
    "(((1,), (0,)), ((2,), (4,)))": -0.0015566668390438138,
    "(((1,), (0,)), ((2,), (5,)))": 4.5504773449320666e-05,
    "(((1,), (0,)), ((2,), (6,)))": 8.765236425856819e-19,
    "(((1,), (1,)), ((0,), (0,)))": 1.1646985584198082e-19,
    "(((1,), (1,)), ((0,), (1,)))": 6.84561373515284e-18,
    "(((1,), (1,)), ((0,), (2,)))": -6.533536318087631e-19,
    "(((1,), (1,)), ((0,), (3,)))": -6.088190156236085e-19,
    "(((1,), (1,)), ((0,), (4,)))": -2.520877338572348e-05,
    "(((1,), (1,)), ((0,), (5,)))": -0.0008623578044623489,
    "(((1,), (1,)), ((0,), (6,)))": -5.365738828640095e-19,
    "(((1,), (1,)), ((1,), (0,)))": -1.2122779778511101e-19,
    "(((1,), (1,)), ((1,), (1,)))": 0.00046187750403991047,
    "(((1,), (1,)), ((1,), (2,)))": 4.137944200300453e-18,
    "(((1,), (1,)), ((1,), (3,)))": 1.283092362698519e-18,
    "(((1,), (1,)), ((1,), (4,)))": 5.81639304015161e-19,
    "(((1,), (1,)), ((1,), (5,)))": 1.1824573192988542e-17,
    "(((1,), (1,)), ((1,), (6,)))": -3.179466586686432e-18,
    "(((1,), (1,)), ((2,), (0,)))": 2.717008315051796e-19,
    "(((1,), (1,)), ((2,), (1,)))": 1.3834390691132896e-17,
    "(((1,), (1,)), ((2,), (2,)))": 2.9370499508580113e-18,
    "(((1,), (1,)), ((2,), (3,)))": 7.064952692563695e-18,
    "(((1,), (1,)), ((2,), (4,)))": -4.550477344932072e-05,
    "(((1,), (1,)), ((2,), (5,)))": -0.0015566668390438125,
    "(((1,), (1,)), ((2,), (6,)))": -1.5047338033807873e-19,
    "(((1,), (2,)), ((0,), (0,)))": 9.750960652436702e-20,
    "(((1,), (2,)), ((0,), (1,)))": -1.974579228613762e-19,
    "(((1,), (2,)), ((0,), (2,)))": 2.5195195997723494e-18,
    "(((1,), (2,)), ((0,), (3,)))": 0.0002383383968085579,
    "(((1,), (2,)), ((0,), (4,)))": 1.1647772992150689e-17,
    "(((1,), (2,)), ((0,), (5,)))": -2.8598426471512055e-18,
    "(((1,), (2,)), ((0,), (6,)))": 3.3206387168829984e-17,
    "(((1,), (2,)), ((1,), (0,)))": -2.3176985159771557e-17,
    "(((1,), (2,)), ((1,), (1,)))": 4.137944200300489e-18,
    "(((1,), (2,)), ((1,), (2,)))": -0.0012821532291860042,
    "(((1,), (2,)), ((1,), (3,)))": -3.2723507312401514e-18,
    "(((1,), (2,)), ((1,), (4,)))": -4.487529448037249e-20,
    "(((1,), (2,)), ((1,), (5,)))": -4.6120734519753e-19,
    "(((1,), (2,)), ((1,), (6,)))": 0.0012452579597734864,
    "(((1,), (2,)), ((2,), (0,)))": -3.577595816103696e-18,
    "(((1,), (2,)), ((2,), (1,)))": 6.894025144358514e-19,
    "(((1,), (2,)), ((2,), (2,)))": -1.0938575948868058e-17,
    "(((1,), (2,)), ((2,), (3,)))": -0.0025772378989109496,
    "(((1,), (2,)), ((2,), (4,)))": 1.922407781688883e-17,
    "(((1,), (2,)), ((2,), (5,)))": -4.973239159186908e-18,
    "(((1,), (2,)), ((2,), (6,)))": 2.86972093088903e-17,
    "(((1,), (3,)), ((0,), (0,)))": 8.198375825359e-18,
    "(((1,), (3,)), ((0,), (1,)))": -1.394009816948516e-18,
    "(((1,), (3,)), ((0,), (2,)))": 0.0005684556450747395,
    "(((1,), (3,)), ((0,), (3,)))": 1.1668215499425887e-18,
    "(((1,), (3,)), ((0,), (4,)))": 1.0420509371615367e-18,
    "(((1,), (3,)), ((0,), (5,)))": -2.908270282921745e-19,
    "(((1,), (3,)), ((0,), (6,)))": 0.0012028372386096427,
    "(((1,), (3,)), ((1,), (0,)))": -2.229139488523733e-18,
    "(((1,), (3,)), ((1,), (1,)))": 1.2830923626985421e-18,
    "(((1,), (3,)), ((1,), (2,)))": -4.301436915783559e-18,
    "(((1,), (3,)), ((1,), (3,)))": -0.0017608515585774425,
    "(((1,), (3,)), ((1,), (4,)))": -1.8111473697165021e-19,
    "(((1,), (3,)), ((1,), (5,)))": 1.6607813143574443e-21,
    "(((1,), (3,)), ((1,), (6,)))": -3.1380339783806775e-17,
    "(((1,), (3,)), ((2,), (0,)))": -4.4657842615100564e-17,
    "(((1,), (3,)), ((2,), (1,)))": 8.968080106914787e-18,
    "(((1,), (3,)), ((2,), (2,)))": -0.0034509934651826652,
    "(((1,), (3,)), ((2,), (3,)))": 4.492973174636366e-17,
    "(((1,), (3,)), ((2,), (4,)))": 6.491137321451053e-19,
    "(((1,), (3,)), ((2,), (5,)))": 7.592392873521423e-19,
    "(((1,), (3,)), ((2,), (6,)))": 0.0009986196000161657,
    "(((1,), (4,)), ((0,), (0,)))": -0.0010840455504285715,
    "(((1,), (4,)), ((0,), (1,)))": -3.1689225978440334e-05,
    "(((1,), (4,)), ((0,), (2,)))": 1.464963460682147e-17,
    "(((1,), (4,)), ((0,), (3,)))": 9.764413571021317e-19,
    "(((1,), (4,)), ((0,), (4,)))": -3.561397253187168e-18,
    "(((1,), (4,)), ((0,), (5,)))": -7.787538905342952e-20,
    "(((1,), (4,)), ((0,), (6,)))": 8.793215574522844e-19,
    "(((1,), (4,)), ((1,), (0,)))": 1.489531567022104e-17,
    "(((1,), (4,)), ((1,), (1,)))": 5.628128842894717e-19,
    "(((1,), (4,)), ((1,), (2,)))": -4.4875294480386984e-20,
    "(((1,), (4,)), ((1,), (3,)))": -1.8111473697165166e-19,
    "(((1,), (4,)), ((1,), (4,)))": -0.0013695274911647703,
    "(((1,), (4,)), ((1,), (5,)))": -7.695907909936001e-20,
    "(((1,), (4,)), ((1,), (6,)))": 7.448700783316485e-19,
    "(((1,), (4,)), ((2,), (0,)))": -0.0023756231522869993,
    "(((1,), (4,)), ((2,), (1,)))": -6.944520123289132e-05,
    "(((1,), (4,)), ((2,), (2,)))": 2.963548618164322e-17,
    "(((1,), (4,)), ((2,), (3,)))": 3.457106368685718e-19,
    "(((1,), (4,)), ((2,), (4,)))": 7.91176211577591e-18,
    "(((1,), (4,)), ((2,), (5,)))": -6.257712233454556e-20,
    "(((1,), (4,)), ((2,), (6,)))": 9.415456267883594e-19,
    "(((1,), (5,)), ((0,), (0,)))": 3.1689225978440334e-05,
    "(((1,), (5,)), ((0,), (1,)))": -0.001084045550428571,
    "(((1,), (5,)), ((0,), (2,)))": -3.25415110932556e-18,
    "(((1,), (5,)), ((0,), (3,)))": -4.983504142026828e-20,
    "(((1,), (5,)), ((0,), (4,)))": -6.789491093955719e-20,
    "(((1,), (5,)), ((0,), (5,)))": -1.4411450798341478e-18,
    "(((1,), (5,)), ((0,), (6,)))": 1.2779293891343966e-19,
    "(((1,), (5,)), ((1,), (0,)))": -4.783450910188968e-19,
    "(((1,), (5,)), ((1,), (1,)))": 1.2063500407796196e-17,
    "(((1,), (5,)), ((1,), (2,)))": -4.612073451975285e-19,
    "(((1,), (5,)), ((1,), (3,)))": 1.6607813143569387e-21,
    "(((1,), (5,)), ((1,), (4,)))": 3.6331763799360887e-20,
    "(((1,), (5,)), ((1,), (5,)))": -0.0013695274911647705,
    "(((1,), (5,)), ((1,), (6,)))": -2.522286964140591e-20,
    "(((1,), (5,)), ((2,), (0,)))": 6.94452012328911e-05,
    "(((1,), (5,)), ((2,), (1,)))": -0.002375623152286995,
    "(((1,), (5,)), ((2,), (2,)))": -8.914549964085044e-18,
    "(((1,), (5,)), ((2,), (3,)))": -8.526988490962989e-19,
    "(((1,), (5,)), ((2,), (4,)))": -1.3645626705236225e-19,
    "(((1,), (5,)), ((2,), (5,)))": 1.3085638948815192e-17,
    "(((1,), (5,)), ((2,), (6,)))": -1.7375900492447872e-19,
    "(((1,), (6,)), ((0,), (0,)))": 1.963417330426791e-18,
    "(((1,), (6,)), ((0,), (1,)))": -7.678553349320991e-19,
    "(((1,), (6,)), ((0,), (2,)))": 2.9530891443503145e-17,
    "(((1,), (6,)), ((0,), (3,)))": 0.001647775773525553,
    "(((1,), (6,)), ((0,), (4,)))": 1.2371776507230649e-18,
    "(((1,), (6,)), ((0,), (5,)))": -8.744310002609616e-20,
    "(((1,), (6,)), ((0,), (6,)))": 1.5090552734711475e-17,
    "(((1,), (6,)), ((1,), (0,)))": 1.642330197664989e-17,
    "(((1,), (6,)), ((1,), (1,)))": -3.1794665866864004e-18,
    "(((1,), (6,)), ((1,), (2,)))": 0.0012452579597735007,
    "(((1,), (6,)), ((1,), (3,)))": -5.017572821603509e-17,
    "(((1,), (6,)), ((1,), (4,)))": 7.448700783316447e-19,
    "(((1,), (6,)), ((1,), (5,)))": -2.5222869641402418e-20,
    "(((1,), (6,)), ((1,), (6,)))": -0.0026118992643835975,
    "(((1,), (6,)), ((2,), (0,)))": 3.5131891164178135e-18,
    "(((1,), (6,)), ((2,), (1,)))": -1.0280262452627265e-18,
    "(((1,), (6,)), ((2,), (2,)))": -3.714777844978273e-17,
    "(((1,), (6,)), ((2,), (3,)))": 0.0036496932417786733,
    "(((1,), (6,)), ((2,), (4,)))": 2.703669882140317e-18,
    "(((1,), (6,)), ((2,), (5,)))": -7.573500701257832e-19,
    "(((1,), (6,)), ((2,), (6,)))": -3.367546773019887e-18,
    "(((2,), (0,)), ((0,), (0,)))": -0.003241291498900063,
    "(((2,), (0,)), ((0,), (1,)))": -1.8315136632925537e-10,
    "(((2,), (0,)), ((0,), (2,)))": 4.968095982084795e-17,
    "(((2,), (0,)), ((0,), (3,)))": -9.613950603391853e-19,
    "(((2,), (0,)), ((0,), (4,)))": 2.1317677747687453e-18,
    "(((2,), (0,)), ((0,), (5,)))": -1.450233443576634e-19,
    "(((2,), (0,)), ((0,), (6,)))": 1.7008541785980087e-17,
    "(((2,), (0,)), ((1,), (0,)))": 1.8404244391955007e-17,
    "(((2,), (0,)), ((1,), (1,)))": 2.1617113402312266e-19,
    "(((2,), (0,)), ((1,), (2,)))": -3.577595816103635e-18,
    "(((2,), (0,)), ((1,), (3,)))": -4.465784261510055e-17,
    "(((2,), (0,)), ((1,), (4,)))": -0.0023756231522869993,
    "(((2,), (0,)), ((1,), (5,)))": 6.944520123289101e-05,
    "(((2,), (0,)), ((1,), (6,)))": 3.513189116417589e-18,
    "(((2,), (0,)), ((2,), (0,)))": -0.2910201630373898,
    "(((2,), (0,)), ((2,), (1,)))": 3.537320229818311e-17,
    "(((2,), (0,)), ((2,), (2,)))": 1.990686163634916e-15,
    "(((2,), (0,)), ((2,), (3,)))": 2.4545837356617287e-16,
    "(((2,), (0,)), ((2,), (4,)))": -4.464454871204347e-16,
    "(((2,), (0,)), ((2,), (5,)))": 1.4239654296908516e-17,
    "(((2,), (0,)), ((2,), (6,)))": -3.976265539354647e-17,
    "(((2,), (1,)), ((0,), (0,)))": 1.8315136621641258e-10,
    "(((2,), (1,)), ((0,), (1,)))": -0.0032412914989000596,
    "(((2,), (1,)), ((0,), (2,)))": -8.917260501571526e-18,
    "(((2,), (1,)), ((0,), (3,)))": 1.1433286827440166e-18,
    "(((2,), (1,)), ((0,), (4,)))": -1.1544057348281986e-19,
    "(((2,), (1,)), ((0,), (5,)))": -2.591116903146796e-19,
    "(((2,), (1,)), ((0,), (6,)))": -2.64283345729047e-18,
    "(((2,), (1,)), ((1,), (0,)))": 1.9398351027750897e-19,
    "(((2,), (1,)), ((1,), (1,)))": 1.4312567347028313e-17,
    "(((2,), (1,)), ((1,), (2,)))": 6.894025144357774e-19,
    "(((2,), (1,)), ((1,), (3,)))": 8.96808010691477e-18,
    "(((2,), (1,)), ((1,), (4,)))": -6.944520123289123e-05,
    "(((2,), (1,)), ((1,), (5,)))": -0.0023756231522869924,
    "(((2,), (1,)), ((1,), (6,)))": -1.0280262452630888e-18,
    "(((2,), (1,)), ((2,), (0,)))": 3.540681756738765e-17,
    "(((2,), (1,)), ((2,), (1,)))": -0.29102016303739076,
    "(((2,), (1,)), ((2,), (2,)))": -2.695972325488227e-16,
    "(((2,), (1,)), ((2,), (3,)))": -8.066087255600004e-17,
    "(((2,), (1,)), ((2,), (4,)))": -4.501692933728342e-17,
    "(((2,), (1,)), ((2,), (5,)))": -1.2478796891700074e-16,
    "(((2,), (1,)), ((2,), (6,)))": 6.704340742329792e-18,
    "(((2,), (2,)), ((0,), (0,)))": 4.915682360711892e-17,
    "(((2,), (2,)), ((0,), (1,)))": -8.708989026321099e-18,
    "(((2,), (2,)), ((0,), (2,)))": 0.000526327043146112,
    "(((2,), (2,)), ((0,), (3,)))": -4.588334083232406e-17,
    "(((2,), (2,)), ((0,), (4,)))": 2.4621739391340805e-18,
    "(((2,), (2,)), ((0,), (5,)))": -1.8234022350051107e-18,
    "(((2,), (2,)), ((0,), (6,)))": 0.0012742796359214463,
    "(((2,), (2,)), ((1,), (0,)))": -4.462906330208194e-18,
    "(((2,), (2,)), ((1,), (1,)))": 2.9370499508580768e-18,
    "(((2,), (2,)), ((1,), (2,)))": -7.670682015192185e-18,
    "(((2,), (2,)), ((1,), (3,)))": -0.0034509934651826626,
    "(((2,), (2,)), ((1,), (4,)))": 2.9635486181643186e-17,
    "(((2,), (2,)), ((1,), (5,)))": -8.914549964085044e-18,
    "(((2,), (2,)), ((1,), (6,)))": -4.050633179680432e-18,
    "(((2,), (2,)), ((2,), (0,)))": 1.9906861636349163e-15,
    "(((2,), (2,)), ((2,), (1,)))": -2.6959723254882274e-16,
    "(((2,), (2,)), ((2,), (2,)))": -0.14311181801518189,
    "(((2,), (2,)), ((2,), (3,)))": 1.8116204085514287e-16,
    "(((2,), (2,)), ((2,), (4,)))": -6.778868003926795e-17,
    "(((2,), (2,)), ((2,), (5,)))": 4.7662613352941135e-17,
    "(((2,), (2,)), ((2,), (6,)))": -0.0038176509899963116,
    "(((2,), (3,)), ((0,), (0,)))": -1.1451967105113662e-18,
    "(((2,), (3,)), ((0,), (1,)))": 1.163291276207392e-18,
    "(((2,), (3,)), ((0,), (2,)))": -3.3464088575303205e-17,
    "(((2,), (3,)), ((0,), (3,)))": -0.003932944219372689,
    "(((2,), (3,)), ((0,), (4,)))": -1.1617468386617705e-18,
    "(((2,), (3,)), ((0,), (5,)))": -1.2951559052595707e-19,
    "(((2,), (3,)), ((0,), (6,)))": 2.3247731739855786e-19,
    "(((2,), (3,)), ((1,), (0,)))": -3.308043778172763e-17,
    "(((2,), (3,)), ((1,), (1,)))": 7.064952692563711e-18,
    "(((2,), (3,)), ((1,), (2,)))": -0.0025772378989109496,
    "(((2,), (3,)), ((1,), (3,)))": 4.347075921212976e-17,
    "(((2,), (3,)), ((1,), (4,)))": 3.45710636868578e-19,
    "(((2,), (3,)), ((1,), (5,)))": -8.526988490963001e-19,
    "(((2,), (3,)), ((1,), (6,)))": 0.0036496932417786412,
    "(((2,), (3,)), ((2,), (0,)))": 2.454583735661726e-16,
    "(((2,), (3,)), ((2,), (1,)))": -8.066087255600009e-17,
    "(((2,), (3,)), ((2,), (2,)))": 1.7285628621846996e-16,
    "(((2,), (3,)), ((2,), (3,)))": -0.051197636635546453,
    "(((2,), (3,)), ((2,), (4,)))": -4.858478664470143e-17,
    "(((2,), (3,)), ((2,), (5,)))": 1.6822750372171715e-18,
    "(((2,), (3,)), ((2,), (6,)))": -1.0419139566497308e-16,
    "(((2,), (4,)), ((0,), (0,)))": -2.8400151006184958e-18,
    "(((2,), (4,)), ((0,), (1,)))": -5.736018390977612e-20,
    "(((2,), (4,)), ((0,), (2,)))": 1.2662566453882632e-18,
    "(((2,), (4,)), ((0,), (3,)))": -1.0577940746278977e-18,
    "(((2,), (4,)), ((0,), (4,)))": -0.002452948775085284,
    "(((2,), (4,)), ((0,), (5,)))": -1.6580331497997798e-10,
    "(((2,), (4,)), ((0,), (6,)))": 2.7157857973299613e-19,
    "(((2,), (4,)), ((1,), (0,)))": -0.0015566668390438138,
    "(((2,), (4,)), ((1,), (1,)))": -4.550477344932072e-05,
    "(((2,), (4,)), ((1,), (2,)))": 1.922407781688884e-17,
    "(((2,), (4,)), ((1,), (3,)))": 6.491137321450992e-19,
    "(((2,), (4,)), ((1,), (4,)))": 7.802959703630932e-18,
    "(((2,), (4,)), ((1,), (5,)))": -4.446306618855067e-20,
    "(((2,), (4,)), ((1,), (6,)))": 2.703669882140284e-18,
    "(((2,), (4,)), ((2,), (0,)))": -4.260497275215457e-16,
    "(((2,), (4,)), ((2,), (1,)))": -4.5138200533485734e-17,
    "(((2,), (4,)), ((2,), (2,)))": -6.77886800392679e-17,
    "(((2,), (4,)), ((2,), (3,)))": -4.8584786644701463e-17,
    "(((2,), (4,)), ((2,), (4,)))": 0.008581337763265574,
    "(((2,), (4,)), ((2,), (5,)))": -1.1688158990682322e-18,
    "(((2,), (4,)), ((2,), (6,)))": -2.9410981953978725e-18,
    "(((2,), (5,)), ((0,), (0,)))": -1.4261744188458133e-20,
    "(((2,), (5,)), ((0,), (1,)))": 1.3315472947275473e-18,
    "(((2,), (5,)), ((0,), (2,)))": -1.0994204782401125e-18,
    "(((2,), (5,)), ((0,), (3,)))": 2.455323977614444e-19,
    "(((2,), (5,)), ((0,), (4,)))": 1.658033148630915e-10,
    "(((2,), (5,)), ((0,), (5,)))": -0.002452948775085284,
    "(((2,), (5,)), ((0,), (6,)))": -8.391704561177337e-19,
    "(((2,), (5,)), ((1,), (0,)))": 4.5504773449320666e-05,
    "(((2,), (5,)), ((1,), (1,)))": -0.0015566668390438148,
    "(((2,), (5,)), ((1,), (2,)))": -4.97323915918691e-18,
    "(((2,), (5,)), ((1,), (3,)))": 7.592392873521435e-19,
    "(((2,), (5,)), ((1,), (4,)))": -1.630272575286402e-19,
    "(((2,), (5,)), ((1,), (5,)))": 1.2415924328027107e-17,
    "(((2,), (5,)), ((1,), (6,)))": -7.573500701257874e-19,
    "(((2,), (5,)), ((2,), (0,)))": 1.3130889074487392e-17,
    "(((2,), (5,)), ((2,), (1,)))": -1.2589736169853023e-16,
    "(((2,), (5,)), ((2,), (2,)))": 4.766261335294108e-17,
    "(((2,), (5,)), ((2,), (3,)))": 1.6822750372171661e-18,
    "(((2,), (5,)), ((2,), (4,)))": -6.842041732521098e-19,
    "(((2,), (5,)), ((2,), (5,)))": 0.008581337763265685,
    "(((2,), (5,)), ((2,), (6,)))": 6.7214248606096944e-18,
    "(((2,), (6,)), ((0,), (0,)))": -2.3747117681811625e-18,
    "(((2,), (6,)), ((0,), (1,)))": 1.0525991367381608e-18,
    "(((2,), (6,)), ((0,), (2,)))": -0.00019259847169961664,
    "(((2,), (6,)), ((0,), (3,)))": 1.0905048704287078e-17,
    "(((2,), (6,)), ((0,), (4,)))": 1.3390954246389074e-19,
    "(((2,), (6,)), ((0,), (5,)))": -1.8717376317852083e-19,
    "(((2,), (6,)), ((0,), (6,)))": -0.0011187730464364124,
    "(((2,), (6,)), ((1,), (0,)))": 8.765236425863817e-19,
    "(((2,), (6,)), ((1,), (1,)))": -1.504733803378714e-19,
    "(((2,), (6,)), ((1,), (2,)))": 6.678016629225879e-17,
    "(((2,), (6,)), ((1,), (3,)))": 0.0009986196000161909,
    "(((2,), (6,)), ((1,), (4,)))": 9.415456267883941e-19,
    "(((2,), (6,)), ((1,), (5,)))": -1.737590049244716e-19,
    "(((2,), (6,)), ((1,), (6,)))": 1.6523093112498932e-16,
    "(((2,), (6,)), ((2,), (0,)))": -3.976265539354317e-17,
    "(((2,), (6,)), ((2,), (1,)))": 6.704340742329156e-18,
    "(((2,), (6,)), ((2,), (2,)))": -0.003817650989996253,
    "(((2,), (6,)), ((2,), (3,)))": -2.973583257109385e-16,
    "(((2,), (6,)), ((2,), (4,)))": -2.941098195397529e-18,
    "(((2,), (6,)), ((2,), (5,)))": 6.721424860609593e-18,
    "(((2,), (6,)), ((2,), (6,)))": 9.120292132982783e-05
  },
  "red": [
    [
      0.9999237129954617,
      -9.154118576747281e-20,
      0.0019962902710089466,
      3.776847824203479e-17,
      -8.548011167823509e-17,
      -5.701646569589085e-17,
      -1.7097722783955167e-06,
      -3.010984528703032e-17,
      1.2586336157536495e-17,
      4.6245581882648894e-17,
      0.0,
      0.0,
      0.0,
      0.0,
      0.0,
      0.0,
      0.0,
      0.0,
      0.0,
      0.0
    ],
    [
      -9.154118576747281e-20,
      0.9999226648645322,
      -1.1683813551010589e-17,
      2.3328746313330172e-17,
      -8.317504027666388e-17,
      -0.0009404546455270983,
      1.0955826746733772e-16,
      -3.3360772646626936e-17,
      1.0023900548331116e-17,
      0.00023985680087889422,
      0.0,
      0.0,
      0.0,
      0.0,
      0.0,
      0.0,
      0.0,
      0.0,
      0.0,
      0.0
    ],
    [
      0.0019962902710089466,
      -1.1683813551010589e-17,
      0.8071191105857853,
      6.126111907295707e-16,
      1.0440830632208957e-16,
      1.874770627264769e-15,
      0.008950208227518578,
      -1.4721594737874278e-16,
      5.2106223776586775e-17,
      -2.5996899270992293e-16,
      0.0,
      0.0,
      0.0,
      0.0,
      0.0,
      0.0,
      0.0,
      0.0,
      0.0,
      0.0
    ],
    [
      3.776847824203479e-17,
      2.3328746313330172e-17,
      6.126111907295707e-16,
      0.0847259457409131,
      -2.059722697734563e-17,
      -8.64175014319263e-16,
      -7.332510433792382e-17,
      1.2005366692411022e-16,
      -3.6946863953579396e-18,
      3.696516897015078e-18,
      0.0,
      0.0,
      0.0,
      0.0,
      0.0,
      0.0,
      0.0,
      0.0,
      0.0,
      0.0
    ],
    [
      -8.548011167823509e-17,
      -8.317504027666388e-17,
      1.0440830632208957e-16,
      -2.059722697734563e-17,
      0.08472594574091366,
      1.1712498431003534e-16,
      2.9387568330652545e-17,
      1.2747002119528225e-17,
      3.5444454976495244e-17,
      -8.912808630790234e-19,
      0.0,
      0.0,
      0.0,
      0.0,
      0.0,
      0.0,
      0.0,
      0.0,
      0.0,
      0.0
    ],
    [
      -5.701646569589085e-17,
      -0.0009404546455270983,
      1.874770627264769e-15,
      -8.64175014319263e-16,
      1.1712498431003534e-16,
      0.020523662383656036,
      -7.420862443433848e-18,
      9.173378848897865e-18,
      -6.448954043994072e-18,
      0.0005251039728136992,
      0.0,
      0.0,
      0.0,
      0.0,
      0.0,
      0.0,
      0.0,
      0.0,
      0.0,
      0.0
    ],
    [
      -1.7097722783955167e-06,
      1.0955826746733772e-16,
      0.008950208227518578,
      -7.332510433792382e-17,
      2.9387568330652545e-17,
      -7.420862443433848e-18,
      0.0028091912376904484,
      3.948259099041501e-19,
      5.364473971051998e-19,
      1.2541859865641408e-17,
      0.0,
      0.0,
      0.0,
      0.0,
      0.0,
      0.0,
      0.0,
      0.0,
      0.0,
      0.0
    ],
    [
      -3.010984528703032e-17,
      -3.3360772646626936e-17,
      -1.4721594737874278e-16,
      1.2005366692411022e-16,
      1.2747002119528225e-17,
      9.173378848897865e-18,
      3.948259099041501e-19,
      9.899433593266547e-05,
      -1.4922381099431336e-20,
      2.1352416287526922e-19,
      0.0,
      0.0,
      0.0,
      0.0,
      0.0,
      0.0,
      0.0,
      0.0,
      0.0,
      0.0
    ],
    [
      1.2586336157536495e-17,
      1.0023900548331116e-17,
      5.2106223776586775e-17,
      -3.6946863953579396e-18,
      3.5444454976495244e-17,
      -6.448954043994072e-18,
      5.364473971051998e-19,
      -1.4922381099431336e-20,
      9.899433593266737e-05,
      -1.188976594215681e-19,
      0.0,
      0.0,
      0.0,
      0.0,
      0.0,
      0.0,
      0.0,
      0.0,
      0.0,
      0.0
    ],
    [
      4.6245581882648894e-17,
      0.00023985680087889422,
      -2.5996899270992293e-16,
      3.696516897015078e-18,
      -8.912808630790234e-19,
      0.0005251039728136992,
      1.2541859865641408e-17,
      2.1352416287526922e-19,
      -1.188976594215681e-19,
      5.177777918209311e-05,
      0.0,
      0.0,
      0.0,
      0.0,
      0.0,
      0.0,
      0.0,
      0.0,
      0.0,
      0.0
    ],
    [
      0.0,
      0.0,
      0.0,
      0.0,
      0.0,
      0.0,
      0.0,
      0.0,
      0.0,
      0.0,
      0.9999237129954617,
      -2.5721300946104835e-19,
      0.0019962902710089474,
      3.776847824203479e-17,
      -8.548011167823509e-17,
      -5.698049317326128e-17,
      -1.7097722783955167e-06,
      -3.010984528703032e-17,
      1.2586336157536495e-17,
      4.6120554499505877e-17
    ],
    [
      0.0,
      0.0,
      0.0,
      0.0,
      0.0,
      0.0,
      0.0,
      0.0,
      0.0,
      0.0,
      -2.5721300946104835e-19,
      0.9999226648645322,
      -1.1847537708130509e-17,
      2.3328746313330172e-17,
      -8.317504027666388e-17,
      -0.0009404546455270983,
      1.0953756094217327e-16,
      -3.3360772646626936e-17,
      1.0023900548331116e-17,
      0.0002398568008788939
    ],
    [
      0.0,
      0.0,
      0.0,
      0.0,
      0.0,
      0.0,
      0.0,
      0.0,
      0.0,
      0.0,
      0.0019962902710089474,
      -1.1847537708130509e-17,
      0.8071191105857853,
      6.126111907295707e-16,
      1.0440830632208957e-16,
      1.8746790332562885e-15,
      0.008950208227518578,
      -1.472159473787428e-16,
      5.2106223776586775e-17,
      -2.5792866882675565e-16
    ],
    [
      0.0,
      0.0,
      0.0,
      0.0,
      0.0,
      0.0,
      0.0,
      0.0,
      0.0,
      0.0,
      3.776847824203479e-17,
      2.3328746313330172e-17,
      6.126111907295707e-16,
      0.08472594574091309,
      -2.0597458997060435e-17,
      -8.641750143192629e-16,
      -7.332510433792386e-17,
      1.2615297072875108e-16,
      -4.02701916675153e-18,
      3.69651689701597e-18
    ],
    [
      0.0,
      0.0,
      0.0,
      0.0,
      0.0,
      0.0,
      0.0,
      0.0,
      0.0,
      0.0,
      -8.548011167823509e-17,
      -8.317504027666388e-17,
      1.0440830632208957e-16,
      -2.0597458997060435e-17,
      0.08472594574091365,
      1.1712498431003534e-16,
      2.938756833065253e-17,
      1.2711155081986987e-17,
      3.510912067481511e-17,
      -8.912808630792083e-19
    ],
    [
      0.0,
      0.0,
      0.0,
      0.0,
      0.0,
      0.0,
      0.0,
      0.0,
      0.0,
      0.0,
      -5.698049317326128e-17,
      -0.0009404546455270983,
      1.8746790332562885e-15,
      -8.641750143192629e-16,
      1.1712498431003534e-16,
      0.020523662383656036,
      -7.592368460792982e-18,
      9.173378848897831e-18,
      -6.448954043994077e-18,
      0.0005251039728137077
    ],
    [
      0.0,
      0.0,
      0.0,
      0.0,
      0.0,
      0.0,
      0.0,
      0.0,
      0.0,
      0.0,
      -1.7097722783955167e-06,
      1.0953756094217327e-16,
      0.008950208227518578,
      -7.332510433792386e-17,
      2.938756833065253e-17,
      -7.592368460792982e-18,
      0.0028091912376904484,
      3.948259099041441e-19,
      5.364473971051989e-19,
      2.22931569859999e-18
    ],
    [
      0.0,
      0.0,
      0.0,
      0.0,
      0.0,
      0.0,
      0.0,
      0.0,
      0.0,
      0.0,
      -3.010984528703032e-17,
      -3.3360772646626936e-17,
      -1.472159473787428e-16,
      1.2615297072875108e-16,
      1.2711155081986987e-17,
      9.173378848897831e-18,
      3.948259099041441e-19,
      9.899433593266547e-05,
      -1.524446271455295e-20,
      2.1352416287526361e-19
    ],
    [
      0.0,
      0.0,
      0.0,
      0.0,
      0.0,
      0.0,
      0.0,
      0.0,
      0.0,
      0.0,
      1.2586336157536495e-17,
      1.0023900548331116e-17,
      5.2106223776586775e-17,
      -4.02701916675153e-18,
      3.510912067481511e-17,
      -6.448954043994077e-18,
      5.364473971051989e-19,
      -1.524446271455295e-20,
      9.899433593266735e-05,
      -1.1889765942156872e-19
    ],
    [
      0.0,
      0.0,
      0.0,
      0.0,
      0.0,
      0.0,
      0.0,
      0.0,
      0.0,
      0.0,
      4.6120554499505877e-17,
      0.0002398568008788939,
      -2.5792866882675565e-16,
      3.69651689701597e-18,
      -8.912808630792083e-19,
      0.0005251039728137077,
      2.22931569859999e-18,
      2.1352416287526361e-19,
      -1.1889765942156872e-19,
      5.177777918209333e-05
    ]
  ],
  "CSRM": [
    [
      1.0003416373359106,
      1.7135051266428912e-05,
      0.00018361126534254893,
      8.955214947926147e-05,
      8.955214947926498e-05,
      -0.0009837519716263184,
      -0.0019924606676101466,
      -0.001081791383277959,
      -0.0010817913832779594,
      -0.0020269786661242244
    ],
    [
      1.7135051266428912e-05,
      1.0003421901861824,
      -2.8453766208819546e-05,
      0.0004150846080386496,
      0.0004150846080386528,
      -0.0011522580466187381,
      -0.0015824593590581366,
      -0.0012307804058349792,
      -0.0012307804058349794,
      -0.0023472872632035132
    ],
    [
      0.00018361126534254893,
      -2.8453766208819546e-05,
      0.8072925886035794,
      -0.26153685609092087,
      -0.2615368560909217,
      -0.12861313306438446,
      -0.046010794527751794,
      0.0077119608354092786,
      0.007711960835409378,
      8.19631363750084e-05
    ],
    [
      8.955214947926147e-05,
      0.0004150846080386496,
      -0.26153685609092087,
      0.08475645229662426,
      0.08475645229662454,
      0.041665194889052015,
      0.014931489966412463,
      -0.00248343812865052,
      -0.002483438128650552,
      -2.073087121725425e-05
    ],
    [
      8.955214947926498e-05,
      0.0004150846080386528,
      -0.2615368560909217,
      0.08475645229662454,
      0.08475645229662482,
      0.041665194889052154,
      0.014931489966412512,
      -0.0024834381286505283,
      -0.0024834381286505604,
      -2.0730871217254358e-05
    ],
    [
      -0.0009837519716263184,
      -0.0011522580466187381,
      -0.12861313306438446,
      0.041665194889052015,
      0.041665194889052154,
      0.020494661049819233,
      0.007331205992149901,
      -0.0012282149405321442,
      -0.00122821494053216,
      -8.416293993301983e-06
    ],
    [
      -0.0019924606676101466,
      -0.0015824593590581366,
      -0.046010794527751794,
      0.014931489966412463,
      0.014931489966412512,
      0.007331205992149901,
      0.0026614841016308764,
      -0.0004151773673654976,
      -0.0004151773673655033,
      1.3737389846396627e-05
    ],
    [
      -0.001081791383277959,
      -0.0012307804058349792,
      0.0077119608354092786,
      -0.00248343812865052,
      -0.0024834381286505283,
      -0.0012282149405321442,
      -0.0004151773673654976,
      8.904250551118644e-05,
      8.904250551118739e-05,
      1.2569617187839909e-05
    ],
    [
      -0.0010817913832779594,
      -0.0012307804058349794,
      0.007711960835409378,
      -0.002483438128650552,
      -0.0024834381286505604,
      -0.00122821494053216,
      -0.0004151773673655033,
      8.904250551118739e-05,
      8.904250551118835e-05,
      1.256961718783992e-05
    ],
    [
      -0.0020269786661242244,
      -0.0023472872632035132,
