{
  "E": -14.956477994667635,
  "sol": {
    "(((), ()), ((), ()))": 0.9872302040117736,
    "(((0,), (0,)), ((), ()))": 3.225086008617326e-15,
    "(((1,), (0,)), ((), ()))": 2.235453979567786e-12,
    "(((2,), (0,)), ((), ()))": -2.635032263096882e-13,
    "(((0,), (1,)), ((), ()))": -9.28854100831192e-16,
    "(((1,), (1,)), ((), ()))": -6.449109756338739e-13,
    "(((2,), (1,)), ((), ()))": 7.559696289307301e-14,
    "(((0,), (2,)), ((), ()))": -0.0001818836732215565,
    "(((1,), (2,)), ((), ()))": -0.0049897500774054105,
    "(((2,), (2,)), ((), ()))": -0.009185236870448647,
    "(((), ()), ((0,), (0,)))": 0.000156864280838156,
    "(((), ()), ((1,), (0,)))": 0.04038119102526714,
    "(((), ()), ((0,), (1,)))": 5.175421169476449e-16,
    "(((), ()), ((1,), (1,)))": -2.9003823739659652e-12,
    "(((), ()), ((0,), (2,)))": 3.422822710799582e-16,
    "(((), ()), ((1,), (2,)))": -1.910856830193644e-12,
    "(((), ()), ((0,), (3,)))": -0.0002517468886873469,
    "(((), ()), ((1,), (3,)))": -0.0003893065563521763,
    "(((0,), (0,)), ((0,), (0,)))": -3.1467594139544655e-14,
    "(((0,), (0,)), ((1,), (0,)))": 1.5905597339780838e-14,
    "(((0,), (0,)), ((0,), (1,)))": -0.0009678670663363708,
    "(((0,), (0,)), ((1,), (1,)))": -0.0015867691872224075,
    "(((0,), (0,)), ((0,), (2,)))": -0.0011322633308405944,
    "(((0,), (0,)), ((1,), (2,)))": -0.0018562885624374506,
    "(((0,), (0,)), ((0,), (3,)))": -6.38711448921567e-16,
    "(((0,), (0,)), ((1,), (3,)))": 3.817734416967694e-14,
    "(((1,), (0,)), ((0,), (0,)))": 3.2968350270794294e-14,
    "(((1,), (0,)), ((1,), (0,)))": 4.209413090880306e-12,
    "(((1,), (0,)), ((0,), (1,)))": -0.0017926402674245875,
    "(((1,), (0,)), ((1,), (1,)))": -0.028822422652340342,
    "(((1,), (0,)), ((0,), (2,)))": -0.002097127705645936,
    "(((1,), (0,)), ((1,), (2,)))": -0.03371803154631419,
    "(((1,), (0,)), ((0,), (3,)))": -1.295765385125912e-15,
    "(((1,), (0,)), ((1,), (3,)))": 1.0891241658369392e-12,
    "(((2,), (0,)), ((0,), (0,)))": -3.3764322396878866e-14,
    "(((2,), (0,)), ((1,), (0,)))": 2.417831269461475e-10,
    "(((2,), (0,)), ((0,), (1,)))": -0.0019614700842138046,
    "(((2,), (0,)), ((1,), (1,)))": -0.04191654931468734,
    "(((2,), (0,)), ((0,), (2,)))": -0.00229463397210297,
    "(((2,), (0,)), ((1,), (2,)))": -0.049036250319020744,
    "(((2,), (0,)), ((0,), (3,)))": -4.846160717917e-14,
    "(((2,), (0,)), ((1,), (3,)))": 9.76420327205925e-13,
    "(((0,), (1,)), ((0,), (0,)))": 9.080286276374887e-15,
    "(((0,), (1,)), ((1,), (0,)))": -4.590756471574051e-15,
    "(((0,), (1,)), ((0,), (1,)))": 0.0011322633308392099,
    "(((0,), (1,)), ((1,), (1,)))": 0.0018562885624360441,
    "(((0,), (1,)), ((0,), (2,)))": -0.0009678670663369831,
    "(((0,), (1,)), ((1,), (2,)))": -0.0015867691872230292,
    "(((0,), (1,)), ((0,), (3,)))": 1.8428644603365623e-16,
    "(((0,), (1,)), ((1,), (3,)))": -1.1017585465995082e-14,
    "(((1,), (1,)), ((0,), (0,)))": -9.515295295857084e-15,
    "(((1,), (1,)), ((1,), (0,)))": -1.2147930148515804e-12,
    "(((1,), (1,)), ((0,), (1,)))": 0.0020971277056477475,
    "(((1,), (1,)), ((1,), (1,)))": 0.03371803154651953,
    "(((1,), (1,)), ((0,), (2,)))": -0.0017926402674237894,
    "(((1,), (1,)), ((1,), (2,)))": -0.028822422652249664,
    "(((1,), (1,)), ((0,), (3,)))": 3.7347508338517447e-16,
    "(((1,), (1,)), ((1,), (3,)))": -3.1429185593714415e-13,
    "(((2,), (1,)), ((0,), (0,)))": 9.742274400804902e-15,
    "(((2,), (1,)), ((1,), (0,)))": -6.9774998328182e-11,
    "(((2,), (1,)), ((0,), (1,)))": 0.0022946339721001885,
    "(((2,), (1,)), ((1,), (1,)))": 0.04903625030822682,
    "(((2,), (1,)), ((0,), (2,)))": -0.001961470084215035,
    "(((2,), (1,)), ((1,), (2,)))": -0.041916549319454946,
    "(((2,), (1,)), ((0,), (3,)))": 1.3985142979725616e-14,
    "(((2,), (1,)), ((1,), (3,)))": -2.8179932369261906e-13,
    "(((0,), (2,)), ((0,), (0,)))": 0.0005210591020757716,
    "(((0,), (2,)), ((1,), (0,)))": -0.0012943054604798146,
    "(((0,), (2,)), ((0,), (1,)))": 3.2924197136871177e-16,
    "(((0,), (2,)), ((1,), (1,)))": 6.338427839845923e-16,
    "(((0,), (2,)), ((0,), (2,)))": 2.1702921627500565e-16,
    "(((0,), (2,)), ((1,), (2,)))": 4.184855559661539e-16,
    "(((0,), (2,)), ((0,), (3,)))": -0.0016487390059377347,
    "(((0,), (2,)), ((1,), (3,)))": -0.0003999900862702849,
    "(((1,), (2,)), ((0,), (0,)))": -0.0012958718386188635,
    "(((1,), (2,)), ((1,), (0,)))": 0.04670781721223623,
    "(((1,), (2,)), ((0,), (1,)))": -1.5177491124334364e-16,
    "(((1,), (2,)), ((1,), (1,)))": -2.4546610708193982e-14,
    "(((1,), (2,)), ((0,), (2,)))": -9.88566378769087e-17,
    "(((1,), (2,)), ((1,), (2,)))": -1.619240884903862e-14,
    "(((1,), (2,)), ((0,), (3,)))": -0.00032519664083691243,
    "(((1,), (2,)), ((1,), (3,)))": -0.07856026809125258,
    "(((2,), (2,)), ((0,), (0,)))": -0.0010487540150642247,
    "(((2,), (2,)), ((1,), (0,)))": -0.041195232686988034,
    "(((2,), (2,)), ((0,), (1,)))": 6.02817143073285e-16,
    "(((2,), (2,)), ((1,), (1,)))": 1.0502074835179057e-12,
    "(((2,), (2,)), ((0,), (2,)))": 3.9754437416115036e-16,
    "(((2,), (2,)), ((1,), (2,)))": 6.919299726609906e-13,
    "(((2,), (2,)), ((0,), (3,)))": -0.0013397524779247517,
    "(((2,), (2,)), ((1,), (3,)))": 0.03561264500169137
  },
  "red": [
    [
      0.9999787769954362,
      0.0001966065728293455,
      0.00036647537913979205,
      1.1955001908612103e-14,
      -3.4483090380798384e-15,
      -0.00023117413396498597,
      0.0,
      0.0,
      0.0,
      0.0,
      0.0,
      0.0
    ],
    [
      0.0001966065728293455,
      0.9876694829694685,
      0.0010654898117613324,
      2.5244950435777766e-12,
      -7.283288072338572e-13,
      -0.0030094520964170516,
      0.0,
      0.0,
      0.0,
      0.0,
      0.0,
      0.0
    ],
    [
      0.00036647537913979205,
      0.0010654898117613324,
      0.9886061015329561,
      9.718252599221655e-12,
      -2.804985068920385e-12,
      -0.0107451473619143,
      0.0,
      0.0,
      0.0,
      0.0,
      0.0,
      0.0
    ],
    [
      1.1955001908612103e-14,
      2.5244950435777766e-12,
      9.718252599221655e-12,
      0.006154095330636252,
      6.772624995540783e-13,
      -9.899917697539737e-12,
      0.0,
      0.0,
      0.0,
      0.0,
      0.0,
      0.0
    ],
    [
      -3.4483090380798384e-15,
      -7.283288072338572e-13,
      -2.804985068920385e-12,
      6.772624995540783e-13,
      0.006154095329985959,
      2.856969079545843e-12,
      0.0,
      0.0,
      0.0,
      0.0,
      0.0,
      0.0
    ],
    [
      -0.00023117413396498597,
      -0.0030094520964170516,
      -0.0107451473619143,
      -9.899917697539737e-12,
      2.856969079545843e-12,
      0.011437447841515593,
      0.0,
      0.0,
      0.0,
      0.0,
      0.0,
      0.0
    ],
    [
      0.0,
      0.0,
      0.0,
      0.0,
      0.0,
      0.0,
      0.9999543563143598,
      0.000608439465055013,
      0.0001708655154743221,
      -4.1675839992043035e-15,
      -2.7436158200577984e-15,
      -0.0002343036611071421
    ],
    [
      0.0,
      0.0,
      0.0,
      0.0,
      0.0,
      0.0,
      0.000608439465055013,
      0.9747784243074491,
      0.040011094734467005,
      -2.944300170298886e-12,
      -1.9397696878439954e-12,
      -0.00031937691736850886
    ],
    [
      0.0,
      0.0,
      0.0,
      0.0,
      0.0,
      0.0,
      0.0001708655154743221,
      0.040011094734467005,
      0.005514058509840258,
      -1.3880020093375704e-11,
      -9.144743656043874e-12,
      -0.00515072491909082
    ],
    [
      0.0,
      0.0,
      0.0,
      0.0,
      0.0,
      0.0,
      -4.1675839992043035e-15,
      -2.944300170298886e-12,
      -1.3880020093375704e-11,
      0.006154095329591498,
      2.1580046777397986e-13,
      -5.6228496240555784e-14
    ],
    [
      0.0,
      0.0,
      0.0,
      0.0,
      0.0,
      0.0,
      -2.7436158200577984e-15,
      -1.9397696878439954e-12,
      -9.144743656043874e-12,
      2.1580046777397986e-13,
      0.006154095331030712,
      -3.704309599903477e-14
    ],
    [
      0.0,
      0.0,
      0.0,
      0.0,
      0.0,
      0.0,
      -0.0002343036611071421,
      -0.00031937691736850886,
      -0.00515072491909082,
      -5.6228496240555784e-14,
      -3.704309599903477e-14,
      0.007444970207727716
    ]
  ],
  "CSRM": [
    [
      1.0247795055476356,
      0.000293115471819199,
      -4.90493883461997e-06,
      -0.0009792428184163737,
      -0.0009792428184169932,
      -0.001668117334665432
    ],
    [
      0.000293115471819199,
      0.9989493844543801,
      -0.0004396794636384901,
      -0.029161184808675696,
      -0.029161184808583953,
      -0.0794836202376661
    ],
    [
      -4.90493883461997e-06,
      -0.0004396794636384901,
      0.00391070026624294,
      -0.0017350014179876863,
      -0.00173500141818499,
      0.0014735881879511896
    ],
    [
      -0.0009792428184163737,
      -0.029161184808675696,
      -0.0017350014179876863,
      0.0026627861891183194,
      0.002662786189320449,
      0.0007962798564969287
    ],
    [
      -0.0009792428184169932,
      -0.029161184808583953,
      -0.00173500141818499,
      0.002662786189320449,
      0.0026627861895225785,
      0.0007962798563156263
    ],
    [
      -0.001668117334665432,
      -0.0794836202376661,
      0.0014735881879511896,
      0.0007962798564969287,
      0.0007962798563156263,
      0.007629686129190111
    ]
  ],
  "TPM": [
    [
      0.0,
      0.0,
      0.0,
      8.182430589019366e-06,
      8.182430589014167e-06,
      4.858143262283499e-06
    ],
    [
      0.0,
      0.0,
      0.0,
      0.0019752492026505605,
      0.001975249202659185,
      0.008380018553813453
    ],
    [
      0.0,
      0.0,
      0.0,
      0.004170663661757473,
      0.004170663661098561,
      0.0030525710782040487
    ],
    [
      8.182430589019366e-06,
      0.0019752492026505605,
      0.004170663661757473,
      0.0,
      0.0,
      0.0
    ],
    [
      8.182430589014167e-06,
      0.001975249202659185,
      0.004170663661098561,
      0.0,
      0.0,
      0.0
    ],
    [
      4.858143262283499e-06,
      0.008380018553813453,
      0.0030525710782040487,
      0.0,
      0.0,
      0.0
    ],
    [
      0.0,
      0.0,
      8.182430589019366e-06,
      8.182430589014167e-06,
      4.858143262283499e-06,
      0.0
    ],
    [
      0.0,
      0.0,
      0.0019752492026505605,
      0.001975249202659185,
      0.008380018553813453,
      0.0
    ],
    [
      8.182430589019366e-06,
      0.0019752492026505605,
      0.0,
      0.0,
      0.0,
      0.0
    ],
    [
      8.182430589014167e-06,
      0.001975249202659185,
      0.0,
      0.0,
      0.0,
      0.0
    ],
    [
      4.858143262283499e-06,
      0.008380018553813453,
      0.0,
      0.0,
      0.0,
      0.0
    ],
    [
      0.0,
      0.0,
      0.0,
      0.0,
      0.0,
      0.0
    ]
  ],
  "SRRM": [
    [
      1.1097844968169277,
      0.001270049502744252,
      0.0014131117777077813,
      0.00570066634573597,
      0.005700666345668951,
      0.004160920787445137
    ],
    [
      0.0012700495027442524,
      1.0836443263474511,
      0.024305168717800592,
      0.06831745953405036,
      0.06831745952863201,
      0.13562549367305188
    ],
    [
      0.001413111777707782,
      0.024305168717800585,
      1.0839215387870318,
      0.0979137240302709,
      0.09791372384620921,
      0.09089248269566899
    ],
    [
      0.00570066634573597,
      0.06831745953405033,
      0.09791372403027085,
      0.013508436819999685,
      0.013508436802609115,
      0.01719788986574125
    ],
    [
      0.005700666345668951,
      0.06831745952863201,
      0.09791372384620924,
      0.013508436802609117,
      0.013508436785218549,
      0.017197889849227876
    ],
    [
      0.004160920787445137,
      0.1356254936730519,
      0.09089248269566899,
      0.017197889865741247,
      0.01719788984922788,
      0.025219726302115816
    ],
    [
      1.0824415955660696,
      0.0040174875070983435,
      0.003027346265485211,
      0.010262263656566009,
      0.010262263656568864,
      0.003571093645608788
    ],
    [
      0.004017487507098344,
      1.0034084831510934,
      0.1297841982784218,
      0.15718538212527022,
      0.1571853821392035,
      0.11514466401227806
    ],
    [
      0.0030273462654852117,
      0.12978419827842178,
      0.016799735666573633,
      0.0203665483434689,
      0.0203665483452715,
      0.014907412852742831
    ],
    [
      0.010262263656566005,
      0.15718538212527028,
      0.020366548343468908,
      0.024733986599856605,
      0.02473398660203981,
      0.018078276727377034
    ],
    [
      0.010262263656568864,
      0.1571853821392035,
      0.020366548345271497,
      0.024733986602039824,
      0.024733986604223015,
      0.018078276728976293
    ],
    [
      0.003571093645608788,
      0.11514466401227806,
      0.014907412852742831,
      0.01807827672737704,
      0.018078276728976297,
      0.013229022071353846
    ]
  ],
  "SOPM": [
    [
      0.9999787769954362,
      0.9876482599649052,
      0.9885848785283928,
      0.006145912899999847,
      0.00614591289934956,
      0.011432589698225176,
      0.9999405607265541,
      0.9747709638090207,
      0.005512111780616101,
      0.006145912898955101,
      0.006145912900394304,
      0.0074420918753322325
    ],
    [
      0.9876482599649052,
      0.9876694829694685,
      0.9762755845024251,
      0.004178846116546756,
      0.004178846115887839,
      0.0030574292391723186,
      0.987640847328089,
      0.9747365186572098,
      0.003330759024642679,
      0.004178846115488148,
      0.004178846116946446,
      0.0012731486965611727
    ],
    [
      0.9885848785283928,
      0.9762755845024251,
      0.9886061015329561,
      0.001983431644725901,
      0.0019834316447345205,
      0.008384876745633693,
      0.9885815780890392,
      0.9746729354888715,
      0.003815911418886858,
      0.001983431644739747,
      0.0019834316447206743,
      0.006174914779654054
    ],
    [
      0.006145912899999847,
      0.004178846116546756,
      0.001983431644725901,
      0.006154095330636252,
      0.0,
      0.0,
      0.006135152329918711,
      1.894300071754094e-05,
      5.847680344321273e-20,
      0.0025982446961788194,
      0.003555850634457432,
      2.1433962403421184e-24
    ],
    [
      0.00614591289934956,
      0.004178846115887839,
      0.0019834316447345205,
      0.0,
      0.006154095329985959,
      0.0,
      0.006135152329268423,
      1.8943000717535787e-05,
      4.870026430949115e-21,
      0.0035558506334126792,
      0.0025982446965732804,
      1.785073754345884e-25
    ],
    [
      0.011432589698225176,
      0.0030574292391723186,
      0.008384876745633693,
      0.0,
      0.0,
      0.011437447841515593,
      0.011429778140210064,
      0.00011696896581029668,
      0.0038833933053751372,
      1.1035391975060987e-24,
      4.790296739911048e-25,
      0.007444755271635689
    ],
    [
      0.9999405607265541,
      0.987640847328089,
      0.9885815780890392,
      0.006135152329918711,
      0.006135152329268423,
      0.011429778140210064,
      0.9999543563143598,
      0.9747327806218093,
      0.005510983232025752,
      0.006135152328873966,
      0.006135152330313169,
      0.007440287801337618
    ],
    [
      0.9747709638090207,
      0.9747365186572098,
      0.9746729354888715,
      1.894300071754094e-05,
      1.8943000717535787e-05,
      0.00011696896581029668,
      0.9747327806218093,
      0.9747784243074491,
      3.075277814506997e-06,
      1.8943000717532636e-05,
      1.8943000717544088e-05,
      4.682406390097882e-06
    ],
    [
      0.005512111780616101,
      0.003330759024642679,
      0.003815911418886858,
      5.847680344321273e-20,
      4.870026430949115e-21,
      0.0038833933053751372,
      0.005510983232025752,
      3.075277814506997e-06,
      0.005514058509840258,
      0.0,
      0.0,
      0.0
    ],
    [
      0.006145912898955101,
      0.004178846115488148,
      0.001983431644739747,
      0.0025982446961788194,
      0.0035558506334126792,
      1.1035391975060987e-24,
      0.006135152328873966,
      1.8943000717532636e-05,
      0.0,
      0.006154095329591498,
      0.0,
      0.0
    ],
    [
      0.006145912900394304,
      0.004178846116946446,
      0.0019834316447206743,
      0.003555850634457432,
      0.0025982446965732804,
      4.790296739911048e-25,
      0.006135152330313169,
      1.8943000717544088e-05,
      0.0,
      0.0,
      0.006154095331030712,
      0.0
    ],
    [
      0.0074420918753322325,
      0.0012731486965611727,
      0.006174914779654054,
      2.1433962403421184e-24,
      1.785073754345884e-25,
      0.007444755271635689,
      0.007440287801337618,
      4.682406390097882e-06,
      0.0,
      0.0,
      0.0,
      0.007444970207727716
    ]
  ],
  "RSOPM": [
    [
      0.9991636754882716,
      0.5132610501460664,
      0.5501699176181938,
      0.2421889695168667,
      0.24218896949124114,
      0.45051844420417514,
      0.9976577057601037,
      0.005811768501138797,
      0.21721308025846375,
      0.24218896947569696,
      0.24218896953241084,
      0.2932668574487289
    ],
    [
      0.5132610501460664,
      0.5140973746577948,
      0.06510361678771709,
      0.16467373540813507,
      0.16467373538216945,
      0.12048261159150174,
      0.512968944009656,
      0.004454405330245685,
      0.13125358413186017,
      0.16467373536641902,
      0.1646737354238855,
      0.05017034505352331
    ],
    [
      0.5501699176181938,
      0.06510361678771709,
      0.5510062421299223,
      0.07816011615513163,
      0.0781601161554713,
      0.33041871754333085,
      0.5500398588264415,
      0.001948814660632578,
      0.15037174612544146,
      0.07816011615567728,
      0.07816011615492567,
      0.24333183233672617
    ],
    [
      0.2421889695168667,
      0.16467373540813507,
      0.07816011615513163,
      0.2425114105400667,
      0.0,
      0.0,
      0.2417649330194792,
      0.0007464775205874819,
      2.304366657482635e-18,
      0.10238775195141933,
      0.14012365858864737,
      8.446376236714922e-23
    ],
    [
      0.24218896949124114,
      0.16467373538216945,
      0.0781601161554713,
      0.0,
      0.24251141051444094,
      0.0,
      0.24176493299385368,
      0.0007464775205872789,
      1.919107384082029e-19,
      0.14012365854747727,
      0.10238775196696365,
      7.034352424302089e-24
    ],
    [
      0.45051844420417514,
      0.12048261159150174,
      0.33041871754333085,
      0.0,
      0.0,
      0.4507098866695039,
      0.4504076505190878,
      0.004609338556530806,
      0.15303097166533663,
      4.3486626871246207e-23,
      1.8876886965304887e-23,
      0.29337181259805245
    ],
    [
      0.9976577057601037,
      0.512968944009656,
      0.5500398588264415,
      0.2417649330194792,
      0.24176493299385368,
      0.4504076505190878,
      0.9982013417095406,
      0.004307102406114777,
      0.2171686080987385,
      0.24176493297830948,
      0.24176493303502342,
      0.29319576519135443
    ],
    [
      0.005811768501138797,
      0.004454405330245685,
      0.001948814660632578,
      0.0007464775205874819,
      0.0007464775205872789,
      0.004609338556530806,
      0.004307102406114777,
      0.006105760696574208,
      0.00012118596162883305,
      0.0007464775205871547,
      0.0007464775205876061,
      0.0001845172876558381
    ],
    [
      0.21721308025846375,
      0.13125358413186017,
      0.15037174612544146,
      2.304366657482635e-18,
      1.919107384082029e-19,
      0.15303097166533663,
      0.2171686080987385,
      0.00012118596162883305,
      0.2172897940603673,
      0.0,
      0.0,
      0.0
    ],
    [
      0.24218896947569696,
      0.16467373536641902,
      0.07816011615567728,
      0.10238775195141933,
      0.14012365854747727,
      4.3486626871246207e-23,
      0.24176493297830948,
      0.0007464775205871547,
      0.0,
      0.24251141049889663,
      0.0,
      0.0
    ],
    [
      0.24218896953241084,
      0.1646737354238855,
      0.07816011615492567,
      0.14012365858864737,
      0.10238775196696365,
      1.8876886965304887e-23,
      0.24176493303502342,
      0.0007464775205876061,
      0.0,
      0.0,
      0.242511410555611,
      0.0
    ],
    [
      0.2932668574487289,
      0.05017034505352331,
      0.24333183233672617,
      8.446376236714922e-23,
      7.034352424302089e-24,
      0.29337181259805245,
      0.29319576519135443,
      0.0001845172876558381,
      0.0,
      0.0,
      0.0,
      0.29338028247901027
    ]
  ],
  "RNCS": [
    6.138950854586455,
    0.21489065194205217,
    0.2292191030071582,
    0.12718718101813078,
    0.12718718101010257,
    0.1924863170720577,
    4.428211216991489,
    0.01865950766386186,
    0.11920531540886856,
    0.12718718100523277,
    0.12718718102300058,
    0.14291864180331829
  ]
}