{
  "E": -14.66726292269916,
  "sol": {
    "(((), ()), ((), ()))": 0.953687798897047,
    "(((0,), (0,)), ((), ()))": -1.3355079126388094e-15,
    "(((), ()), ((0,), (0,)))": -1.3355079126388094e-15,
    "(((0,), (1,)), ((), ()))": 2.362569018188726e-17,
    "(((), ()), ((0,), (1,)))": 2.362569018188726e-17,
    "(((0,), (2,)), ((), ()))": -3.050017526492362e-17,
    "(((), ()), ((0,), (2,)))": -3.050017526492362e-17,
    "(((0,), (3,)), ((), ()))": 0.00025623864799113216,
    "(((), ()), ((0,), (3,)))": 0.00025623864799113216,
    "(((0,), (4,)), ((), ()))": -1.74797906397065e-17,
    "(((), ()), ((0,), (4,)))": -1.74797906397065e-17,
    "(((0,), (5,)), ((), ()))": -2.3462230948835665e-17,
    "(((), ()), ((0,), (5,)))": -2.3462230948835665e-17,
    "(((0,), (6,)), ((), ()))": 1.2000835820337768e-15,
    "(((), ()), ((0,), (6,)))": 1.2000835820337768e-15,
    "(((1,), (0,)), ((), ()))": -0.000728803758332047,
    "(((), ()), ((1,), (0,)))": -0.000728803758332047,
    "(((1,), (1,)), ((), ()))": -2.5929222833771142e-17,
    "(((), ()), ((1,), (1,)))": -2.5929222833771142e-17,
    "(((1,), (2,)), ((), ()))": 3.297477123819167e-17,
    "(((), ()), ((1,), (2,)))": 3.297477123819167e-17,
    "(((1,), (3,)), ((), ()))": -5.423225185746918e-16,
    "(((), ()), ((1,), (3,)))": -5.423225185746918e-16,
    "(((1,), (4,)), ((), ()))": 1.6602191426979232e-17,
    "(((), ()), ((1,), (4,)))": 1.6602191426979232e-17,
    "(((1,), (5,)), ((), ()))": 2.5803558352625314e-17,
    "(((), ()), ((1,), (5,)))": 2.5803558352625314e-17,
    "(((1,), (6,)), ((), ()))": 0.0008849315513957415,
    "(((), ()), ((1,), (6,)))": 0.0008849315513957415,
    "(((2,), (0,)), ((), ()))": 2.46940966002044e-15,
    "(((), ()), ((2,), (0,)))": 2.46940966002044e-15,
    "(((2,), (1,)), ((), ()))": 3.24245118238427e-17,
    "(((), ()), ((2,), (1,)))": 3.24245118238427e-17,
    "(((2,), (2,)), ((), ()))": -2.4202630929516115e-16,
    "(((), ()), ((2,), (2,)))": -2.4202630929516115e-16,
    "(((2,), (3,)), ((), ()))": -0.04290118877102626,
    "(((), ()), ((2,), (3,)))": -0.04290118877102626,
    "(((2,), (4,)), ((), ()))": -2.2968693577675457e-17,
    "(((), ()), ((2,), (4,)))": -2.2968693577675457e-17,
    "(((2,), (5,)), ((), ()))": 4.0095777843021044e-17,
    "(((), ()), ((2,), (5,)))": 4.0095777843021044e-17,
    "(((2,), (6,)), ((), ()))": 2.8856579411176514e-16,
    "(((), ()), ((2,), (6,)))": 2.8856579411176514e-16,
    "(((0,), (0,)), ((0,), (0,)))": -0.0018875622948431388,
    "(((0,), (0,)), ((0,), (1,)))": 3.450846027683553e-19,
    "(((0,), (0,)), ((0,), (2,)))": -8.600450623688387e-19,
    "(((0,), (0,)), ((0,), (3,)))": -2.4590045477207094e-15,
    "(((0,), (0,)), ((0,), (4,)))": -7.466327509397836e-20,
    "(((0,), (0,)), ((0,), (5,)))": -6.498991098019176e-20,
    "(((0,), (0,)), ((0,), (6,)))": 0.0009017616084049167,
    "(((0,), (0,)), ((1,), (0,)))": -3.1811085775299204e-17,
    "(((0,), (0,)), ((1,), (1,)))": 1.7170418387780487e-18,
    "(((0,), (0,)), ((1,), (2,)))": -2.9706605350325955e-18,
    "(((0,), (0,)), ((1,), (3,)))": -0.0007092585809311764,
    "(((0,), (0,)), ((1,), (4,)))": 5.312654888987575e-19,
    "(((0,), (0,)), ((1,), (5,)))": 1.3100138294751635e-18,
    "(((0,), (0,)), ((1,), (6,)))": -1.1358917860901033e-16,
    "(((0,), (0,)), ((2,), (0,)))": 0.0011756048430447033,
    "(((0,), (0,)), ((2,), (1,)))": -9.713632720930676e-19,
    "(((0,), (0,)), ((2,), (2,)))": 2.035376631748997e-18,
    "(((0,), (0,)), ((2,), (3,)))": -2.0260321552345776e-15,
    "(((0,), (0,)), ((2,), (4,)))": 5.96711685150452e-19,
    "(((0,), (0,)), ((2,), (5,)))": -3.3633670966622096e-19,
    "(((0,), (0,)), ((2,), (6,)))": -0.002163558253674082,
    "(((0,), (1,)), ((0,), (0,)))": 3.450846027683553e-19,
    "(((0,), (1,)), ((0,), (1,)))": -0.0004006429230375033,
    "(((0,), (1,)), ((0,), (2,)))": 5.659749804259277e-20,
    "(((0,), (1,)), ((0,), (3,)))": 1.0041689220617217e-18,
    "(((0,), (1,)), ((0,), (4,)))": -2.09355928219741e-15,
    "(((0,), (1,)), ((0,), (5,)))": 2.3437073432949107e-15,
    "(((0,), (1,)), ((0,), (6,)))": -3.6660541953295466e-19,
    "(((0,), (1,)), ((1,), (0,)))": 1.773770475867809e-18,
    "(((0,), (1,)), ((1,), (1,)))": 8.787651354642765e-17,
    "(((0,), (1,)), ((1,), (2,)))": 3.5261241106950574e-20,
    "(((0,), (1,)), ((1,), (3,)))": 5.620122928439504e-19,
    "(((0,), (1,)), ((1,), (4,)))": -0.0006513241131274369,
    "(((0,), (1,)), ((1,), (5,)))": 0.0007291569924199523,
    "(((0,), (1,)), ((1,), (6,)))": 2.0764906595045917e-18,
    "(((0,), (1,)), ((2,), (0,)))": -8.28773223038553e-19,
    "(((0,), (1,)), ((2,), (1,)))": -0.002738157797619063,
    "(((0,), (1,)), ((2,), (2,)))": -3.2827336335000597e-10,
    "(((0,), (1,)), ((2,), (3,)))": 1.8196979142799755e-19,
    "(((0,), (1,)), ((2,), (4,)))": -2.4052787294495515e-15,
    "(((0,), (1,)), ((2,), (5,)))": 2.6915175308942914e-15,
    "(((0,), (1,)), ((2,), (6,)))": -4.3271854829518478e-19,
    "(((0,), (2,)), ((0,), (0,)))": -8.600450623688314e-19,
    "(((0,), (2,)), ((0,), (1,)))": 8.764714694164978e-21,
    "(((0,), (2,)), ((0,), (2,)))": -0.0004006429230375037,
    "(((0,), (2,)), ((0,), (3,)))": -1.8845380205367204e-18,
    "(((0,), (2,)), ((0,), (4,)))": -2.3446992394609664e-15,
    "(((0,), (2,)), ((0,), (5,)))": -2.0938419683714966e-15,
    "(((0,), (2,)), ((0,), (6,)))": 5.248182137931862e-19,
    "(((0,), (2,)), ((1,), (0,)))": -3.0148439270455422e-18,
    "(((0,), (2,)), ((1,), (1,)))": 2.8165710071380625e-20,
    "(((0,), (2,)), ((1,), (2,)))": 8.55145905197172e-17,
    "(((0,), (2,)), ((1,), (3,)))": -1.2968075459393467e-18,
    "(((0,), (2,)), ((1,), (4,)))": -0.0007291569924199524,
    "(((0,), (2,)), ((1,), (5,)))": -0.0006513241131274373,
    "(((0,), (2,)), ((1,), (6,)))": -4.6497142807619395e-18,
    "(((0,), (2,)), ((2,), (0,)))": 1.3475669574214171e-18,
    "(((0,), (2,)), ((2,), (1,)))": 3.2827336328595396e-10,
    "(((0,), (2,)), ((2,), (2,)))": -0.0027381577976190634,
    "(((0,), (2,)), ((2,), (3,)))": -5.739197773508404e-19,
    "(((0,), (2,)), ((2,), (4,)))": -2.6924287145710822e-15,
    "(((0,), (2,)), ((2,), (5,)))": -2.4035452072013016e-15,
    "(((0,), (2,)), ((2,), (6,)))": -8.389983238521827e-19,
    "(((0,), (3,)), ((0,), (0,)))": -2.4577955579257134e-15,
    "(((0,), (3,)), ((0,), (1,)))": 1.0041689220617214e-18,
    "(((0,), (3,)), ((0,), (2,)))": -1.8845380205367177e-18,
    "(((0,), (3,)), ((0,), (3,)))": -0.000835149839585714,
    "(((0,), (3,)), ((0,), (4,)))": -1.2287428413294495e-19,
    "(((0,), (3,)), ((0,), (5,)))": -1.534647514448967e-19,
    "(((0,), (3,)), ((0,), (6,)))": -3.1962162772595386e-15,
    "(((0,), (3,)), ((1,), (0,)))": -0.0007709121430238522,
    "(((0,), (3,)), ((1,), (1,)))": 5.741909071312241e-19,
    "(((0,), (3,)), ((1,), (2,)))": -1.3300284975205719e-18,
    "(((0,), (3,)), ((1,), (3,)))": 1.8791404017769705e-16,
    "(((0,), (3,)), ((1,), (4,)))": 1.8301019139273568e-18,
    "(((0,), (3,)), ((1,), (5,)))": 4.308771269237966e-18,
    "(((0,), (3,)), ((1,), (6,)))": -0.0010180260915318097,
    "(((0,), (3,)), ((2,), (0,)))": -1.6814299080239587e-15,
    "(((0,), (3,)), ((2,), (1,)))": 1.3854982966358477e-18,
    "(((0,), (3,)), ((2,), (2,)))": -2.286460995398989e-18,
    "(((0,), (3,)), ((2,), (3,)))": -0.0032811840184249065,
    "(((0,), (3,)), ((2,), (4,)))": 2.5234386969058767e-19,
    "(((0,), (3,)), ((2,), (5,)))": 5.752389255382698e-19,
    "(((0,), (3,)), ((2,), (6,)))": -2.96211724492631e-15,
    "(((0,), (4,)), ((0,), (0,)))": -7.46632750939789e-20,
    "(((0,), (4,)), ((0,), (1,)))": -2.0935797808847083e-15,
    "(((0,), (4,)), ((0,), (2,)))": -2.344816909131636e-15,
    "(((0,), (4,)), ((0,), (3,)))": -1.2287428413294362e-19,
    "(((0,), (4,)), ((0,), (4,)))": -0.0010818736578214682,
    "(((0,), (4,)), ((0,), (5,)))": 7.40983271472259e-19,
    "(((0,), (4,)), ((0,), (6,)))": 1.0220041333521076e-19,
    "(((0,), (4,)), ((1,), (0,)))": 6.6875920575477815e-19,
    "(((0,), (4,)), ((1,), (1,)))": -0.0006119882455270345,
    "(((0,), (4,)), ((1,), (2,)))": -0.0006851205022228492,
    "(((0,), (4,)), ((1,), (3,)))": 1.7382901166907407e-18,
    "(((0,), (4,)), ((1,), (4,)))": -1.3802436824305464e-16,
    "(((0,), (4,)), ((1,), (5,)))": 1.1485122597103638e-18,
    "(((0,), (4,)), ((1,), (6,)))": 1.4362536384491916e-19,
    "(((0,), (4,)), ((2,), (0,)))": 2.1572949752214994e-19,
    "(((0,), (4,)), ((2,), (1,)))": -3.124742368129416e-15,
    "(((0,), (4,)), ((2,), (2,)))": -3.4986092938106514e-15,
    "(((0,), (4,)), ((2,), (3,)))": 1.1075298476633457e-18,
    "(((0,), (4,)), ((2,), (4,)))": -0.0027150967295247047,
    "(((0,), (4,)), ((2,), (5,)))": -3.238532990978119e-10,
    "(((0,), (4,)), ((2,), (6,)))": -3.670062463165832e-19,
    "(((0,), (5,)), ((0,), (0,)))": -6.498991098019257e-20,
    "(((0,), (5,)), ((0,), (1,)))": 2.3441138627227686e-15,
    "(((0,), (5,)), ((0,), (2,)))": -2.093734416817362e-15,
    "(((0,), (5,)), ((0,), (3,)))": -1.5346475144490206e-19,
    "(((0,), (5,)), ((0,), (4,)))": 7.643073583599073e-20,
    "(((0,), (5,)), ((0,), (5,)))": -0.001081873657821468,
    "(((0,), (5,)), ((0,), (6,)))": 2.3471573405222906e-20,
    "(((0,), (5,)), ((1,), (0,)))": 1.552185537136751e-18,
    "(((0,), (5,)), ((1,), (1,)))": 0.0006851205022228495,
    "(((0,), (5,)), ((1,), (2,)))": -0.0006119882455270339,
    "(((0,), (5,)), ((1,), (3,)))": 4.070652569544317e-18,
    "(((0,), (5,)), ((1,), (4,)))": 1.0789301493168712e-18,
    "(((0,), (5,)), ((1,), (5,)))": -1.369716071944821e-16,
    "(((0,), (5,)), ((1,), (6,)))": 1.004712632514908e-18,
    "(((0,), (5,)), ((2,), (0,)))": -1.1500615138962356e-18,
    "(((0,), (5,)), ((2,), (1,)))": 3.4973127676272897e-15,
    "(((0,), (5,)), ((2,), (2,)))": -3.1239143990439206e-15,
    "(((0,), (5,)), ((2,), (3,)))": 1.8581222395920123e-18,
    "(((0,), (5,)), ((2,), (4,)))": 3.2385330073575915e-10,
    "(((0,), (5,)), ((2,), (5,)))": -0.0027150967295247043,
    "(((0,), (5,)), ((2,), (6,)))": 7.859731389717975e-19,
    "(((0,), (6,)), ((0,), (0,)))": 0.0009017616084049159,
    "(((0,), (6,)), ((0,), (1,)))": -3.66605419532956e-19,
    "(((0,), (6,)), ((0,), (2,)))": 5.248182137931955e-19,
    "(((0,), (6,)), ((0,), (3,)))": -3.1965076838195335e-15,
    "(((0,), (6,)), ((0,), (4,)))": 1.0220041333520966e-19,
    "(((0,), (6,)), ((0,), (5,)))": 2.3471573405220787e-20,
    "(((0,), (6,)), ((0,), (6,)))": -0.0025103177264169433,
    "(((0,), (6,)), ((1,), (0,)))": -1.1237801093277736e-16,
    "(((0,), (6,)), ((1,), (1,)))": 1.7907969141371713e-18,
    "(((0,), (6,)), ((1,), (2,)))": -4.004677001005149e-18,
    "(((0,), (6,)), ((1,), (3,)))": -0.0009103177900728999,
    "(((0,), (6,)), ((1,), (4,)))": 1.963624358547984e-19,
    "(((0,), (6,)), ((1,), (5,)))": 1.1246604808210582e-18,
    "(((0,), (6,)), ((1,), (6,)))": -1.4428760905047715e-16,
    "(((0,), (6,)), ((2,), (0,)))": -0.002565840042465965,
    "(((0,), (6,)), ((2,), (1,)))": -1.7727722415552969e-19,
    "(((0,), (6,)), ((2,), (2,)))": -1.313179462407355e-18,
    "(((0,), (6,)), ((2,), (3,)))": -5.683625596173385e-15,
    "(((0,), (6,)), ((2,), (4,)))": -6.395922095059459e-19,
    "(((0,), (6,)), ((2,), (5,)))": 4.1991264936126763e-19,
    "(((0,), (6,)), ((2,), (6,)))": -0.0011274717601220986,
    "(((1,), (0,)), ((0,), (0,)))": -3.1460200484773286e-17,
    "(((1,), (0,)), ((0,), (1,)))": 1.7737704758678092e-18,
    "(((1,), (0,)), ((0,), (2,)))": -3.0148439270455407e-18,
    "(((1,), (0,)), ((0,), (3,)))": -0.000770912143023851,
    "(((1,), (0,)), ((0,), (4,)))": 6.687592057547788e-19,
    "(((1,), (0,)), ((0,), (5,)))": 1.5521855371367494e-18,
    "(((1,), (0,)), ((0,), (6,)))": -1.1343611482676904e-16,
    "(((1,), (0,)), ((1,), (0,)))": -0.0019121461512975097,
    "(((1,), (0,)), ((1,), (1,)))": 3.5847618663150857e-19,
    "(((1,), (0,)), ((1,), (2,)))": -8.59835179104078e-19,
    "(((1,), (0,)), ((1,), (3,)))": 2.447982161679831e-15,
    "(((1,), (0,)), ((1,), (4,)))": -2.0390962639528766e-20,
    "(((1,), (0,)), ((1,), (5,)))": 1.0048812503601728e-20,
    "(((1,), (0,)), ((1,), (6,)))": 0.0008308184972427682,
    "(((1,), (0,)), ((2,), (0,)))": -1.938763305169662e-15,
    "(((1,), (0,)), ((2,), (1,)))": 2.801176419911414e-18,
    "(((1,), (0,)), ((2,), (2,)))": -4.1768298831432484e-18,
    "(((1,), (0,)), ((2,), (3,)))": -0.001233659626604588,
    "(((1,), (0,)), ((2,), (4,)))": 1.5679319509526223e-18,
    "(((1,), (0,)), ((2,), (5,)))": 3.2943489204038313e-18,
    "(((1,), (0,)), ((2,), (6,)))": 3.5936522878910765e-15,
    "(((1,), (1,)), ((0,), (0,)))": 1.717041838778048e-18,
    "(((1,), (1,)), ((0,), (1,)))": 8.78107910162293e-17,
    "(((1,), (1,)), ((0,), (2,)))": 7.391373109804068e-20,
    "(((1,), (1,)), ((0,), (3,)))": 5.741909071312249e-19,
    "(((1,), (1,)), ((0,), (4,)))": -0.0006119882455270342,
    "(((1,), (1,)), ((0,), (5,)))": 0.0006851205022228497,
    "(((1,), (1,)), ((0,), (6,)))": 1.7907969141371686e-18,
    "(((1,), (1,)), ((1,), (0,)))": 3.5847618663150857e-19,
    "(((1,), (1,)), ((1,), (1,)))": -0.00035221210939697566,
    "(((1,), (1,)), ((1,), (2,)))": 1.1735335101058874e-20,
    "(((1,), (1,)), ((1,), (3,)))": 8.373920123961057e-19,
    "(((1,), (1,)), ((1,), (4,)))": 2.0961044442267237e-15,
    "(((1,), (1,)), ((1,), (5,)))": -2.346344844002182e-15,
    "(((1,), (1,)), ((1,), (6,)))": -3.0508025138095314e-19,
    "(((1,), (1,)), ((2,), (0,)))": 1.964470130208478e-18,
    "(((1,), (1,)), ((2,), (1,)))": 4.564254044375762e-15,
    "(((1,), (1,)), ((2,), (2,)))": 5.575143767902611e-19,
    "(((1,), (1,)), ((2,), (3,)))": 2.6137590328812085e-18,
    "(((1,), (1,)), ((2,), (4,)))": -0.0014500855868648614,
    "(((1,), (1,)), ((2,), (5,)))": 0.0016233717515800618,
    "(((1,), (1,)), ((2,), (6,)))": 3.693518664781514e-18,
    "(((1,), (2,)), ((0,), (0,)))": -2.9706605350325955e-18,
    "(((1,), (2,)), ((0,), (1,)))": -2.6730246984140012e-20,
    "(((1,), (2,)), ((0,), (2,)))": 8.584982074961164e-17,
    "(((1,), (2,)), ((0,), (3,)))": -1.3300284975205738e-18,
    "(((1,), (2,)), ((0,), (4,)))": -0.0006851205022228495,
    "(((1,), (2,)), ((0,), (5,)))": -0.0006119882455270343,
    "(((1,), (2,)), ((0,), (6,)))": -4.00467700100514e-18,
    "(((1,), (2,)), ((1,), (0,)))": -8.598351791040807e-19,
    "(((1,), (2,)), ((1,), (1,)))": 3.8838072510109266e-20,
    "(((1,), (2,)), ((1,), (2,)))": -0.0003522121093969762,
    "(((1,), (2,)), ((1,), (3,)))": -1.5397219904577525e-18,
    "(((1,), (2,)), ((1,), (4,)))": 2.3457076673070628e-15,
    "(((1,), (2,)), ((1,), (5,)))": 2.0956751382527806e-15,
    "(((1,), (2,)), ((1,), (6,)))": 3.922377779541199e-19,
    "(((1,), (2,)), ((2,), (0,)))": -2.726610195959826e-18,
    "(((1,), (2,)), ((2,), (1,)))": -1.22758405812218e-19,
    "(((1,), (2,)), ((2,), (2,)))": 4.558650296888252e-15,
    "(((1,), (2,)), ((2,), (3,)))": -4.939393099733186e-18,
    "(((1,), (2,)), ((2,), (4,)))": -0.0016233717515800623,
    "(((1,), (2,)), ((2,), (5,)))": -0.0014500855868648606,
    "(((1,), (2,)), ((2,), (6,)))": -8.640746119683835e-18,
    "(((1,), (3,)), ((0,), (0,)))": -0.0007092585809311769,
    "(((1,), (3,)), ((0,), (1,)))": 5.620122928439497e-19,
    "(((1,), (3,)), ((0,), (2,)))": -1.2968075459393446e-18,
    "(((1,), (3,)), ((0,), (3,)))": 1.8796321700684904e-16,
    "(((1,), (3,)), ((0,), (4,)))": 1.7382901166907407e-18,
    "(((1,), (3,)), ((0,), (5,)))": 4.07065256954432e-18,
    "(((1,), (3,)), ((0,), (6,)))": -0.0009103177900728983,
    "(((1,), (3,)), ((1,), (0,)))": 2.4499975288405603e-15,
    "(((1,), (3,)), ((1,), (1,)))": 8.3739201239610665e-19,
    "(((1,), (3,)), ((1,), (2,)))": -1.539721990457757e-18,
    "(((1,), (3,)), ((1,), (3,)))": -0.0007157219550852599,
    "(((1,), (3,)), ((1,), (4,)))": -1.7599095907423032e-19,
    "(((1,), (3,)), ((1,), (5,)))": -2.8072361757440415e-19,
    "(((1,), (3,)), ((1,), (6,)))": 3.195827018774429e-15,
    "(((1,), (3,)), ((2,), (0,)))": -0.0010221004420487524,
    "(((1,), (3,)), ((2,), (1,)))": 1.5149102314840661e-18,
    "(((1,), (3,)), ((2,), (2,)))": -3.3200332569987994e-18,
    "(((1,), (3,)), ((2,), (3,)))": 5.42862625370576e-15,
    "(((1,), (3,)), ((2,), (4,)))": 4.190293646973217e-18,
    "(((1,), (3,)), ((2,), (5,)))": 9.877810012178434e-18,
    "(((1,), (3,)), ((2,), (6,)))": -0.001782186192289548,
    "(((1,), (4,)), ((0,), (0,)))": 5.312654888987575e-19,
    "(((1,), (4,)), ((0,), (1,)))": -0.0006513241131274375,
    "(((1,), (4,)), ((0,), (2,)))": -0.0007291569924199521,
    "(((1,), (4,)), ((0,), (3,)))": 1.8301019139273556e-18,
    "(((1,), (4,)), ((0,), (4,)))": -1.3800594029462758e-16,
    "(((1,), (4,)), ((0,), (5,)))": 1.137109617085085e-18,
    "(((1,), (4,)), ((0,), (6,)))": 1.9636243585479783e-19,
    "(((1,), (4,)), ((1,), (0,)))": -2.0390962639528766e-20,
    "(((1,), (4,)), ((1,), (1,)))": 2.0959239490486413e-15,
    "(((1,), (4,)), ((1,), (2,)))": 2.3448168907224245e-15,
    "(((1,), (4,)), ((1,), (3,)))": -1.759909590742302e-19,
    "(((1,), (4,)), ((1,), (4,)))": -0.0011608528962660394,
    "(((1,), (4,)), ((1,), (5,)))": 4.3111804379695776e-19,
    "(((1,), (4,)), ((1,), (6,)))": 5.34915037344383e-20,
    "(((1,), (4,)), ((2,), (0,)))": 1.992378117041008e-18,
    "(((1,), (4,)), ((2,), (1,)))": -0.0018845389344926285,
    "(((1,), (4,)), ((2,), (2,)))": -0.0021097413653636144,
    "(((1,), (4,)), ((2,), (3,)))": 4.420679020719647e-18,
    "(((1,), (4,)), ((2,), (4,)))": 4.482730079272332e-15,
    "(((1,), (4,)), ((2,), (5,)))": 3.180806160175456e-18,
    "(((1,), (4,)), ((2,), (6,)))": -3.824775916644436e-19,
    "(((1,), (5,)), ((0,), (0,)))": 1.3100138294751635e-18,
    "(((1,), (5,)), ((0,), (1,)))": 0.0007291569924199521,
    "(((1,), (5,)), ((0,), (2,)))": -0.000651324113127437,
    "(((1,), (5,)), ((0,), (3,)))": 4.308771269237962e-18,
    "(((1,), (5,)), ((0,), (4,)))": 9.686972100676579e-19,
    "(((1,), (5,)), ((0,), (5,)))": -1.368636472324708e-16,
    "(((1,), (5,)), ((0,), (6,)))": 1.1246604808210572e-18,
    "(((1,), (5,)), ((1,), (0,)))": 1.0048812503600043e-20,
    "(((1,), (5,)), ((1,), (1,)))": -2.3460157944329614e-15,
    "(((1,), (5,)), ((1,), (2,)))": 2.095493045772237e-15,
    "(((1,), (5,)), ((1,), (3,)))": -2.807236175744014e-19,
    "(((1,), (5,)), ((1,), (4,)))": 4.579421743681405e-19,
    "(((1,), (5,)), ((1,), (5,)))": -0.0011608528962660394,
    "(((1,), (5,)), ((1,), (6,)))": -1.7273586936274293e-20,
    "(((1,), (5,)), ((2,), (0,)))": 4.5462678441727875e-18,
    "(((1,), (5,)), ((2,), (1,)))": 0.002109741365363615,
    "(((1,), (5,)), ((2,), (2,)))": -0.0018845389344926283,
    "(((1,), (5,)), ((2,), (3,)))": 1.1146639656189489e-17,
    "(((1,), (5,)), ((2,), (4,)))": 3.2975821732204284e-18,
    "(((1,), (5,)), ((2,), (5,)))": 4.486222834026614e-15,
    "(((1,), (5,)), ((2,), (6,)))": 1.444597031320627e-18,
    "(((1,), (6,)), ((0,), (0,)))": -1.1114910750656742e-16,
    "(((1,), (6,)), ((0,), (1,)))": 2.0764906595045933e-18,
    "(((1,), (6,)), ((0,), (2,)))": -4.649714280761946e-18,
    "(((1,), (6,)), ((0,), (3,)))": -0.001018026091531811,
    "(((1,), (6,)), ((0,), (4,)))": 1.4362536384492041e-19,
    "(((1,), (6,)), ((0,), (5,)))": 1.0047126325149096e-18,
    "(((1,), (6,)), ((0,), (6,)))": -1.4629121834345803e-16,
    "(((1,), (6,)), ((1,), (0,)))": 0.0008308184972427678,
    "(((1,), (6,)), ((1,), (1,)))": -3.050802513809562e-19,
    "(((1,), (6,)), ((1,), (2,)))": 3.922377779541281e-19,
    "(((1,), (6,)), ((1,), (3,)))": 3.1989967444657415e-15,
    "(((1,), (6,)), ((1,), (4,)))": 5.3491503734439314e-20,
    "(((1,), (6,)), ((1,), (5,)))": -1.727358693627694e-20,
    "(((1,), (6,)), ((1,), (6,)))": -0.0025996295164107666,
    "(((1,), (6,)), ((2,), (0,)))": 4.2695399033843525e-15,
    "(((1,), (6,)), ((2,), (1,)))": 7.052486338962998e-18,
    "(((1,), (6,)), ((2,), (2,)))": -1.5868678328403628e-17,
    "(((1,), (6,)), ((2,), (3,)))": -0.0034317300614775787,
    "(((1,), (6,)), ((2,), (4,)))": 6.8742108860139025e-19,
    "(((1,), (6,)), ((2,), (5,)))": 3.2719360491507245e-18,
    "(((1,), (6,)), ((2,), (6,)))": 1.881231478518117e-15,
    "(((2,), (0,)), ((0,), (0,)))": 0.0011756048430447044,
    "(((2,), (0,)), ((0,), (1,)))": -8.28773223038545e-19,
    "(((2,), (0,)), ((0,), (2,)))": 1.3475669574214056e-18,
    "(((2,), (0,)), ((0,), (3,)))": -1.6845420500117191e-15,
    "(((2,), (0,)), ((0,), (4,)))": 2.157294975221532e-19,
    "(((2,), (0,)), ((0,), (5,)))": -1.150061513896236e-18,
    "(((2,), (0,)), ((0,), (6,)))": -0.0025658400424659693,
    "(((2,), (0,)), ((1,), (0,)))": -1.939593575714592e-15,
    "(((2,), (0,)), ((1,), (1,)))": 1.964470130208478e-18,
    "(((2,), (0,)), ((1,), (2,)))": -2.7266101959598242e-18,
    "(((2,), (0,)), ((1,), (3,)))": -0.001022100442048751,
    "(((2,), (0,)), ((1,), (4,)))": 1.9923781170410043e-18,
    "(((2,), (0,)), ((1,), (5,)))": 4.5462678441727875e-18,
    "(((2,), (0,)), ((1,), (6,)))": 4.272177228270263e-15,
    "(((2,), (0,)), ((2,), (0,)))": -0.14130958725262777,
    "(((2,), (0,)), ((2,), (1,)))": -2.4828297426774538e-17,
    "(((2,), (0,)), ((2,), (2,)))": 1.9991878437090205e-17,
    "(((2,), (0,)), ((2,), (3,)))": -1.3618454138443075e-16,
    "(((2,), (0,)), ((2,), (4,)))": -3.021796159539585e-17,
    "(((2,), (0,)), ((2,), (5,)))": -2.0011006098395798e-18,
    "(((2,), (0,)), ((2,), (6,)))": 0.04960158841264321,
    "(((2,), (1,)), ((0,), (0,)))": -9.713632720930726e-19,
    "(((2,), (1,)), ((0,), (1,)))": -0.002738157797619062,
    "(((2,), (1,)), ((0,), (2,)))": 3.28273363243004e-10,
    "(((2,), (1,)), ((0,), (3,)))": 1.3854982966358485e-18,
    "(((2,), (1,)), ((0,), (4,)))": -3.124884873363248e-15,
    "(((2,), (1,)), ((0,), (5,)))": 3.4971681520363114e-15,
    "(((2,), (1,)), ((0,), (6,)))": -1.772772241555309e-19,
    "(((2,), (1,)), ((1,), (0,)))": 2.801176419911414e-18,
    "(((2,), (1,)), ((1,), (1,)))": 4.564363494116615e-15,
    "(((2,), (1,)), ((1,), (2,)))": -7.995531225560538e-20,
    "(((2,), (1,)), ((1,), (3,)))": 1.5149102314840667e-18,
    "(((2,), (1,)), ((1,), (4,)))": -0.0018845389344926285,
    "(((2,), (1,)), ((1,), (5,)))": 0.0021097413653636127,
    "(((2,), (1,)), ((1,), (6,)))": 7.052486338962998e-18,
    "(((2,), (1,)), ((2,), (0,)))": -2.4828297426774547e-17,
    "(((2,), (1,)), ((2,), (1,)))": -0.1616035892154048,
    "(((2,), (1,)), ((2,), (2,)))": -1.6843507589183573e-17,
    "(((2,), (1,)), ((2,), (3,)))": -1.2453310402560094e-16,
    "(((2,), (1,)), ((2,), (4,)))": -3.8216337962688197e-16,
    "(((2,), (1,)), ((2,), (5,)))": 3.053720425730779e-16,
    "(((2,), (1,)), ((2,), (6,)))": -4.373356098116754e-17,
    "(((2,), (2,)), ((0,), (0,)))": 2.035376631749007e-18,
    "(((2,), (2,)), ((0,), (1,)))": -3.28273363276193e-10,
    "(((2,), (2,)), ((0,), (2,)))": -0.0027381577976190634,
    "(((2,), (2,)), ((0,), (3,)))": -2.2864609953989964e-18,
    "(((2,), (2,)), ((0,), (4,)))": -3.497707996641989e-15,
    "(((2,), (2,)), ((0,), (5,)))": -3.1236995911546075e-15,
    "(((2,), (2,)), ((0,), (6,)))": -1.3131794624073428e-18,
    "(((2,), (2,)), ((1,), (0,)))": -4.1768298831432515e-18,
    "(((2,), (2,)), ((1,), (1,)))": 4.883780135703273e-19,
    "(((2,), (2,)), ((1,), (2,)))": 4.5588393464406334e-15,
    "(((2,), (2,)), ((1,), (3,)))": -3.3200332569987855e-18,
    "(((2,), (2,)), ((1,), (4,)))": -0.002109741365363614,
    "(((2,), (2,)), ((1,), (5,)))": -0.0018845389344926287,
    "(((2,), (2,)), ((1,), (6,)))": -1.5868678328403615e-17,
    "(((2,), (2,)), ((2,), (0,)))": 1.9991878437090205e-17,
    "(((2,), (2,)), ((2,), (1,)))": -1.6888577666738025e-17,
    "(((2,), (2,)), ((2,), (2,)))": -0.16160358921540469,
    "(((2,), (2,)), ((2,), (3,)))": 3.0594751243068967e-16,
    "(((2,), (2,)), ((2,), (4,)))": -2.525679385523675e-16,
    "(((2,), (2,)), ((2,), (5,)))": -2.5451949639586584e-16,
    "(((2,), (2,)), ((2,), (6,)))": 2.5519247064362935e-17,
    "(((2,), (3,)), ((0,), (0,)))": -2.0227207694112626e-15,
    "(((2,), (3,)), ((0,), (1,)))": 1.8196979142799917e-19,
    "(((2,), (3,)), ((0,), (2,)))": -5.739197773508393e-19,
    "(((2,), (3,)), ((0,), (3,)))": -0.003281184018424907,
    "(((2,), (3,)), ((0,), (4,)))": 1.1075298476633451e-18,
    "(((2,), (3,)), ((0,), (5,)))": 1.8581222395920162e-18,
    "(((2,), (3,)), ((0,), (6,)))": -5.685271451281323e-15,
    "(((2,), (3,)), ((1,), (0,)))": -0.001233659626604588,
    "(((2,), (3,)), ((1,), (1,)))": 2.6137590328812077e-18,
    "(((2,), (3,)), ((1,), (2,)))": -4.939393099733195e-18,
    "(((2,), (3,)), ((1,), (3,)))": 5.428880610158845e-15,
    "(((2,), (3,)), ((1,), (4,)))": 4.420679020719647e-18,
    "(((2,), (3,)), ((1,), (5,)))": 1.1146639656189502e-17,
    "(((2,), (3,)), ((1,), (6,)))": -0.003431730061477573,
    "(((2,), (3,)), ((2,), (0,)))": -1.2432263724576846e-16,
    "(((2,), (3,)), ((2,), (1,)))": -1.2453310402560094e-16,
    "(((2,), (3,)), ((2,), (2,)))": 3.059475124306896e-16,
    "(((2,), (3,)), ((2,), (3,)))": -0.09417738332003452,
    "(((2,), (3,)), ((2,), (4,)))": 4.7634608066099577e-17,
    "(((2,), (3,)), ((2,), (5,)))": 7.802352876183052e-17,
    "(((2,), (3,)), ((2,), (6,)))": 3.438817591052302e-16,
    "(((2,), (4,)), ((0,), (0,)))": 5.967116851504506e-19,
    "(((2,), (4,)), ((0,), (1,)))": -2.40434464977964e-15,
    "(((2,), (4,)), ((0,), (2,)))": -2.693548132554184e-15,
    "(((2,), (4,)), ((0,), (3,)))": 2.5234386969058964e-19,
    "(((2,), (4,)), ((0,), (4,)))": -0.0027150967295247047,
    "(((2,), (4,)), ((0,), (5,)))": 3.238533005479802e-10,
    "(((2,), (4,)), ((0,), (6,)))": -6.395922095059481e-19,
    "(((2,), (4,)), ((1,), (0,)))": 1.5679319509526238e-18,
    "(((2,), (4,)), ((1,), (1,)))": -0.0014500855868648612,
    "(((2,), (4,)), ((1,), (2,)))": -0.0016233717515800627,
    "(((2,), (4,)), ((1,), (3,)))": 4.190293646973215e-18,
    "(((2,), (4,)), ((1,), (4,)))": 4.483268090328047e-15,
    "(((2,), (4,)), ((1,), (5,)))": 3.3191892247964767e-18,
    "(((2,), (4,)), ((1,), (6,)))": 6.874210886013899e-19,
    "(((2,), (4,)), ((2,), (0,)))": -3.021796159539585e-17,
    "(((2,), (4,)), ((2,), (1,)))": -3.965444581394403e-16,
    "(((2,), (4,)), ((2,), (2,)))": -2.571604050275102e-16,
    "(((2,), (4,)), ((2,), (3,)))": 4.763460806609961e-17,
    "(((2,), (4,)), ((2,), (4,)))": -0.0010489161251678314,
    "(((2,), (4,)), ((2,), (5,)))": -8.761955302665803e-18,
    "(((2,), (4,)), ((2,), (6,)))": 6.1984747792371336e-18,
    "(((2,), (5,)), ((0,), (0,)))": -3.3633670966622236e-19,
    "(((2,), (5,)), ((0,), (1,)))": 2.6911751700649656e-15,
    "(((2,), (5,)), ((0,), (2,)))": -2.4037820245758944e-15,
    "(((2,), (5,)), ((0,), (3,)))": 5.752389255382667e-19,
    "(((2,), (5,)), ((0,), (4,)))": -3.238532988805361e-10,
    "(((2,), (5,)), ((0,), (5,)))": -0.0027150967295247043,
    "(((2,), (5,)), ((0,), (6,)))": 4.1991264936126175e-19,
    "(((2,), (5,)), ((1,), (0,)))": 3.2943489204038313e-18,
    "(((2,), (5,)), ((1,), (1,)))": 0.0016233717515800627,
    "(((2,), (5,)), ((1,), (2,)))": -0.00145008558686486,
    "(((2,), (5,)), ((1,), (3,)))": 9.877810012178425e-18,
    "(((2,), (5,)), ((1,), (4,)))": 2.54116869836266e-18,
    "(((2,), (5,)), ((1,), (5,)))": 4.48616369919075e-15,
    "(((2,), (5,)), ((1,), (6,)))": 3.2719360491507237e-18,
    "(((2,), (5,)), ((2,), (0,)))": -2.0011006098395852e-18,
    "(((2,), (5,)), ((2,), (1,)))": 3.169882813043211e-16,
    "(((2,), (5,)), ((2,), (2,)))": -2.5599792502799795e-16,
    "(((2,), (5,)), ((2,), (3,)))": 7.802352876183054e-17,
    "(((2,), (5,)), ((2,), (4,)))": -8.850086262710555e-18,
    "(((2,), (5,)), ((2,), (5,)))": -0.0010489161251678349,
    "(((2,), (5,)), ((2,), (6,)))": 2.7732960410665234e-18,
    "(((2,), (6,)), ((0,), (0,)))": -0.0021635582536740773,
    "(((2,), (6,)), ((0,), (1,)))": -4.327185482951844e-19,
    "(((2,), (6,)), ((0,), (2,)))": -8.389983238521915e-19,
    "(((2,), (6,)), ((0,), (3,)))": -2.961458266941921e-15,
    "(((2,), (6,)), ((0,), (4,)))": -3.670062463165822e-19,
    "(((2,), (6,)), ((0,), (5,)))": 7.85973138971804e-19,
    "(((2,), (6,)), ((0,), (6,)))": -0.0011274717601220958,
    "(((2,), (6,)), ((1,), (0,)))": 3.596147164052441e-15,
    "(((2,), (6,)), ((1,), (1,)))": 3.69351866478151e-18,
    "(((2,), (6,)), ((1,), (2,)))": -8.64074611968384e-18,
    "(((2,), (6,)), ((1,), (3,)))": -0.0017821861922895541,
    "(((2,), (6,)), ((1,), (4,)))": -3.8247759166444204e-19,
    "(((2,), (6,)), ((1,), (5,)))": 1.4445970313206311e-18,
    "(((2,), (6,)), ((1,), (6,)))": 1.880228300129607e-15,
    "(((2,), (6,)), ((2,), (0,)))": 0.049601588412643255,
    "(((2,), (6,)), ((2,), (1,)))": -4.3733560981167553e-17,
    "(((2,), (6,)), ((2,), (2,)))": 2.5519247064363028e-17,
    "(((2,), (6,)), ((2,), (3,)))": 3.622635766236586e-16,
    "(((2,), (6,)), ((2,), (4,)))": 6.1984747792371505e-18,
    "(((2,), (6,)), ((2,), (5,)))": 2.7732960410664922e-18,
    "(((2,), (6,)), ((2,), (6,)))": -0.02362353562688778
  },
  "red": [
    [
      0.9999240989459278,
      -1.645786676354007e-17,
      0.000838118159753747,
      -1.1811884070191473e-15,
      2.2434451023733515e-17,
      -2.841962570358387e-17,
      0.0003845882530627463,
      -1.6643745874938037e-17,
      -2.2577237684463773e-17,
      1.3771003050405768e-15,
      0.0,
      0.0,
      0.0,
      0.0,
      0.0,
      0.0,
      0.0,
      0.0,
      0.0,
      0.0
    ],
    [
      -1.645786676354007e-17,
      0.9999338720618344,
      -1.3899098963944775e-15,
      -0.0006401993945166312,
      -2.4738936487355178e-17,
      3.1654281073124695e-17,
      -7.518112666673124e-16,
      1.608139478437067e-17,
      2.466325714817525e-17,
      0.0009880143771826685,
      0.0,
      0.0,
      0.0,
      0.0,
      0.0,
      0.0,
      0.0,
      0.0,
      0.0,
      0.0
    ],
    [
      0.000838118159753747,
      -1.3899098963944775e-15,
      0.9115112661145821,
      2.026933389629565e-15,
      3.0988812535014525e-17,
      -2.0484401129228253e-16,
      -0.036877277415155646,
      -2.3893574658443127e-17,
      3.482419470352142e-17,
      3.76119751374772e-16,
      0.0,
      0.0,
      0.0,
      0.0,
      0.0,
      0.0,
      0.0,
      0.0,
      0.0,
      0.0
    ],
    [
      -1.1811884070191473e-15,
      -0.0006401993945166312,
      2.026933389629565e-15,
      0.0224558340666347,
      5.377081271998706e-18,
      -4.820774437369065e-18,
      -5.854129477846498e-17,
      4.59353645818741e-18,
      4.0042950351511287e-19,
      -0.00818210833850816,
      0.0,
      0.0,
      0.0,
      0.0,
      0.0,
      0.0,
      0.0,
      0.0,
      0.0,
      0.0
    ],
    [
      2.2434451023733515e-17,
      -2.4738936487355178e-17,
      3.0988812535014525e-17,
      5.377081271998706e-18,
      0.02614573876142273,
      5.4546556166959904e-18,
      3.0443105024050603e-17,
      6.447763788749126e-17,
      -5.151454488770602e-17,
      6.851998280078561e-18,
      0.0,
      0.0,
      0.0,
      0.0,
      0.0,
      0.0,
      0.0,
      0.0,
      0.0,
      0.0
    ],
    [
      -2.841962570358387e-17,
      3.1654281073124695e-17,
      -2.0484401129228253e-16,
      -4.820774437369065e-18,
      5.4546556166959904e-18,
      0.026145738761422694,
      -6.78281514642579e-17,
      4.181969721780558e-17,
      4.160513528169628e-17,
      -3.69375562036003e-18,
      0.0,
      0.0,
      0.0,
      0.0,
      0.0,
      0.0,
      0.0,
      0.0,
      0.0,
      0.0
    ],
    [
      0.0003845882530627463,
      -7.518112666673124e-16,
      -0.036877277415155646,
      -5.854129477846498e-17,
      3.0443105024050603e-17,
      -6.78281514642579e-17,
      0.010753262965636522,
      -3.560125893728696e-18,
      -9.173266142102063e-18,
      -6.106619969803931e-17,
      0.0,
      0.0,
      0.0,
      0.0,
      0.0,
      0.0,
      0.0,
      0.0,
      0.0,
      0.0
    ],
    [
      -1.6643745874938037e-17,
      1.608139478437067e-17,
      -2.3893574658443127e-17,
      4.59353645818741e-18,
      6.447763788749126e-17,
      4.181969721780558e-17,
      -3.560125893728696e-18,
      3.290239810544774e-05,
      3.227101765524222e-21,
      -1.6292791748319642e-18,
      0.0,
      0.0,
      0.0,
      0.0,
      0.0,
      0.0,
      0.0,
      0.0,
      0.0,
      0.0
    ],
    [
      -2.2577237684463773e-17,
      2.466325714817525e-17,
      3.482419470352142e-17,
      4.0042950351511287e-19,
      -5.151454488770602e-17,
      4.160513528169628e-17,
      -9.173266142102063e-18,
      3.227101765524222e-21,
      3.290239810544774e-05,
      -1.382914635466065e-19,
      0.0,
      0.0,
      0.0,
      0.0,
      0.0,
      0.0,
      0.0,
      0.0,
      0.0,
      0.0
    ],
    [
      1.3771003050405768e-15,
      0.0009880143771826685,
      3.76119751374772e-16,
      -0.00818210833850816,
      6.851998280078561e-18,
      -3.69375562036003e-18,
      -6.106619969803931e-17,
      -1.6292791748319642e-18,
      -1.382914635466065e-19,
      0.003064383526326248,
      0.0,
      0.0,
      0.0,
      0.0,
      0.0,
      0.0,
      0.0,
      0.0,
      0.0,
      0.0
    ],
    [
      0.0,
      0.0,
      0.0,
      0.0,
      0.0,
      0.0,
      0.0,
      0.0,
      0.0,
      0.0,
      0.9999240989459278,
      -1.6471545295678187e-17,
      0.000838118159753747,
      -1.1813282571111684e-15,
      2.2434451023733515e-17,
      -2.841962570358387e-17,
      0.0003845882530627464,
      -1.6643745874938037e-17,
      -2.2577237684463773e-17,
      1.377169987473555e-15
    ],
    [
      0.0,
      0.0,
      0.0,
      0.0,
      0.0,
      0.0,
      0.0,
      0.0,
      0.0,
      0.0,
      -1.6471545295678187e-17,
      0.9999338720618344,
      -1.3895847238585243e-15,
      -0.0006401993945166312,
      -2.4738936487355178e-17,
      3.1654281073124695e-17,
      -7.518179177156464e-16,
      1.608139478437067e-17,
      2.466325714817525e-17,
      0.0009880143771826683
    ],
    [
      0.0,
      0.0,
      0.0,
      0.0,
      0.0,
      0.0,
      0.0,
      0.0,
      0.0,
      0.0,
      0.000838118159753747,
      -1.3895847238585243e-15,
      0.9115112661145821,
      2.0264223544512386e-15,
      3.0988812535014525e-17,
      -2.0484401129228253e-16,
      -0.036877277415155646,
      -2.3893574658443127e-17,
      3.482419470352142e-17,
      3.7691089637538873e-16
    ],
    [
      0.0,
      0.0,
      0.0,
      0.0,
      0.0,
      0.0,
      0.0,
      0.0,
      0.0,
      0.0,
      -1.1813282571111684e-15,
      -0.0006401993945166312,
      2.0264223544512386e-15,
      0.022455834066634706,
      5.377081271998706e-18,
      -4.820774437369055e-18,
      -5.709775261994553e-17,
      4.593536458187411e-18,
      4.0042950351511185e-19,
      -0.008182108338508156
    ],
    [
      0.0,
      0.0,
      0.0,
      0.0,
      0.0,
      0.0,
      0.0,
      0.0,
      0.0,
      0.0,
      2.2434451023733515e-17,
      -2.4738936487355178e-17,
      3.0988812535014525e-17,
      5.377081271998706e-18,
      0.026145738761422732,
      5.453621630896731e-18,
      3.0443105024050603e-17,
      6.216807484649225e-17,
      -4.965107184375388e-17,
      6.8519982800785606e-18
    ],
    [
      0.0,
      0.0,
      0.0,
      0.0,
      0.0,
      0.0,
      0.0,
      0.0,
      0.0,
      0.0,
      -2.841962570358387e-17,
      3.1654281073124695e-17,
      -2.0484401129228253e-16,
      -4.820774437369055e-18,
      5.453621630896731e-18,
      0.026145738761422697,
      -6.78281514642579e-17,
      4.1084158907187823e-17,
      4.136645844096585e-17,
      -3.693755620360025e-18
    ],
    [
      0.0,
      0.0,
      0.0,
      0.0,
      0.0,
      0.0,
      0.0,
      0.0,
      0.0,
      0.0,
      0.0003845882530627464,
      -7.518179177156464e-16,
      -0.036877277415155646,
      -5.709775261994553e-17,
      3.0443105024050603e-17,
      -6.78281514642579e-17,
      0.010753262965636522,
      -3.560125893728695e-18,
      -9.17326614210206e-18,
      -6.034471459874228e-17
    ],
    [
      0.0,
      0.0,
      0.0,
      0.0,
      0.0,
      0.0,
      0.0,
      0.0,
      0.0,
      0.0,
      -1.6643745874938037e-17,
      1.608139478437067e-17,
      -2.3893574658443127e-17,
      4.593536458187411e-18,
      6.216807484649225e-17,
      4.1084158907187823e-17,
      -3.560125893728695e-18,
      3.290239810544774e-05,
      9.711223374310772e-21,
      -1.6292791748319648e-18
    ],
    [
      0.0,
      0.0,
      0.0,
      0.0,
      0.0,
      0.0,
      0.0,
      0.0,
      0.0,
      0.0,
      -2.2577237684463773e-17,
      2.466325714817525e-17,
      3.482419470352142e-17,
      4.0042950351511185e-19,
      -4.965107184375388e-17,
      4.136645844096585e-17,
      -9.17326614210206e-18,
      9.711223374310772e-21,
      3.2902398105447734e-05,
      -1.382914635466062e-19
    ],
    [
      0.0,
      0.0,
      0.0,
      0.0,
      0.0,
      0.0,
      0.0,
      0.0,
      0.0,
      0.0,
      1.377169987473555e-15,
      0.0009880143771826683,
      3.7691089637538873e-16,
      -0.008182108338508156,
      6.8519982800785606e-18,
      -3.693755620360025e-18,
      -6.034471459874228e-17,
      -1.6292791748319648e-18,
      -1.382914635466062e-19,
      0.0030643835263262443
    ]
  ],
  "CSRM": [
    [
      1.0087556971258487,
      1.5159090087701112e-05,
      0.0006314748308517273,
      -0.0018161691862283403,
      -0.0003854894397335025,
      -0.0003854894397335029,
      -0.0008035620380227837,
      -0.0010409540422032955,
      -0.0010409540422032953,
      -0.002415370191922654
    ],
    [
      1.5159090087701112e-05,
      1.0087758208389002,
      0.0006030350121762256,
      -0.0018398232095647195,
      -0.00033889042065042476,
      -0.0003388904206504253,
      -0.0006886512642704468,
      -0.0011169460556095237,
      -0.0011169460556095237,
      -0.002501303949657075
    ],
    [
      0.0006314748308517273,
      0.0006030350121762256,
      0.9176629401470855,
      -0.13596484671685774,
      -0.15549127036430407,
      -0.15549127036430396,
      -0.09061532013685174,
      -0.0010092430595124572,
      -0.0010092430595124604,
      -0.022730024642119925
    ],
    [
      -0.0018161691862283403,
      -0.0018398232095647195,
      -0.13596484671685774,
      0.020156221022669785,
      0.023034360327847166,
      0.023034360327847152,
      0.01342181804163514,
      0.0001474004813644945,
      0.00014740048136449498,
      0.0033750686206325577
    ],
    [
      -0.0003854894397335025,
      -0.00033889042065042476,
      -0.15549127036430407,
      0.023034360327847166,
      0.026363605655393082,
      0.026363605655393064,
      0.015373599880982908,
      0.00018686838794535854,
      0.00018686838794535908,
      0.0038597988960345545
    ],
    [
      -0.0003854894397335029,
      -0.0003388904206504253,
      -0.15549127036430396,
      0.023034360327847152,
      0.026363605655393064,
      0.026363605655393047,
      0.015373599880982898,
      0.00018686838794535843,
      0.000186868387945359,
      0.003859798896034552
    ],
    [
      -0.0008035620380227837,
      -0.0006886512642704468,
      -0.09061532013685174,
      0.01342181804163514,
      0.015373599880982908,
      0.015373599880982898,
      0.008971275136361777,
      0.00011938938674846338,
      0.00011938938674846369,
      0.002256064004928279
    ],
    [
      -0.0010409540422032955,
      -0.0011169460556095237,
      -0.0010092430595124572,
      0.0001474004813644945,
      0.00018686838794535854,
      0.00018686838794535843,
      0.00011938938674846338,
      1.8525203418538896e-05,
      1.8525203418538896e-05,
      3.696124022975717e-05
    ],
    [
      -0.0010409540422032953,
      -0.0011169460556095237,
      -0.0010092430595124604,
      0.00014740048136449498,
      0.00018686838794535908,
      0.000186868387945359,
      0.00011938938674846369,
      1.8525203418538896e-05,
      1.8525203418538896e-05,
      3.696124022975725e-05
    ],
    [
      -0.002415370191922654,
      -0.002501303949657075,
      -0.022730024642119925,
