{
  "E": -14.667262922699209,
  "sol": {
    "(((), ()), ((), ()))": 0.9536877993832932,
    "(((0,), (0,)), ((), ()))": -1.3071255038135413e-14,
    "(((), ()), ((0,), (0,)))": -1.3071255038135413e-14,
    "(((0,), (1,)), ((), ()))": -5.18919560248565e-18,
    "(((), ()), ((0,), (1,)))": -5.18919560248565e-18,
    "(((0,), (2,)), ((), ()))": 6.011833460903758e-18,
    "(((), ()), ((0,), (2,)))": 6.011833460903758e-18,
    "(((0,), (3,)), ((), ()))": 0.000256239158257523,
    "(((), ()), ((0,), (3,)))": 0.000256239158257523,
    "(((0,), (4,)), ((), ()))": 1.740477311231315e-17,
    "(((), ()), ((0,), (4,)))": 1.740477311231315e-17,
    "(((0,), (5,)), ((), ()))": 1.9667830534138354e-17,
    "(((), ()), ((0,), (5,)))": 1.9667830534138354e-17,
    "(((0,), (6,)), ((), ()))": -1.5903111279732215e-14,
    "(((), ()), ((0,), (6,)))": -1.5903111279732215e-14,
    "(((1,), (0,)), ((), ()))": -0.0007288055469659357,
    "(((), ()), ((1,), (0,)))": -0.0007288055469659357,
    "(((1,), (1,)), ((), ()))": -2.9209521939168344e-18,
    "(((), ()), ((1,), (1,)))": -2.9209521939168344e-18,
    "(((1,), (2,)), ((), ()))": -1.5752505025281398e-17,
    "(((), ()), ((1,), (2,)))": -1.5752505025281398e-17,
    "(((1,), (3,)), ((), ()))": -4.5987198361545e-15,
    "(((), ()), ((1,), (3,)))": -4.5987198361545e-15,
    "(((1,), (4,)), ((), ()))": -2.295648223006569e-17,
    "(((), ()), ((1,), (4,)))": -2.295648223006569e-17,
    "(((1,), (5,)), ((), ()))": -2.7759559541358703e-17,
    "(((), ()), ((1,), (5,)))": -2.7759559541358703e-17,
    "(((1,), (6,)), ((), ()))": -0.0008849332120353427,
    "(((), ()), ((1,), (6,)))": -0.0008849332120353427,
    "(((2,), (0,)), ((), ()))": 2.7397431726485457e-16,
    "(((), ()), ((2,), (0,)))": 2.7397431726485457e-16,
    "(((2,), (1,)), ((), ()))": -5.101305728005643e-17,
    "(((), ()), ((2,), (1,)))": -5.101305728005643e-17,
    "(((2,), (2,)), ((), ()))": -1.9744895895797728e-16,
    "(((), ()), ((2,), (2,)))": -1.9744895895797728e-16,
    "(((2,), (3,)), ((), ()))": -0.04290119112331236,
    "(((), ()), ((2,), (3,)))": -0.04290119112331236,
    "(((2,), (4,)), ((), ()))": -9.817411196304828e-17,
    "(((), ()), ((2,), (4,)))": -9.817411196304828e-17,
    "(((2,), (5,)), ((), ()))": -7.324877309311915e-17,
    "(((), ()), ((2,), (5,)))": -7.324877309311915e-17,
    "(((2,), (6,)), ((), ()))": 1.7145663050233752e-15,
    "(((), ()), ((2,), (6,)))": 1.7145663050233752e-15,
    "(((0,), (0,)), ((0,), (0,)))": -0.0018875612897799614,
    "(((0,), (0,)), ((0,), (1,)))": 1.0204486384522599e-18,
    "(((0,), (0,)), ((0,), (2,)))": 1.7789148735733312e-19,
    "(((0,), (0,)), ((0,), (3,)))": -2.655856320711708e-14,
    "(((0,), (0,)), ((0,), (4,)))": -4.686521376276428e-20,
    "(((0,), (0,)), ((0,), (5,)))": 1.612233113228651e-19,
    "(((0,), (0,)), ((0,), (6,)))": -0.0009017607597736216,
    "(((0,), (0,)), ((1,), (0,)))": -4.276444548904583e-16,
    "(((0,), (0,)), ((1,), (1,)))": -1.3196412507117692e-19,
    "(((0,), (0,)), ((1,), (2,)))": 7.26733123229234e-19,
    "(((0,), (0,)), ((1,), (3,)))": -0.0007092585991089128,
    "(((0,), (0,)), ((1,), (4,)))": -3.285210000246172e-20,
    "(((0,), (0,)), ((1,), (5,)))": -8.478965258338743e-19,
    "(((0,), (0,)), ((1,), (6,)))": 1.267273784386828e-15,
    "(((0,), (0,)), ((2,), (0,)))": 0.0011756037790640135,
    "(((0,), (0,)), ((2,), (1,)))": -3.2668496733636824e-18,
    "(((0,), (0,)), ((2,), (2,)))": -4.770194319142697e-19,
    "(((0,), (0,)), ((2,), (3,)))": -2.2109027683786745e-14,
    "(((0,), (0,)), ((2,), (4,)))": 2.695729150317755e-19,
    "(((0,), (0,)), ((2,), (5,)))": -1.9025860350136788e-18,
    "(((0,), (0,)), ((2,), (6,)))": 0.0021635574014842417,
    "(((0,), (1,)), ((0,), (0,)))": 1.020448638452256e-18,
    "(((0,), (1,)), ((0,), (1,)))": -0.0004006428611527123,
    "(((0,), (1,)), ((0,), (2,)))": -2.28368294304355e-19,
    "(((0,), (1,)), ((0,), (3,)))": 2.3307937996556845e-19,
    "(((0,), (1,)), ((0,), (4,)))": 8.251232454916342e-15,
    "(((0,), (1,)), ((0,), (5,)))": -3.3004644457323153e-14,
    "(((0,), (1,)), ((0,), (6,)))": 5.34681382592475e-19,
    "(((0,), (1,)), ((1,), (0,)))": 1.2553216527229115e-19,
    "(((0,), (1,)), ((1,), (1,)))": 8.744709520196023e-16,
    "(((0,), (1,)), ((1,), (2,)))": -3.761371523649749e-19,
    "(((0,), (1,)), ((1,), (3,)))": 6.1484025422432125e-19,
    "(((0,), (1,)), ((1,), (4,)))": 0.00023713849477745226,
    "(((0,), (1,)), ((1,), (5,)))": -0.0009485020161937446,
    "(((0,), (1,)), ((1,), (6,)))": -5.4525882510333195e-19,
    "(((0,), (1,)), ((2,), (0,)))": -3.683493517007876e-18,
    "(((0,), (1,)), ((2,), (1,)))": -0.0027381581251654744,
    "(((0,), (1,)), ((2,), (2,)))": 1.204060447044471e-09,
    "(((0,), (1,)), ((2,), (3,)))": 1.33601485823151e-18,
    "(((0,), (1,)), ((2,), (4,)))": 9.472815162798786e-15,
    "(((0,), (1,)), ((2,), (5,)))": -3.788582576025766e-14,
    "(((0,), (1,)), ((2,), (6,)))": -2.6276329651360726e-18,
    "(((0,), (2,)), ((0,), (0,)))": 1.77891487357331e-19,
    "(((0,), (2,)), ((0,), (1,)))": 1.716676499989009e-19,
    "(((0,), (2,)), ((0,), (2,)))": -0.0004006428611527116,
    "(((0,), (2,)), ((0,), (3,)))": 4.550170424651212e-19,
    "(((0,), (2,)), ((0,), (4,)))": -3.3004170577104844e-14,
    "(((0,), (2,)), ((0,), (5,)))": -8.251081979873462e-15,
    "(((0,), (2,)), ((0,), (6,)))": 2.229086057792652e-19,
    "(((0,), (2,)), ((1,), (0,)))": 9.660627089540266e-19,
    "(((0,), (2,)), ((1,), (1,)))": -6.80702432023573e-19,
    "(((0,), (2,)), ((1,), (2,)))": 8.763996316094183e-16,
    "(((0,), (2,)), ((1,), (3,)))": 2.5431568237110923e-19,
    "(((0,), (2,)), ((1,), (4,)))": -0.0009485020161937442,
    "(((0,), (2,)), ((1,), (5,)))": -0.00023713849477745237,
    "(((0,), (2,)), ((1,), (6,)))": -8.370071694294339e-19,
    "(((0,), (2,)), ((2,), (0,)))": -1.0155152245924475e-18,
    "(((0,), (2,)), ((2,), (1,)))": -1.2040604471515411e-09,
    "(((0,), (2,)), ((2,), (2,)))": -0.002738158125165473,
    "(((0,), (2,)), ((2,), (3,)))": 9.88693398483546e-19,
    "(((0,), (2,)), ((2,), (4,)))": -3.788594846413946e-14,
    "(((0,), (2,)), ((2,), (5,)))": -9.472089403488104e-15,
    "(((0,), (2,)), ((2,), (6,)))": 5.676844433847713e-20,
    "(((0,), (3,)), ((0,), (0,)))": -2.655923623603597e-14,
    "(((0,), (3,)), ((0,), (1,)))": 2.3307937996557e-19,
    "(((0,), (3,)), ((0,), (2,)))": 4.550170424651209e-19,
    "(((0,), (3,)), ((0,), (3,)))": -0.0008351498662495664,
    "(((0,), (3,)), ((0,), (4,)))": 3.977442860591623e-20,
    "(((0,), (3,)), ((0,), (5,)))": 4.6348589561878266e-20,
    "(((0,), (3,)), ((0,), (6,)))": 3.459293407056364e-14,
    "(((0,), (3,)), ((1,), (0,)))": -0.0007709121748259859,
    "(((0,), (3,)), ((1,), (1,)))": 6.001506249816892e-19,
    "(((0,), (3,)), ((1,), (2,)))": 2.0755631342251616e-19,
    "(((0,), (3,)), ((1,), (3,)))": 2.132823706372694e-15,
    "(((0,), (3,)), ((1,), (4,)))": -8.060806611178632e-19,
    "(((0,), (3,)), ((1,), (5,)))": -3.3946664047998893e-19,
    "(((0,), (3,)), ((1,), (6,)))": 0.0010180261667605416,
    "(((0,), (3,)), ((2,), (0,)))": -1.8315656097695485e-14,
    "(((0,), (3,)), ((2,), (1,)))": 2.7831276061619745e-19,
    "(((0,), (3,)), ((2,), (2,)))": 7.345932282770513e-19,
    "(((0,), (3,)), ((2,), (3,)))": -0.0032811834292813683,
    "(((0,), (3,)), ((2,), (4,)))": 9.053941780818592e-20,
    "(((0,), (3,)), ((2,), (5,)))": -3.306013097022615e-19,
    "(((0,), (3,)), ((2,), (6,)))": 3.198715203360274e-14,
    "(((0,), (4,)), ((0,), (0,)))": -4.686521376276382e-20,
    "(((0,), (4,)), ((0,), (1,)))": 8.250976307000813e-15,
    "(((0,), (4,)), ((0,), (2,)))": -3.3004236868440246e-14,
    "(((0,), (4,)), ((0,), (3,)))": 3.977442860591573e-20,
    "(((0,), (4,)), ((0,), (4,)))": -0.0010818736829969417,
    "(((0,), (4,)), ((0,), (5,)))": 8.342336073485097e-22,
    "(((0,), (4,)), ((0,), (6,)))": -8.701848088540434e-20,
    "(((0,), (4,)), ((1,), (0,)))": 4.3102631649211604e-20,
    "(((0,), (4,)), ((1,), (1,)))": 0.00022281683520127446,
    "(((0,), (4,)), ((1,), (2,)))": -0.0008912184309956722,
    "(((0,), (4,)), ((1,), (3,)))": -7.704381390392673e-19,
    "(((0,), (4,)), ((1,), (4,)))": -1.4251366224853605e-15,
    "(((0,), (4,)), ((1,), (5,)))": 3.1368503217727855e-19,
    "(((0,), (4,)), ((1,), (6,)))": 4.260473849910173e-19,
    "(((0,), (4,)), ((2,), (0,)))": -3.896962868392348e-19,
    "(((0,), (4,)), ((2,), (1,)))": 1.2310646448109743e-14,
    "(((0,), (4,)), ((2,), (2,)))": -4.9236584716866174e-14,
    "(((0,), (4,)), ((2,), (3,)))": -6.785178174898518e-19,
    "(((0,), (4,)), ((2,), (4,)))": -0.002715098473427119,
    "(((0,), (4,)), ((2,), (5,)))": -1.1898772324037047e-09,
    "(((0,), (4,)), ((2,), (6,)))": -3.1102067997198236e-20,
    "(((0,), (5,)), ((0,), (0,)))": 1.6122331132286366e-19,
    "(((0,), (5,)), ((0,), (1,)))": -3.300496579725019e-14,
    "(((0,), (5,)), ((0,), (2,)))": -8.251222332160771e-15,
    "(((0,), (5,)), ((0,), (3,)))": 4.63485895618781e-20,
    "(((0,), (5,)), ((0,), (4,)))": 4.389705728460072e-20,
    "(((0,), (5,)), ((0,), (5,)))": -0.0010818736829969432,
    "(((0,), (5,)), ((0,), (6,)))": 1.584574455216843e-20,
    "(((0,), (5,)), ((1,), (0,)))": -5.490016532319677e-19,
    "(((0,), (5,)), ((1,), (1,)))": -0.0008912184309956727,
    "(((0,), (5,)), ((1,), (2,)))": -0.00022281683520127473,
    "(((0,), (5,)), ((1,), (3,)))": -3.324382112849699e-19,
    "(((0,), (5,)), ((1,), (4,)))": 9.918192568211754e-20,
    "(((0,), (5,)), ((1,), (5,)))": -1.422697732889922e-15,
    "(((0,), (5,)), ((1,), (6,)))": 1.8132731438640635e-19,
    "(((0,), (5,)), ((2,), (0,)))": -2.815249764619926e-18,
    "(((0,), (5,)), ((2,), (1,)))": -4.923550210804899e-14,
    "(((0,), (5,)), ((2,), (2,)))": -1.2309755057690477e-14,
    "(((0,), (5,)), ((2,), (3,)))": -6.440028361442366e-19,
    "(((0,), (5,)), ((2,), (4,)))": 1.1898772323635688e-09,
    "(((0,), (5,)), ((2,), (5,)))": -0.002715098473427123,
    "(((0,), (5,)), ((2,), (6,)))": -2.0706748961412618e-18,
    "(((0,), (6,)), ((0,), (0,)))": -0.0009017607597736147,
    "(((0,), (6,)), ((0,), (1,)))": 5.346813825924728e-19,
    "(((0,), (6,)), ((0,), (2,)))": 2.229086057792674e-19,
    "(((0,), (6,)), ((0,), (3,)))": 3.459309256639253e-14,
    "(((0,), (6,)), ((0,), (4,)))": -8.70184808854033e-20,
    "(((0,), (6,)), ((0,), (5,)))": 1.5845744552166697e-20,
    "(((0,), (6,)), ((0,), (6,)))": -0.0025103172728019423,
    "(((0,), (6,)), ((1,), (0,)))": 1.2659822046947614e-15,
    "(((0,), (6,)), ((1,), (1,)))": -6.075419983854557e-19,
    "(((0,), (6,)), ((1,), (2,)))": -7.954400464060072e-19,
    "(((0,), (6,)), ((1,), (3,)))": 0.0009103178182281333,
    "(((0,), (6,)), ((1,), (4,)))": 3.617369915633389e-19,
    "(((0,), (6,)), ((1,), (5,)))": -6.020010099700386e-20,
    "(((0,), (6,)), ((1,), (6,)))": -1.604594343087167e-15,
    "(((0,), (6,)), ((2,), (0,)))": 0.0025658393825709926,
    "(((0,), (6,)), ((2,), (1,)))": -2.659553637164713e-18,
    "(((0,), (6,)), ((2,), (2,)))": 3.1536538431784843e-19,
    "(((0,), (6,)), ((2,), (3,)))": 6.158370303471074e-14,
    "(((0,), (6,)), ((2,), (4,)))": 6.737629027723068e-19,
    "(((0,), (6,)), ((2,), (5,)))": -1.7026425995362765e-18,
    "(((0,), (6,)), ((2,), (6,)))": -0.0011274725802783046,
    "(((1,), (0,)), ((0,), (0,)))": -4.2841967903676743e-16,
    "(((1,), (0,)), ((0,), (1,)))": 1.2553216527229142e-19,
    "(((1,), (0,)), ((0,), (2,)))": 9.66062708954025e-19,
    "(((1,), (0,)), ((0,), (3,)))": -0.0007709121748259878,
    "(((1,), (0,)), ((0,), (4,)))": 4.310263164921165e-20,
    "(((1,), (0,)), ((0,), (5,)))": -5.490016532319692e-19,
    "(((1,), (0,)), ((0,), (6,)))": 1.2674244533331842e-15,
    "(((1,), (0,)), ((1,), (0,)))": -0.0019121451301449127,
    "(((1,), (0,)), ((1,), (1,)))": 1.1425189027331275e-18,
    "(((1,), (0,)), ((1,), (2,)))": 2.317496413919628e-19,
    "(((1,), (0,)), ((1,), (3,)))": 2.6551987566186742e-14,
    "(((1,), (0,)), ((1,), (4,)))": 2.817313293981755e-20,
    "(((1,), (0,)), ((1,), (5,)))": 2.949462250613616e-19,
    "(((1,), (0,)), ((1,), (6,)))": -0.0008308176342308473,
    "(((1,), (0,)), ((2,), (0,)))": -2.1069940801160178e-14,
    "(((1,), (0,)), ((2,), (1,)))": 3.635622632607128e-19,
    "(((1,), (0,)), ((2,), (2,)))": 2.064637895758138e-18,
    "(((1,), (0,)), ((2,), (3,)))": -0.0012336593954978686,
    "(((1,), (0,)), ((2,), (4,)))": 8.156720076398706e-19,
    "(((1,), (0,)), ((2,), (5,)))": -5.701657796390889e-19,
    "(((1,), (0,)), ((2,), (6,)))": -3.88299516901452e-14,
    "(((1,), (1,)), ((0,), (0,)))": -1.319641250711776e-19,
    "(((1,), (1,)), ((0,), (1,)))": 8.74492164110942e-16,
    "(((1,), (1,)), ((0,), (2,)))": -5.244740084669237e-19,
    "(((1,), (1,)), ((0,), (3,)))": 6.001506249816899e-19,
    "(((1,), (1,)), ((0,), (4,)))": 0.0002228168352012746,
    "(((1,), (1,)), ((0,), (5,)))": -0.0008912184309956728,
    "(((1,), (1,)), ((0,), (6,)))": -6.075419983854566e-19,
    "(((1,), (1,)), ((1,), (0,)))": 1.1425189027331236e-18,
    "(((1,), (1,)), ((1,), (1,)))": -0.0003522121481232737,
    "(((1,), (1,)), ((1,), (2,)))": 1.3030440727108485e-19,
    "(((1,), (1,)), ((1,), (3,)))": 1.6537195108306036e-19,
    "(((1,), (1,)), ((1,), (4,)))": -8.252829297140336e-15,
    "(((1,), (1,)), ((1,), (5,)))": 3.3006781145779414e-14,
    "(((1,), (1,)), ((1,), (6,)))": 5.993596032475056e-19,
    "(((1,), (1,)), ((2,), (0,)))": 7.928869638060696e-19,
    "(((1,), (1,)), ((2,), (1,)))": 4.913610270207613e-14,
    "(((1,), (1,)), ((2,), (2,)))": -1.8846752657301536e-18,
    "(((1,), (1,)), ((2,), (3,)))": 5.683098227838348e-19,
    "(((1,), (1,)), ((2,), (4,)))": 0.0005279541638784605,
    "(((1,), (1,)), ((2,), (5,)))": -0.0021117185166271285,
    "(((1,), (1,)), ((2,), (6,)))": -4.335736583688376e-19,
    "(((1,), (2,)), ((0,), (0,)))": 7.267331232292351e-19,
    "(((1,), (2,)), ((0,), (1,)))": -5.65652277412431e-19,
    "(((1,), (2,)), ((0,), (2,)))": 8.763066247473905e-16,
    "(((1,), (2,)), ((0,), (3,)))": 2.0755631342251587e-19,
    "(((1,), (2,)), ((0,), (4,)))": -0.0008912184309956725,
    "(((1,), (2,)), ((0,), (5,)))": -0.00022281683520127454,
    "(((1,), (2,)), ((0,), (6,)))": -7.954400464060062e-19,
    "(((1,), (2,)), ((1,), (0,)))": 2.31749641391962e-19,
    "(((1,), (2,)), ((1,), (1,)))": -1.465380684257699e-19,
    "(((1,), (2,)), ((1,), (2,)))": -0.00035221214812327316,
    "(((1,), (2,)), ((1,), (3,)))": 3.342510392597353e-19,
    "(((1,), (2,)), ((1,), (4,)))": 3.300753684316161e-14,
    "(((1,), (2,)), ((1,), (5,)))": 8.252790406724126e-15,
    "(((1,), (2,)), ((1,), (6,)))": 2.8839197349034045e-19,
    "(((1,), (2,)), ((2,), (0,)))": 1.3716994607366065e-18,
    "(((1,), (2,)), ((2,), (1,)))": -1.0394820237318182e-18,
    "(((1,), (2,)), ((2,), (2,)))": 4.914126718215753e-14,
    "(((1,), (2,)), ((2,), (3,)))": 6.428573365348987e-19,
    "(((1,), (2,)), ((2,), (4,)))": -0.0021117185166271285,
    "(((1,), (2,)), ((2,), (5,)))": -0.0005279541638784608,
    "(((1,), (2,)), ((2,), (6,)))": -1.2766259670304978e-18,
    "(((1,), (3,)), ((0,), (0,)))": -0.0007092585991089109,
    "(((1,), (3,)), ((0,), (1,)))": 6.148402542243207e-19,
    "(((1,), (3,)), ((0,), (2,)))": 2.543156823711099e-19,
    "(((1,), (3,)), ((0,), (3,)))": 2.1326982541082875e-15,
    "(((1,), (3,)), ((0,), (4,)))": -7.7043813903926685e-19,
    "(((1,), (3,)), ((0,), (5,)))": -3.32438211284971e-19,
    "(((1,), (3,)), ((0,), (6,)))": 0.0009103178182281339,
    "(((1,), (3,)), ((1,), (0,)))": 2.6550116503416218e-14,
    "(((1,), (3,)), ((1,), (1,)))": 1.6537195108306195e-19,
    "(((1,), (3,)), ((1,), (2,)))": 3.3425103925973507e-19,
    "(((1,), (3,)), ((1,), (3,)))": -0.0007157219539170182,
    "(((1,), (3,)), ((1,), (4,)))": 8.374982520023986e-20,
    "(((1,), (3,)), ((1,), (5,)))": 1.2541731966751885e-19,
    "(((1,), (3,)), ((1,), (6,)))": -3.4596849953979374e-14,
    "(((1,), (3,)), ((2,), (0,)))": -0.0010220998273839559,
    "(((1,), (3,)), ((2,), (1,)))": 8.420382388116803e-19,
    "(((1,), (3,)), ((2,), (2,)))": 5.629104173488738e-19,
    "(((1,), (3,)), ((2,), (3,)))": 5.884407615597478e-14,
    "(((1,), (3,)), ((2,), (4,)))": -1.9227217231664953e-18,
    "(((1,), (3,)), ((2,), (5,)))": -8.074687238836173e-19,
    "(((1,), (3,)), ((2,), (6,)))": 0.0017821853203890724,
    "(((1,), (4,)), ((0,), (0,)))": -3.285210000246172e-20,
    "(((1,), (4,)), ((0,), (1,)))": 0.00023713849477745226,
    "(((1,), (4,)), ((0,), (2,)))": -0.0009485020161937438,
    "(((1,), (4,)), ((0,), (3,)))": -8.060806611178632e-19,
    "(((1,), (4,)), ((0,), (4,)))": -1.4252061605482246e-15,
    "(((1,), (4,)), ((0,), (5,)))": 1.8073680090460437e-19,
    "(((1,), (4,)), ((0,), (6,)))": 3.617369915633375e-19,
    "(((1,), (4,)), ((1,), (0,)))": 2.817313293981625e-20,
    "(((1,), (4,)), ((1,), (1,)))": -8.25290862390605e-15,
    "(((1,), (4,)), ((1,), (2,)))": 3.3007695516615125e-14,
    "(((1,), (4,)), ((1,), (3,)))": 8.37498252002388e-20,
    "(((1,), (4,)), ((1,), (4,)))": -0.0011608526187871287,
    "(((1,), (4,)), ((1,), (5,)))": -5.655041981828255e-20,
    "(((1,), (4,)), ((1,), (6,)))": -4.3451844276636576e-20,
    "(((1,), (4,)), ((2,), (0,)))": 5.597865851694184e-19,
    "(((1,), (4,)), ((2,), (1,)))": 0.0006861340749403345,
    "(((1,), (4,)), ((2,), (2,)))": -0.0027443967235706987,
    "(((1,), (4,)), ((2,), (3,)))": -1.4107222201226477e-18,
    "(((1,), (4,)), ((2,), (4,)))": 4.868977761072396e-14,
    "(((1,), (4,)), ((2,), (5,)))": -5.949474235947789e-20,
    "(((1,), (4,)), ((2,), (6,)))": 1.370617089363711e-18,
    "(((1,), (5,)), ((0,), (0,)))": -8.478965258338734e-19,
    "(((1,), (5,)), ((0,), (1,)))": -0.0009485020161937449,
    "(((1,), (5,)), ((0,), (2,)))": -0.00023713849477745272,
    "(((1,), (5,)), ((0,), (3,)))": -3.39466640479988e-19,
    "(((1,), (5,)), ((0,), (4,)))": 2.897827384472572e-19,
    "(((1,), (5,)), ((0,), (5,)))": -1.422653054684532e-15,
    "(((1,), (5,)), ((0,), (6,)))": -6.020010099700348e-20,
    "(((1,), (5,)), ((1,), (0,)))": 2.9494622506136014e-19,
    "(((1,), (5,)), ((1,), (1,)))": 3.300699732504829e-14,
    "(((1,), (5,)), ((1,), (2,)))": 8.252854027855018e-15,
    "(((1,), (5,)), ((1,), (3,)))": 1.2541731966751808e-19,
    "(((1,), (5,)), ((1,), (4,)))": -8.338262889220016e-21,
    "(((1,), (5,)), ((1,), (5,)))": -0.0011608526187871305,
    "(((1,), (5,)), ((1,), (6,)))": 4.912541332942223e-20,
    "(((1,), (5,)), ((2,), (0,)))": -5.060788759548888e-19,
    "(((1,), (5,)), ((2,), (1,)))": -0.0027443967235707004,
    "(((1,), (5,)), ((2,), (2,)))": -0.0006861340749403349,
    "(((1,), (5,)), ((2,), (3,)))": -2.339330889468647e-19,
    "(((1,), (5,)), ((2,), (4,)))": 1.382168233818169e-18,
    "(((1,), (5,)), ((2,), (5,)))": 4.8697057710954425e-14,
    "(((1,), (5,)), ((2,), (6,)))": 8.334937644668292e-19,
    "(((1,), (6,)), ((0,), (0,)))": 1.267620339636975e-15,
    "(((1,), (6,)), ((0,), (1,)))": -5.4525882510333195e-19,
    "(((1,), (6,)), ((0,), (2,)))": -8.370071694294348e-19,
    "(((1,), (6,)), ((0,), (3,)))": 0.0010180261667605407,
    "(((1,), (6,)), ((0,), (4,)))": 4.260473849910184e-19,
    "(((1,), (6,)), ((0,), (5,)))": 1.8132731438640471e-19,
    "(((1,), (6,)), ((0,), (6,)))": -1.603944508304025e-15,
    "(((1,), (6,)), ((1,), (0,)))": -0.0008308176342308455,
    "(((1,), (6,)), ((1,), (1,)))": 5.993596032475056e-19,
    "(((1,), (6,)), ((1,), (2,)))": 2.8839197349034237e-19,
    "(((1,), (6,)), ((1,), (3,)))": -3.459820765698897e-14,
    "(((1,), (6,)), ((1,), (4,)))": -4.345184427663511e-20,
    "(((1,), (6,)), ((1,), (5,)))": 4.9125413329420017e-20,
    "(((1,), (6,)), ((1,), (6,)))": -0.0025996290965273976,
    "(((1,), (6,)), ((2,), (0,)))": -4.604944805465028e-14,
    "(((1,), (6,)), ((2,), (1,)))": -1.235686740593005e-18,
    "(((1,), (6,)), ((2,), (2,)))": -2.4703057574472373e-18,
    "(((1,), (6,)), ((2,), (3,)))": 0.0034317305980833815,
    "(((1,), (6,)), ((2,), (4,)))": 1.4421364968029302e-18,
    "(((1,), (6,)), ((2,), (5,)))": 9.75447233544489e-19,
    "(((1,), (6,)), ((2,), (6,)))": 2.0223818152801797e-14,
    "(((2,), (0,)), ((0,), (0,)))": 0.0011756037790640133,
    "(((2,), (0,)), ((0,), (1,)))": -3.683493517007876e-18,
    "(((2,), (0,)), ((0,), (2,)))": -1.0155152245924477e-18,
    "(((2,), (0,)), ((0,), (3,)))": -1.831670432117742e-14,
    "(((2,), (0,)), ((0,), (4,)))": -3.896962868392298e-19,
    "(((2,), (0,)), ((0,), (5,)))": -2.8152497646199286e-18,
    "(((2,), (0,)), ((0,), (6,)))": 0.0025658393825709986,
    "(((2,), (0,)), ((1,), (0,)))": -2.1068698010472422e-14,
    "(((2,), (0,)), ((1,), (1,)))": 7.928869638060737e-19,
    "(((2,), (0,)), ((1,), (2,)))": 1.3716994607366073e-18,
    "(((2,), (0,)), ((1,), (3,)))": -0.001022099827383956,
    "(((2,), (0,)), ((1,), (4,)))": 5.597865851694184e-19,
    "(((2,), (0,)), ((1,), (5,)))": -5.060788759548861e-19,
    "(((2,), (0,)), ((1,), (6,)))": -4.606387948093313e-14,
    "(((2,), (0,)), ((2,), (0,)))": -0.14130959121004716,
    "(((2,), (0,)), ((2,), (1,)))": 2.0772175819507722e-17,
    "(((2,), (0,)), ((2,), (2,)))": -1.1673368736645516e-17,
    "(((2,), (0,)), ((2,), (3,)))": -7.012577677222474e-16,
    "(((2,), (0,)), ((2,), (4,)))": -5.2223944637134645e-17,
    "(((2,), (0,)), ((2,), (5,)))": 4.312487787139859e-17,
    "(((2,), (0,)), ((2,), (6,)))": -0.04960159202270534,
    "(((2,), (1,)), ((0,), (0,)))": -3.26684967336368e-18,
    "(((2,), (1,)), ((0,), (1,)))": -0.0027381581251654736,
    "(((2,), (1,)), ((0,), (2,)))": -1.2040604461296672e-09,
    "(((2,), (1,)), ((0,), (3,)))": 2.7831276061619745e-19,
    "(((2,), (1,)), ((0,), (4,)))": 1.2310303179263222e-14,
    "(((2,), (1,)), ((0,), (5,)))": -4.923509397675342e-14,
    "(((2,), (1,)), ((0,), (6,)))": -2.6595536371647207e-18,
    "(((2,), (1,)), ((1,), (0,)))": 3.6356226326070417e-19,
    "(((2,), (1,)), ((1,), (1,)))": 4.913624199766608e-14,
    "(((2,), (1,)), ((1,), (2,)))": -7.888623765027906e-19,
    "(((2,), (1,)), ((1,), (3,)))": 8.420382388116795e-19,
    "(((2,), (1,)), ((1,), (4,)))": 0.0006861340749403353,
    "(((2,), (1,)), ((1,), (5,)))": -0.0027443967235706995,
    "(((2,), (1,)), ((1,), (6,)))": -1.2356867405930065e-18,
    "(((2,), (1,)), ((2,), (0,)))": 2.0772175819507738e-17,
    "(((2,), (1,)), ((2,), (1,)))": -0.16160358371310585,
    "(((2,), (1,)), ((2,), (2,)))": -1.2949024906890752e-17,
    "(((2,), (1,)), ((2,), (3,)))": -3.158551992250315e-17,
    "(((2,), (1,)), ((2,), (4,)))": 3.514675787765377e-16,
    "(((2,), (1,)), ((2,), (5,)))": -4.633269438422093e-16,
    "(((2,), (1,)), ((2,), (6,)))": 1.881591818645885e-17,
    "(((2,), (2,)), ((0,), (0,)))": -4.770194319142699e-19,
    "(((2,), (2,)), ((0,), (1,)))": 1.2040604460296756e-09,
    "(((2,), (2,)), ((0,), (2,)))": -0.002738158125165473,
    "(((2,), (2,)), ((0,), (3,)))": 7.345932282770515e-19,
    "(((2,), (2,)), ((0,), (4,)))": -4.923540053591586e-14,
    "(((2,), (2,)), ((0,), (5,)))": -1.2309774703046046e-14,
    "(((2,), (2,)), ((0,), (6,)))": 3.153653843178399e-19,
    "(((2,), (2,)), ((1,), (0,)))": 2.0646378957581367e-18,
    "(((2,), (2,)), ((1,), (1,)))": -2.1434799567041264e-18,
    "(((2,), (2,)), ((1,), (2,)))": 4.914099854066262e-14,
    "(((2,), (2,)), ((1,), (3,)))": 5.62910417348873e-19,
    "(((2,), (2,)), ((1,), (4,)))": -0.002744396723570697,
    "(((2,), (2,)), ((1,), (5,)))": -0.0006861340749403349,
    "(((2,), (2,)), ((1,), (6,)))": -2.470305757447242e-18,
    "(((2,), (2,)), ((2,), (0,)))": -1.1673368736645507e-17,
    "(((2,), (2,)), ((2,), (1,)))": -1.0284961496458925e-17,
    "(((2,), (2,)), ((2,), (2,)))": -0.1616035837131061,
    "(((2,), (2,)), ((2,), (3,)))": -3.0148942510188724e-17,
    "(((2,), (2,)), ((2,), (4,)))": -6.455869831507924e-16,
    "(((2,), (2,)), ((2,), (5,)))": -2.821749188640963e-16,
    "(((2,), (2,)), ((2,), (6,)))": 2.546418362007103e-17,
    "(((2,), (3,)), ((0,), (0,)))": -2.2108015099464875e-14,
    "(((2,), (3,)), ((0,), (1,)))": 1.3360148582315082e-18,
    "(((2,), (3,)), ((0,), (2,)))": 9.886933984835444e-19,
    "(((2,), (3,)), ((0,), (3,)))": -0.0032811834292813683,
    "(((2,), (3,)), ((0,), (4,)))": -6.785178174898485e-19,
    "(((2,), (3,)), ((0,), (5,)))": -6.440028361442374e-19,
    "(((2,), (3,)), ((0,), (6,)))": 6.158954324592503e-14,
    "(((2,), (3,)), ((1,), (0,)))": -0.0012336593954978667,
    "(((2,), (3,)), ((1,), (1,)))": 5.683098227838346e-19,
    "(((2,), (3,)), ((1,), (2,)))": 6.428573365348997e-19,
    "(((2,), (3,)), ((1,), (3,)))": 5.884414463457078e-14,
    "(((2,), (3,)), ((1,), (4,)))": -1.4107222201226467e-18,
    "(((2,), (3,)), ((1,), (5,)))": -2.3393308894686355e-19,
    "(((2,), (3,)), ((1,), (6,)))": 0.003431730598083385,
    "(((2,), (3,)), ((2,), (0,)))": -7.204589577907176e-16,
    "(((2,), (3,)), ((2,), (1,)))": -3.158551992250316e-17,
    "(((2,), (3,)), ((2,), (2,)))": -3.014894251018871e-17,
    "(((2,), (3,)), ((2,), (3,)))": -0.09417738560849435,
    "(((2,), (3,)), ((2,), (4,)))": 3.036792612606914e-18,
    "(((2,), (3,)), ((2,), (5,)))": -2.3343213452657874e-17,
    "(((2,), (3,)), ((2,), (6,)))": -4.4096515666107614e-16,
    "(((2,), (4,)), ((0,), (0,)))": 2.6957291503177243e-19,
    "(((2,), (4,)), ((0,), (1,)))": 9.473296157928279e-15,
    "(((2,), (4,)), ((0,), (2,)))": -3.788682524344341e-14,
    "(((2,), (4,)), ((0,), (3,)))": 9.0539417808184e-20,
    "(((2,), (4,)), ((0,), (4,)))": -0.002715098473427119,
    "(((2,), (4,)), ((0,), (5,)))": 1.1898772325327589e-09,
    "(((2,), (4,)), ((0,), (6,)))": 6.737629027723025e-19,
    "(((2,), (4,)), ((1,), (0,)))": 8.156720076398706e-19,
    "(((2,), (4,)), ((1,), (1,)))": 0.0005279541638784597,
    "(((2,), (4,)), ((1,), (2,)))": -0.0021117185166271294,
    "(((2,), (4,)), ((1,), (3,)))": -1.9227217231664964e-18,
    "(((2,), (4,)), ((1,), (4,)))": 4.868971499912219e-14,
    "(((2,), (4,)), ((1,), (5,)))": 1.021485776442133e-18,
    "(((2,), (4,)), ((1,), (6,)))": 1.4421364968029279e-18,
    "(((2,), (4,)), ((2,), (0,)))": -5.222394463713464e-17,
    "(((2,), (4,)), ((2,), (1,)))": 3.5080739929183636e-16,
    "(((2,), (4,)), ((2,), (2,)))": -6.458615768084367e-16,
    "(((2,), (4,)), ((2,), (3,)))": 3.0367926126069187e-18,
    "(((2,), (4,)), ((2,), (4,)))": -0.0010489197487062833,
    "(((2,), (4,)), ((2,), (5,)))": 1.4701657039923933e-17,
    "(((2,), (4,)), ((2,), (6,)))": -1.412284029202279e-17,
    "(((2,), (5,)), ((0,), (0,)))": -1.902586035013674e-18,
    "(((2,), (5,)), ((0,), (1,)))": -3.788517687160727e-14,
    "(((2,), (5,)), ((0,), (2,)))": -9.472359869596743e-15,
    "(((2,), (5,)), ((0,), (3,)))": -3.3060130970226174e-19,
    "(((2,), (5,)), ((0,), (4,)))": -1.1898772324835902e-09,
    "(((2,), (5,)), ((0,), (5,)))": -0.002715098473427123,
    "(((2,), (5,)), ((0,), (6,)))": -1.702642599536276e-18,
    "(((2,), (5,)), ((1,), (0,)))": -5.701657796390914e-19,
    "(((2,), (5,)), ((1,), (1,)))": -0.0021117185166271294,
    "(((2,), (5,)), ((1,), (2,)))": -0.0005279541638784609,
    "(((2,), (5,)), ((1,), (3,)))": -8.07468723883618e-19,
    "(((2,), (5,)), ((1,), (4,)))": 1.404577804044923e-19,
    "(((2,), (5,)), ((1,), (5,)))": 4.8696506960753635e-14,
    "(((2,), (5,)), ((1,), (6,)))": 9.754472335444904e-19,
    "(((2,), (5,)), ((2,), (0,)))": 4.31248778713986e-17,
    "(((2,), (5,)), ((2,), (1,)))": -4.430070131765352e-16,
    "(((2,), (5,)), ((2,), (2,)))": -2.827030624518574e-16,
    "(((2,), (5,)), ((2,), (3,)))": -2.3343213452657877e-17,
    "(((2,), (5,)), ((2,), (4,)))": 1.4507452424545445e-17,
    "(((2,), (5,)), ((2,), (5,)))": -0.0010489197487063284,
    "(((2,), (5,)), ((2,), (6,)))": 1.3722946028544388e-17,
    "(((2,), (6,)), ((0,), (0,)))": 0.0021635574014842373,
    "(((2,), (6,)), ((0,), (1,)))": -2.627632965136067e-18,
    "(((2,), (6,)), ((0,), (2,)))": 5.676844433848531e-20,
    "(((2,), (6,)), ((0,), (3,)))": 3.1983395990431e-14,
    "(((2,), (6,)), ((0,), (4,)))": -3.1102067997193807e-20,
    "(((2,), (6,)), ((0,), (5,)))": -2.0706748961412633e-18,
    "(((2,), (6,)), ((0,), (6,)))": -0.001127472580278308,
    "(((2,), (6,)), ((1,), (0,)))": -3.881418871156604e-14,
    "(((2,), (6,)), ((1,), (1,)))": -4.335736583688374e-19,
    "(((2,), (6,)), ((1,), (2,)))": -1.276625967030492e-18,
    "(((2,), (6,)), ((1,), (3,)))": 0.0017821853203890696,
    "(((2,), (6,)), ((1,), (4,)))": 1.3706170893637114e-18,
    "(((2,), (6,)), ((1,), (5,)))": 8.334937644668277e-19,
    "(((2,), (6,)), ((1,), (6,)))": 2.0220396109480965e-14,
    "(((2,), (6,)), ((2,), (0,)))": -0.04960159202270527,
    "(((2,), (6,)), ((2,), (1,)))": 1.8815918186458827e-17,
    "(((2,), (6,)), ((2,), (2,)))": 2.5464183620070945e-17,
    "(((2,), (6,)), ((2,), (3,)))": -4.161976423798243e-16,
    "(((2,), (6,)), ((2,), (4,)))": -1.4122840292022686e-17,
    "(((2,), (6,)), ((2,), (5,)))": 1.3722946028544327e-17,
    "(((2,), (6,)), ((2,), (6,)))": -0.023623534199411243
  },
  "red": [
    [
      0.9999240989522533,
      -1.752329333383657e-16,
      0.0008381184132819021,
      -1.147878828283354e-14,
      -4.8431284973258994e-18,
      6.257791946624804e-18,
      0.00038458872148093896,
      1.6888669906940416e-17,
      1.8968706759133942e-17,
      -1.77530983977227e-14,
      0.0,
      0.0,
      0.0,
      0.0,
      0.0,
      0.0,
      0.0,
      0.0,
      0.0,
      0.0
    ],
    [
      -1.752329333383657e-16,
      0.999933872067454,
      -1.5036343531428724e-14,
      -0.0006402011048047103,
      -2.7210597091322844e-18,
      -1.481939223590336e-17,
      -6.897602812587709e-15,
      -2.1306553162707797e-17,
      -2.6153263844222478e-17,
      -0.0009880159871089621,
      0.0,
      0.0,
      0.0,
      0.0,
      0.0,
      0.0,
      0.0,
      0.0,
      0.0,
      0.0
    ],
    [
      0.0008381184132819021,
      -1.5036343531428724e-14,
      0.9115112672376277,
      1.6756550240729055e-16,
      -3.897633660306334e-17,
      -1.5503750002251693e-16,
      -0.03687727936532211,
      -9.367285045287227e-17,
      -6.881814823501247e-17,
      1.5989786517000416e-15,
      0.0,
      0.0,
      0.0,
      0.0,
      0.0,
      0.0,
      0.0,
      0.0,
      0.0,
      0.0
    ],
    [
      -1.147878828283354e-14,
      -0.0006402011048047103,
      1.6756550240729055e-16,
      0.022455835521329348,
      -7.228699806439983e-18,
      2.2823395921335447e-18,
      1.7784841461345467e-16,
      8.149259702292197e-18,
      -6.8063136587573505e-18,
      0.008182109045082334,
      0.0,
      0.0,
      0.0,
      0.0,
      0.0,
      0.0,
      0.0,
      0.0,
      0.0,
      0.0
    ],
    [
      -4.8431284973258994e-18,
      -2.7210597091322844e-18,
      -3.897633660306334e-17,
      -7.228699806439983e-18,
      0.026145736986588133,
      3.7568415892613845e-18,
      1.0249298262856952e-17,
      -5.707691509652074e-17,
      7.208218457157462e-17,
      -4.512224436759554e-18,
      0.0,
      0.0,
      0.0,
      0.0,
      0.0,
      0.0,
      0.0,
      0.0,
      0.0,
      0.0
    ],
    [
      6.257791946624804e-18,
      -1.481939223590336e-17,
      -1.5503750002251693e-16,
      2.2823395921335447e-18,
      3.7568415892613845e-18,
      0.026145736986588213,
      1.616527863628746e-17,
      1.050675488372401e-16,
      4.5982668265500636e-17,
      -4.135651141679867e-18,
      0.0,
      0.0,
      0.0,
      0.0,
      0.0,
      0.0,
      0.0,
      0.0,
      0.0,
      0.0
    ],
    [
      0.00038458872148093896,
      -6.897602812587709e-15,
      -0.03687727936532211,
      1.7784841461345467e-16,
      1.0249298262856952e-17,
      1.616527863628746e-17,
      0.010753263590113755,
      3.934780897950799e-18,
      5.377694671512095e-18,
      1.1644402990504676e-17,
      0.0,
      0.0,
      0.0,
      0.0,
      0.0,
      0.0,
      0.0,
      0.0,
      0.0,
      0.0
    ],
    [
      1.6888669906940416e-17,
      -2.1306553162707797e-17,
      -9.367285045287227e-17,
      8.149259702292197e-18,
      -5.707691509652074e-17,
      1.050675488372401e-16,
      3.934780897950799e-18,
      3.290242405635756e-05,
      -2.788538756623437e-20,
      2.956629000593445e-18,
      0.0,
      0.0,
      0.0,
      0.0,
      0.0,
      0.0,
      0.0,
      0.0,
      0.0,
      0.0
    ],
    [
      1.8968706759133942e-17,
      -2.6153263844222478e-17,
      -6.881814823501247e-17,
      -6.8063136587573505e-18,
      7.208218457157462e-17,
      4.5982668265500636e-17,
      5.377694671512095e-18,
      -2.788538756623437e-20,
      3.290242405635772e-05,
      -2.445347209992463e-18,
      0.0,
      0.0,
      0.0,
      0.0,
      0.0,
      0.0,
      0.0,
      0.0,
      0.0,
      0.0
    ],
    [
      -1.77530983977227e-14,
      -0.0009880159871089621,
      1.5989786517000416e-15,
      0.008182109045082334,
      -4.512224436759554e-18,
      -4.135651141679867e-18,
      1.1644402990504676e-17,
      2.956629000593445e-18,
      -2.445347209992463e-18,
      0.0030643838099321734,
      0.0,
      0.0,
      0.0,
      0.0,
      0.0,
      0.0,
      0.0,
      0.0,
      0.0,
      0.0
    ],
    [
      0.0,
      0.0,
      0.0,
      0.0,
      0.0,
      0.0,
      0.0,
      0.0,
      0.0,
      0.0,
      0.9999240989522533,
      -1.7521949729061754e-16,
      0.0008381184132819019,
      -1.147883163838357e-14,
      -4.8431284973258994e-18,
      6.257791946624804e-18,
      0.00038458872148093896,
      1.6888669906940416e-17,
      1.8968706759133942e-17,
      -1.77533506184494e-14
    ],
    [
      0.0,
      0.0,
      0.0,
      0.0,
      0.0,
      0.0,
      0.0,
      0.0,
      0.0,
      0.0,
      -1.7521949729061754e-16,
      0.999933872067454,
      -1.5036526335184615e-14,
      -0.0006402011048047104,
      -2.7210597091322844e-18,
      -1.481939223590336e-17,
      -6.89760588044302e-15,
      -2.1306553162707797e-17,
      -2.6153263844222478e-17,
      -0.0009880159871089621
    ],
    [
      0.0,
      0.0,
      0.0,
      0.0,
      0.0,
      0.0,
      0.0,
      0.0,
      0.0,
      0.0,
      0.0008381184132819019,
      -1.5036526335184615e-14,
      0.9115112672376277,
      1.6837766600581463e-16,
      -3.8976336603063346e-17,
      -1.5503750002251693e-16,
      -0.03687727936532211,
      -9.367285045287227e-17,
      -6.881814823501247e-17,
      1.6000506380239635e-15
    ],
    [
      0.0,
      0.0,
      0.0,
      0.0,
      0.0,
      0.0,
      0.0,
      0.0,
      0.0,
      0.0,
      -1.147883163838357e-14,
      -0.0006402011048047104,
      1.6837766600581463e-16,
      0.02245583552132934,
      -7.22869980643998e-18,
      2.282339592133551e-18,
      1.7575758400674313e-16,
      8.149259702292194e-18,
      -6.806313658757344e-18,
      0.008182109045082342
    ],
    [
      0.0,
      0.0,
      0.0,
      0.0,
      0.0,
      0.0,
      0.0,
      0.0,
      0.0,
      0.0,
      -4.8431284973258994e-18,
      -2.7210597091322844e-18,
      -3.8976336603063346e-17,
      -7.22869980643998e-18,
      0.02614573698658813,
      3.761249802282847e-18,
      1.0249298262856952e-17,
      -5.71823826678814e-17,
      7.534436694639804e-17,
      -4.5122244367595574e-18
    ],
    [
      0.0,
      0.0,
      0.0,
      0.0,
      0.0,
      0.0,
      0.0,
      0.0,
      0.0,
      0.0,
      6.257791946624804e-18,
      -1.481939223590336e-17,
      -1.5503750002251693e-16,
      2.282339592133551e-18,
      3.761249802282847e-18,
      0.02614573698658821,
      1.6165278636287465e-17,
      1.0502351868646635e-16,
      4.589752192737999e-17,
      -4.135651141679878e-18
    ],
    [
      0.0,
      0.0,
      0.0,
      0.0,
      0.0,
      0.0,
      0.0,
      0.0,
      0.0,
      0.0,
      0.00038458872148093896,
      -6.89760588044302e-15,
      -0.03687727936532211,
      1.7575758400674313e-16,
      1.0249298262856952e-17,
      1.6165278636287465e-17,
      0.010753263590113755,
      3.934780897950799e-18,
      5.3776946715120964e-18,
      1.2453197740296506e-17
    ],
    [
      0.0,
      0.0,
      0.0,
      0.0,
      0.0,
      0.0,
      0.0,
      0.0,
      0.0,
      0.0,
      1.6888669906940416e-17,
      -2.1306553162707797e-17,
      -9.367285045287227e-17,
      8.149259702292194e-18,
      -5.71823826678814e-17,
      1.0502351868646635e-16,
      3.934780897950799e-18,
      3.2902424056357545e-05,
      -3.310107905723954e-20,
      2.9566290005934466e-18
    ],
    [
      0.0,
      0.0,
      0.0,
      0.0,
      0.0,
      0.0,
      0.0,
      0.0,
      0.0,
      0.0,
      1.8968706759133942e-17,
      -2.6153263844222478e-17,
      -6.881814823501247e-17,
      -6.806313658757344e-18,
      7.534436694639804e-17,
      4.589752192737999e-17,
      5.3776946715120964e-18,
      -3.310107905723954e-20,
      3.2902424056357714e-05,
      -2.4453472099924636e-18
    ],
    [
      0.0,
      0.0,
      0.0,
      0.0,
      0.0,
      0.0,
      0.0,
      0.0,
      0.0,
      0.0,
      -1.77533506184494e-14,
      -0.0009880159871089621,
      1.6000506380239635e-15,
      0.008182109045082342,
      -4.5122244367595574e-18,
      -4.135651141679878e-18,
      1.2453197740296506e-17,
      2.9566290005934466e-18,
      -2.4453472099924636e-18,
      0.0030643838099321803
    ]
  ]
}