{
  "E": -14.665268512685284,
  "sol": {
    "(((), ()), ((), ()))": 0.9535412090991764,
    "(((0,), (0,)), ((), ()))": 0.0007425863459495763,
    "(((), ()), ((0,), (0,)))": 0.0007425863459495763,
    "(((0,), (1,)), ((), ()))": 1.2896554252404381e-18,
    "(((), ()), ((0,), (1,)))": 1.2896554252404381e-18,
    "(((0,), (2,)), ((), ()))": 9.14495545800791e-17,
    "(((), ()), ((0,), (2,)))": 9.14495545800791e-17,
    "(((0,), (3,)), ((), ()))": 3.746342358075621e-16,
    "(((), ()), ((0,), (3,)))": 3.746342358075621e-16,
    "(((0,), (4,)), ((), ()))": 4.6691821609205353e-17,
    "(((), ()), ((0,), (4,)))": 4.6691821609205353e-17,
    "(((0,), (5,)), ((), ()))": -5.788099478847481e-17,
    "(((), ()), ((0,), (5,)))": -5.788099478847481e-17,
    "(((0,), (6,)), ((), ()))": 0.0009663974636693765,
    "(((), ()), ((0,), (6,)))": 0.0009663974636693765,
    "(((1,), (0,)), ((), ()))": 1.2617648676101326e-15,
    "(((), ()), ((1,), (0,)))": 1.2617648676101326e-15,
    "(((1,), (1,)), ((), ()))": 9.356994730337755e-19,
    "(((), ()), ((1,), (1,)))": 9.356994730337755e-19,
    "(((1,), (2,)), ((), ()))": 9.684121812179169e-17,
    "(((), ()), ((1,), (2,)))": 9.684121812179169e-17,
    "(((1,), (3,)), ((), ()))": -0.0002795233244673374,
    "(((), ()), ((1,), (3,)))": -0.0002795233244673374,
    "(((1,), (4,)), ((), ()))": 4.7050340705805724e-17,
    "(((), ()), ((1,), (4,)))": 4.7050340705805724e-17,
    "(((1,), (5,)), ((), ()))": -6.195541044689096e-17,
    "(((), ()), ((1,), (5,)))": -6.195541044689096e-17,
    "(((1,), (6,)), ((), ()))": 1.7276122159948458e-15,
    "(((), ()), ((1,), (6,)))": 1.7276122159948458e-15,
    "(((2,), (0,)), ((), ()))": 1.6262445276245562e-15,
    "(((), ()), ((2,), (0,)))": 1.6262445276245562e-15,
    "(((2,), (1,)), ((), ()))": 7.721546200421405e-17,
    "(((), ()), ((2,), (1,)))": 7.721546200421405e-17,
    "(((2,), (2,)), ((), ()))": -8.74789725999558e-18,
    "(((), ()), ((2,), (2,)))": -8.74789725999558e-18,
    "(((2,), (3,)), ((), ()))": -0.053163746120495334,
    "(((), ()), ((2,), (3,)))": -0.053163746120495334,
    "(((2,), (4,)), ((), ()))": 7.525498089970748e-17,
    "(((), ()), ((2,), (4,)))": 7.525498089970748e-17,
    "(((2,), (5,)), ((), ()))": -1.9526484633248333e-16,
    "(((), ()), ((2,), (5,)))": -1.9526484633248333e-16,
    "(((2,), (6,)), ((), ()))": 3.076332164578151e-16,
    "(((), ()), ((2,), (6,)))": 3.076332164578151e-16,
    "(((0,), (0,)), ((0,), (0,)))": -0.0019067101228790683,
    "(((0,), (0,)), ((0,), (1,)))": -5.700164153996427e-19,
    "(((0,), (0,)), ((0,), (2,)))": 2.9019825076058984e-18,
    "(((0,), (0,)), ((0,), (3,)))": 2.6350639042590915e-15,
    "(((0,), (0,)), ((0,), (4,)))": 2.1069162729204134e-19,
    "(((0,), (0,)), ((0,), (5,)))": -9.824729697716244e-19,
    "(((0,), (0,)), ((0,), (6,)))": -0.0008342799821929183,
    "(((0,), (0,)), ((1,), (0,)))": -1.852013385414476e-17,
    "(((0,), (0,)), ((1,), (1,)))": -9.943097509031408e-20,
    "(((0,), (0,)), ((1,), (2,)))": -3.664258999436778e-18,
    "(((0,), (0,)), ((1,), (3,)))": -0.0008263514313660181,
    "(((0,), (0,)), ((1,), (4,)))": 1.4202072348719411e-18,
    "(((0,), (0,)), ((1,), (5,)))": -2.129297180968323e-18,
    "(((0,), (0,)), ((1,), (6,)))": 8.894354538795443e-17,
    "(((0,), (0,)), ((2,), (0,)))": 2.1705458515762337e-15,
    "(((0,), (0,)), ((2,), (1,)))": 8.203888950132362e-19,
    "(((0,), (0,)), ((2,), (2,)))": 3.0084220170108473e-18,
    "(((0,), (0,)), ((2,), (3,)))": 0.0009538910714165579,
    "(((0,), (0,)), ((2,), (4,)))": -2.974366858408863e-18,
    "(((0,), (0,)), ((2,), (5,)))": 3.958476815021504e-18,
    "(((0,), (0,)), ((2,), (6,)))": 3.589589973630497e-15,
    "(((0,), (1,)), ((0,), (0,)))": -5.700164153996412e-19,
    "(((0,), (1,)), ((0,), (1,)))": -0.00044811389559299927,
    "(((0,), (1,)), ((0,), (2,)))": 7.955233935890891e-20,
    "(((0,), (1,)), ((0,), (3,)))": 8.630237087234489e-20,
    "(((0,), (1,)), ((0,), (4,)))": 2.8923134965399677e-15,
    "(((0,), (1,)), ((0,), (5,)))": 1.0132974939935456e-15,
    "(((0,), (1,)), ((0,), (6,)))": 1.4929761569379514e-20,
    "(((0,), (1,)), ((1,), (0,)))": 1.516319852356428e-20,
    "(((0,), (1,)), ((1,), (1,)))": 5.983572876507982e-17,
    "(((0,), (1,)), ((1,), (2,)))": -3.6797090529204185e-19,
    "(((0,), (1,)), ((1,), (3,)))": -7.480036492092246e-19,
    "(((0,), (1,)), ((1,), (4,)))": -0.0008596502881474316,
    "(((0,), (1,)), ((1,), (5,)))": -0.0003011953889213544,
    "(((0,), (1,)), ((1,), (6,)))": -1.8028906279845627e-19,
    "(((0,), (1,)), ((2,), (0,)))": 5.853129203232545e-19,
    "(((0,), (1,)), ((2,), (1,)))": -4.371222168029179e-15,
    "(((0,), (1,)), ((2,), (2,)))": 6.17513326698446e-19,
    "(((0,), (1,)), ((2,), (3,)))": 1.5355306895580957e-18,
    "(((0,), (1,)), ((2,), (4,)))": 0.002130585083806121,
    "(((0,), (1,)), ((2,), (5,)))": 0.0007464872695325927,
    "(((0,), (1,)), ((2,), (6,)))": 6.073965167873197e-19,
    "(((0,), (2,)), ((0,), (0,)))": 2.901982507605888e-18,
    "(((0,), (2,)), ((0,), (1,)))": -9.279962733870246e-20,
    "(((0,), (2,)), ((0,), (2,)))": -0.0004481138955929992,
    "(((0,), (2,)), ((0,), (3,)))": -1.3519147893476565e-18,
    "(((0,), (2,)), ((0,), (4,)))": -1.0133190044483102e-15,
    "(((0,), (2,)), ((0,), (5,)))": 2.891625221198015e-15,
    "(((0,), (2,)), ((0,), (6,)))": 1.7135354351845075e-18,
    "(((0,), (2,)), ((1,), (0,)))": -4.025228285331386e-18,
    "(((0,), (2,)), ((1,), (1,)))": -2.0566776764169503e-19,
    "(((0,), (2,)), ((1,), (2,)))": 5.811766554101577e-17,
    "(((0,), (2,)), ((1,), (3,)))": 2.2441573448947773e-18,
    "(((0,), (2,)), ((1,), (4,)))": 0.0003011953889213543,
    "(((0,), (2,)), ((1,), (5,)))": -0.0008596502881474315,
    "(((0,), (2,)), ((1,), (6,)))": 3.951702824622604e-18,
    "(((0,), (2,)), ((2,), (0,)))": 4.075120905805874e-19,
    "(((0,), (2,)), ((2,), (1,)))": 9.215959864043561e-19,
    "(((0,), (2,)), ((2,), (2,)))": -4.366380385978188e-15,
    "(((0,), (2,)), ((2,), (3,)))": -8.981221654647635e-18,
    "(((0,), (2,)), ((2,), (4,)))": -0.0007464872695325921,
    "(((0,), (2,)), ((2,), (5,)))": 0.0021305850838061217,
    "(((0,), (2,)), ((2,), (6,)))": -1.2290343106534347e-17,
    "(((0,), (3,)), ((0,), (0,)))": 2.635828888515081e-15,
    "(((0,), (3,)), ((0,), (1,)))": 8.630237087234474e-20,
    "(((0,), (3,)), ((0,), (2,)))": -1.3519147893476547e-18,
    "(((0,), (3,)), ((0,), (3,)))": -0.0007054685310859954,
    "(((0,), (3,)), ((0,), (4,)))": -2.4756823235296857e-19,
    "(((0,), (3,)), ((0,), (5,)))": 3.9426720191383773e-19,
    "(((0,), (3,)), ((0,), (6,)))": -2.670833953411393e-15,
    "(((0,), (3,)), ((1,), (0,)))": -0.0007851878549659366,
    "(((0,), (3,)), ((1,), (1,)))": -7.140570170763905e-19,
    "(((0,), (3,)), ((1,), (2,)))": 2.183453675175734e-18,
    "(((0,), (3,)), ((1,), (3,)))": 1.3685863048222011e-16,
    "(((0,), (3,)), ((1,), (4,)))": -1.521174941921174e-18,
    "(((0,), (3,)), ((1,), (5,)))": 3.912907973328766e-18,
    "(((0,), (3,)), ((1,), (6,)))": 0.0007691738732237255,
    "(((0,), (3,)), ((2,), (0,)))": 0.0007804259691160439,
    "(((0,), (3,)), ((2,), (1,)))": 1.2161051129712277e-18,
    "(((0,), (3,)), ((2,), (2,)))": -3.7568624955952975e-18,
    "(((0,), (3,)), ((2,), (3,)))": -4.959415346900468e-15,
    "(((0,), (3,)), ((2,), (4,)))": 4.2661053517735255e-18,
    "(((0,), (3,)), ((2,), (5,)))": -1.058708123193412e-17,
    "(((0,), (3,)), ((2,), (6,)))": -0.002020265146024356,
    "(((0,), (4,)), ((0,), (0,)))": 2.1069162729203845e-19,
    "(((0,), (4,)), ((0,), (1,)))": 2.8917918023086772e-15,
    "(((0,), (4,)), ((0,), (2,)))": -1.0132616668514078e-15,
    "(((0,), (4,)), ((0,), (3,)))": -2.4756823235296645e-19,
    "(((0,), (4,)), ((0,), (4,)))": -0.001105285243446345,
    "(((0,), (4,)), ((0,), (5,)))": 1.6559110847834795e-20,
    "(((0,), (4,)), ((0,), (6,)))": 2.1150936924976025e-19,
    "(((0,), (4,)), ((1,), (0,)))": 1.131397275629724e-18,
    "(((0,), (4,)), ((1,), (1,)))": -0.0009019089464851616,
    "(((0,), (4,)), ((1,), (2,)))": 0.0003160014914443916,
    "(((0,), (4,)), ((1,), (3,)))": -1.5921354554026086e-18,
    "(((0,), (4,)), ((1,), (4,)))": -1.1805949760069216e-16,
    "(((0,), (4,)), ((1,), (5,)))": -4.061287226715702e-19,
    "(((0,), (4,)), ((1,), (6,)))": -3.387358672112398e-19,
    "(((0,), (4,)), ((2,), (0,)))": -4.227373932760257e-18,
    "(((0,), (4,)), ((2,), (1,)))": 0.002636076378904096,
    "(((0,), (4,)), ((2,), (2,)))": -0.0009235974580895042,
    "(((0,), (4,)), ((2,), (3,)))": 2.349598958705167e-18,
    "(((0,), (4,)), ((2,), (4,)))": -4.416739045910033e-15,
    "(((0,), (4,)), ((2,), (5,)))": 1.3008393068161834e-18,
    "(((0,), (4,)), ((2,), (6,)))": 6.493715274302943e-20,
    "(((0,), (5,)), ((0,), (0,)))": -9.824729697716213e-19,
    "(((0,), (5,)), ((0,), (1,)))": 1.0132116209414405e-15,
    "(((0,), (5,)), ((0,), (2,)))": 2.891391578996271e-15,
    "(((0,), (5,)), ((0,), (3,)))": 3.942672019138388e-19,
    "(((0,), (5,)), ((0,), (4,)))": -2.3273241401665882e-19,
    "(((0,), (5,)), ((0,), (5,)))": -0.0011052852434463459,
    "(((0,), (5,)), ((0,), (6,)))": -8.393131436473776e-19,
    "(((0,), (5,)), ((1,), (0,)))": -1.6701714326843013e-18,
    "(((0,), (5,)), ((1,), (1,)))": -0.0003160014914443919,
    "(((0,), (5,)), ((1,), (2,)))": -0.0009019089464851623,
    "(((0,), (5,)), ((1,), (3,)))": 4.130245094880712e-18,
    "(((0,), (5,)), ((1,), (4,)))": -5.00327782574602e-19,
    "(((0,), (5,)), ((1,), (5,)))": -1.1600322272195652e-16,
    "(((0,), (5,)), ((1,), (6,)))": 4.1138185303484715e-19,
    "(((0,), (5,)), ((2,), (0,)))": 6.900833799794732e-18,
    "(((0,), (5,)), ((2,), (1,)))": 0.0009235974580895048,
    "(((0,), (5,)), ((2,), (2,)))": 0.0026360763789040976,
    "(((0,), (5,)), ((2,), (3,)))": -9.940090318467764e-18,
    "(((0,), (5,)), ((2,), (4,)))": 8.3107445968997145e-19,
    "(((0,), (5,)), ((2,), (5,)))": -4.42230234824894e-15,
    "(((0,), (5,)), ((2,), (6,)))": 6.675226346501563e-19,
    "(((0,), (6,)), ((0,), (0,)))": -0.0008342799821929097,
    "(((0,), (6,)), ((0,), (1,)))": 1.4929761569381248e-20,
    "(((0,), (6,)), ((0,), (2,)))": 1.7135354351845075e-18,
    "(((0,), (6,)), ((0,), (3,)))": -2.6693067564754028e-15,
    "(((0,), (6,)), ((0,), (4,)))": 2.11509369249756e-19,
    "(((0,), (6,)), ((0,), (5,)))": -8.393131436473716e-19,
    "(((0,), (6,)), ((0,), (6,)))": -0.002378819877881727,
    "(((0,), (6,)), ((1,), (0,)))": 9.148106282274858e-17,
    "(((0,), (6,)), ((1,), (1,)))": -2.6784538635211925e-19,
    "(((0,), (6,)), ((1,), (2,)))": 4.6961246587794235e-18,
    "(((0,), (6,)), ((1,), (3,)))": 0.0008535144619472698,
    "(((0,), (6,)), ((1,), (4,)))": -1.6210722890777523e-19,
    "(((0,), (6,)), ((1,), (5,)))": 1.2496660358315012e-19,
    "(((0,), (6,)), ((1,), (6,)))": -1.2579117657366184e-16,
    "(((0,), (6,)), ((2,), (0,)))": 4.112486902819417e-15,
    "(((0,), (6,)), ((2,), (1,)))": 1.2652606705672243e-18,
    "(((0,), (6,)), ((2,), (2,)))": -1.8331982337581435e-17,
    "(((0,), (6,)), ((2,), (3,)))": -0.003395065411580021,
    "(((0,), (6,)), ((2,), (4,)))": 1.028506941424667e-18,
    "(((0,), (6,)), ((2,), (5,)))": -1.4842718547899116e-18,
    "(((0,), (6,)), ((2,), (6,)))": -2.1715812467587144e-15,
    "(((1,), (0,)), ((0,), (0,)))": -1.7851777948900177e-17,
    "(((1,), (0,)), ((0,), (1,)))": 1.516319852356303e-20,
    "(((1,), (0,)), ((0,), (2,)))": -4.0252282853313925e-18,
    "(((1,), (0,)), ((0,), (3,)))": -0.0007851878549659371,
    "(((1,), (0,)), ((0,), (4,)))": 1.1313972756297253e-18,
    "(((1,), (0,)), ((0,), (5,)))": -1.6701714326842998e-18,
    "(((1,), (0,)), ((0,), (6,)))": 8.906346763856199e-17,
    "(((1,), (0,)), ((1,), (0,)))": -0.0018951035686589615,
    "(((1,), (0,)), ((1,), (1,)))": -5.845656296101439e-19,
    "(((1,), (0,)), ((1,), (2,)))": 2.982096010095731e-18,
    "(((1,), (0,)), ((1,), (3,)))": -2.6509207936216434e-15,
    "(((1,), (0,)), ((1,), (4,)))": 3.3350765908225367e-19,
    "(((1,), (0,)), ((1,), (5,)))": -1.1895032338712158e-18,
    "(((1,), (0,)), ((1,), (6,)))": -0.0008915424776872957,
    "(((1,), (0,)), ((2,), (0,)))": -0.001335426786148234,
    "(((1,), (0,)), ((2,), (1,)))": -1.098474063662238e-18,
    "(((1,), (0,)), ((2,), (2,)))": 5.077967086036248e-18,
    "(((1,), (0,)), ((2,), (3,)))": 1.5365311903104155e-15,
    "(((1,), (0,)), ((2,), (4,)))": 6.356193251996852e-19,
    "(((1,), (0,)), ((2,), (5,)))": -4.882325549805305e-19,
    "(((1,), (0,)), ((2,), (6,)))": -0.002189883662520491,
    "(((1,), (1,)), ((0,), (0,)))": -9.943097509031261e-20,
    "(((1,), (1,)), ((0,), (1,)))": 5.967762848610108e-17,
    "(((1,), (1,)), ((0,), (2,)))": -4.085134903849791e-19,
    "(((1,), (1,)), ((0,), (3,)))": -7.1405701707639e-19,
    "(((1,), (1,)), ((0,), (4,)))": -0.0009019089464851621,
    "(((1,), (1,)), ((0,), (5,)))": -0.00031600149144439164,
    "(((1,), (1,)), ((0,), (6,)))": -2.678453863521184e-19,
    "(((1,), (1,)), ((1,), (0,)))": -5.845656296101439e-19,
    "(((1,), (1,)), ((1,), (1,)))": -0.00047899701199347506,
    "(((1,), (1,)), ((1,), (2,)))": 6.725430151477985e-20,
    "(((1,), (1,)), ((1,), (3,)))": 9.845438070591802e-20,
    "(((1,), (1,)), ((1,), (4,)))": -2.887869077816988e-15,
    "(((1,), (1,)), ((1,), (5,)))": -1.0118980852386339e-15,
    "(((1,), (1,)), ((1,), (6,)))": -4.211881349122288e-20,
    "(((1,), (1,)), ((2,), (0,)))": -4.866760122184216e-19,
    "(((1,), (1,)), ((2,), (1,)))": 0.0026478617676887308,
    "(((1,), (1,)), ((2,), (2,)))": 1.2907710256601857e-09,
    "(((1,), (1,)), ((2,), (3,)))": 2.3199749358932172e-19,
    "(((1,), (1,)), ((2,), (4,)))": 3.492152663252377e-15,
    "(((1,), (1,)), ((2,), (5,)))": 1.2236432029283772e-15,
    "(((1,), (1,)), ((2,), (6,)))": -7.086505075259447e-19,
    "(((1,), (2,)), ((0,), (0,)))": -3.664258999436766e-18,
    "(((1,), (2,)), ((0,), (1,)))": -1.880810625840001e-19,
    "(((1,), (2,)), ((0,), (2,)))": 5.796237070488099e-17,
    "(((1,), (2,)), ((0,), (3,)))": 2.183453675175731e-18,
    "(((1,), (2,)), ((0,), (4,)))": 0.0003160014914443913,
    "(((1,), (2,)), ((0,), (5,)))": -0.0009019089464851623,
    "(((1,), (2,)), ((0,), (6,)))": 4.696124658779426e-18,
    "(((1,), (2,)), ((1,), (0,)))": 2.9820960100957133e-18,
    "(((1,), (2,)), ((1,), (1,)))": -1.4012728287306667e-19,
    "(((1,), (2,)), ((1,), (2,)))": -0.0004789970119934755,
    "(((1,), (2,)), ((1,), (3,)))": -1.6030893599264433e-18,
    "(((1,), (2,)), ((1,), (4,)))": 1.011971898486553e-15,
    "(((1,), (2,)), ((1,), (5,)))": -2.8884259764155953e-15,
    "(((1,), (2,)), ((1,), (6,)))": 1.8564576991482156e-18,
    "(((1,), (2,)), ((2,), (0,)))": 3.383547217306677e-18,
    "(((1,), (2,)), ((2,), (1,)))": -1.2907710252897258e-09,
    "(((1,), (2,)), ((2,), (2,)))": 0.0026478617676887303,
    "(((1,), (2,)), ((2,), (3,)))": -4.433760029911319e-18,
    "(((1,), (2,)), ((2,), (4,)))": -1.2233074595856936e-15,
    "(((1,), (2,)), ((2,), (5,)))": 3.491456125547984e-15,
    "(((1,), (2,)), ((2,), (6,)))": 2.599339092402229e-18,
    "(((1,), (3,)), ((0,), (0,)))": -0.0008263514313660173,
    "(((1,), (3,)), ((0,), (1,)))": -7.480036492092248e-19,
    "(((1,), (3,)), ((0,), (2,)))": 2.2441573448947796e-18,
    "(((1,), (3,)), ((0,), (3,)))": 1.364928740317965e-16,
    "(((1,), (3,)), ((0,), (4,)))": -1.5921354554026094e-18,
    "(((1,), (3,)), ((0,), (5,)))": 4.130245094880714e-18,
    "(((1,), (3,)), ((0,), (6,)))": 0.0008535144619472681,
    "(((1,), (3,)), ((1,), (0,)))": -2.6516953068851963e-15,
    "(((1,), (3,)), ((1,), (1,)))": 9.845438070591787e-20,
    "(((1,), (3,)), ((1,), (2,)))": -1.6030893599264442e-18,
    "(((1,), (3,)), ((1,), (3,)))": -0.0007893440180569834,
    "(((1,), (3,)), ((1,), (4,)))": -2.2510777110778363e-19,
    "(((1,), (3,)), ((1,), (5,)))": 3.5537600115569174e-19,
    "(((1,), (3,)), ((1,), (6,)))": 2.6543508763602605e-15,
    "(((1,), (3,)), ((2,), (0,)))": 1.246375414072617e-15,
    "(((1,), (3,)), ((2,), (1,)))": 2.259419297934609e-19,
    "(((1,), (3,)), ((2,), (2,)))": 2.08873582916953e-18,
    "(((1,), (3,)), ((2,), (3,)))": 0.0030177583832263167,
    "(((1,), (3,)), ((2,), (4,)))": 2.66485773895815e-19,
    "(((1,), (3,)), ((2,), (5,)))": -6.704179019267889e-19,
    "(((1,), (3,)), ((2,), (6,)))": -3.3264100209747224e-15,
    "(((1,), (4,)), ((0,), (0,)))": 1.4202072348719384e-18,
    "(((1,), (4,)), ((0,), (1,)))": -0.0008596502881474313,
    "(((1,), (4,)), ((0,), (2,)))": 0.00030119538892135446,
    "(((1,), (4,)), ((0,), (3,)))": -1.5211749419211737e-18,
    "(((1,), (4,)), ((0,), (4,)))": -1.1807277961093253e-16,
    "(((1,), (4,)), ((0,), (5,)))": -3.4283356707634235e-19,
    "(((1,), (4,)), ((0,), (6,)))": -1.6210722890777494e-19,
    "(((1,), (4,)), ((1,), (0,)))": 3.335076590822481e-19,
    "(((1,), (4,)), ((1,), (1,)))": -2.8877914564922157e-15,
    "(((1,), (4,)), ((1,), (2,)))": 1.011661712884922e-15,
    "(((1,), (4,)), ((1,), (3,)))": -2.251077711077819e-19,
    "(((1,), (4,)), ((1,), (4,)))": -0.001038538780738871,
    "(((1,), (4,)), ((1,), (5,)))": -1.0765281227529429e-19,
    "(((1,), (4,)), ((1,), (6,)))": 2.568817701536336e-19,
    "(((1,), (4,)), ((2,), (0,)))": -9.22047734196179e-19,
    "(((1,), (4,)), ((2,), (1,)))": 4.322058777836048e-15,
    "(((1,), (4,)), ((2,), (2,)))": -1.514028327426554e-15,
    "(((1,), (4,)), ((2,), (3,)))": -2.825786673302812e-18,
    "(((1,), (4,)), ((2,), (4,)))": 0.002705317424521133,
    "(((1,), (4,)), ((2,), (5,)))": 1.253349815691887e-09,
    "(((1,), (4,)), ((2,), (6,)))": -2.7679293192915656e-19,
    "(((1,), (5,)), ((0,), (0,)))": -2.1292971809683226e-18,
    "(((1,), (5,)), ((0,), (1,)))": -0.0003011953889213548,
    "(((1,), (5,)), ((0,), (2,)))": -0.0008596502881474315,
    "(((1,), (5,)), ((0,), (3,)))": 3.912907973328766e-18,
    "(((1,), (5,)), ((0,), (4,)))": -3.7586979532117797e-19,
    "(((1,), (5,)), ((0,), (5,)))": -1.1603345677158256e-16,
    "(((1,), (5,)), ((0,), (6,)))": 1.2496660358314675e-19,
    "(((1,), (5,)), ((1,), (0,)))": -1.18950323387121e-18,
    "(((1,), (5,)), ((1,), (1,)))": -1.0117183216139569e-15,
    "(((1,), (5,)), ((1,), (2,)))": -2.8880749466444594e-15,
    "(((1,), (5,)), ((1,), (3,)))": 3.5537600115569126e-19,
    "(((1,), (5,)), ((1,), (4,)))": -1.675256739809357e-19,
    "(((1,), (5,)), ((1,), (5,)))": -0.0010385387807388719,
    "(((1,), (5,)), ((1,), (6,)))": -8.799981353466019e-19,
    "(((1,), (5,)), ((2,), (0,)))": 1.378913177183918e-18,
    "(((1,), (5,)), ((2,), (1,)))": 1.5141017589011554e-15,
    "(((1,), (5,)), ((2,), (2,)))": 4.321521297452446e-15,
    "(((1,), (5,)), ((2,), (3,)))": 3.7684806762906545e-18,
    "(((1,), (5,)), ((2,), (4,)))": -1.2533498151687652e-09,
    "(((1,), (5,)), ((2,), (5,)))": 0.0027053174245211353,
    "(((1,), (5,)), ((2,), (6,)))": 2.9444556476140917e-19,
    "(((1,), (6,)), ((0,), (0,)))": 9.180159483212571e-17,
    "(((1,), (6,)), ((0,), (1,)))": -1.8028906279845718e-19,
    "(((1,), (6,)), ((0,), (2,)))": 3.951702824622608e-18,
    "(((1,), (6,)), ((0,), (3,)))": 0.0007691738732237274,
    "(((1,), (6,)), ((0,), (4,)))": -3.3873586721124116e-19,
    "(((1,), (6,)), ((0,), (5,)))": 4.11381853034851e-19,
    "(((1,), (6,)), ((0,), (6,)))": -1.249793858198118e-16,
    "(((1,), (6,)), ((1,), (0,)))": -0.0008915424776872842,
    "(((1,), (6,)), ((1,), (1,)))": -4.211881349121951e-20,
    "(((1,), (6,)), ((1,), (2,)))": 1.856457699148204e-18,
    "(((1,), (6,)), ((1,), (3,)))": 2.653828514904287e-15,
    "(((1,), (6,)), ((1,), (4,)))": 2.5688177015363256e-19,
    "(((1,), (6,)), ((1,), (5,)))": -8.799981353466005e-19,
    "(((1,), (6,)), ((1,), (6,)))": -0.0023054979384712904,
    "(((1,), (6,)), ((2,), (0,)))": -0.0024989882653842976,
    "(((1,), (6,)), ((2,), (1,)))": -1.111631674152598e-18,
    "(((1,), (6,)), ((2,), (2,)))": 3.4146588312651565e-18,
    "(((1,), (6,)), ((2,), (3,)))": -5.587374491277979e-15,
    "(((1,), (6,)), ((2,), (4,)))": 7.124577690528352e-19,
    "(((1,), (6,)), ((2,), (5,)))": -4.05592635876252e-19,
    "(((1,), (6,)), ((2,), (6,)))": 0.0013289301377481433,
    "(((2,), (0,)), ((0,), (0,)))": 2.170852406472371e-15,
    "(((2,), (0,)), ((0,), (1,)))": 5.853129203232562e-19,
    "(((2,), (0,)), ((0,), (2,)))": 4.07512090580592e-19,
    "(((2,), (0,)), ((0,), (3,)))": 0.0007804259691160413,
    "(((2,), (0,)), ((0,), (4,)))": -4.227373932760252e-18,
    "(((2,), (0,)), ((0,), (5,)))": 6.900833799794734e-18,
    "(((2,), (0,)), ((0,), (6,)))": 4.105543611044195e-15,
    "(((2,), (0,)), ((1,), (0,)))": -0.0013354267861482344,
    "(((2,), (0,)), ((1,), (1,)))": -4.866760122184214e-19,
    "(((2,), (0,)), ((1,), (2,)))": 3.383547217306657e-18,
    "(((2,), (0,)), ((1,), (3,)))": 1.2416539950983012e-15,
    "(((2,), (0,)), ((1,), (4,)))": -9.220477341961711e-19,
    "(((2,), (0,)), ((1,), (5,)))": 1.3789131771839158e-18,
    "(((2,), (0,)), ((1,), (6,)))": -0.002498988265384299,
    "(((2,), (0,)), ((2,), (0,)))": -0.16800192056661484,
    "(((2,), (0,)), ((2,), (1,)))": -3.086169147663503e-17,
    "(((2,), (0,)), ((2,), (2,)))": 2.1524893375595493e-17,
    "(((2,), (0,)), ((2,), (3,)))": -2.3418454738142845e-16,
    "(((2,), (0,)), ((2,), (4,)))": 9.39350102010331e-17,
    "(((2,), (0,)), ((2,), (5,)))": -2.865731466687427e-17,
    "(((2,), (0,)), ((2,), (6,)))": -0.06099452381604607,
    "(((2,), (1,)), ((0,), (0,)))": 8.203888950132359e-19,
    "(((2,), (1,)), ((0,), (1,)))": -4.3710580043469265e-15,
    "(((2,), (1,)), ((0,), (2,)))": 1.0021183187370814e-18,
    "(((2,), (1,)), ((0,), (3,)))": 1.2161051129712298e-18,
    "(((2,), (1,)), ((0,), (4,)))": 0.002636076378904098,
    "(((2,), (1,)), ((0,), (5,)))": 0.0009235974580895053,
    "(((2,), (1,)), ((0,), (6,)))": 1.265260670567222e-18,
    "(((2,), (1,)), ((1,), (0,)))": -1.0984740636622394e-18,
    "(((2,), (1,)), ((1,), (1,)))": 0.00264786176768873,
    "(((2,), (1,)), ((1,), (2,)))": -1.2907710248841048e-09,
    "(((2,), (1,)), ((1,), (3,)))": 2.2594192979345847e-19,
    "(((2,), (1,)), ((1,), (4,)))": 4.321874650426879e-15,
    "(((2,), (1,)), ((1,), (5,)))": 1.514325925421742e-15,
    "(((2,), (1,)), ((1,), (6,)))": -1.1116316741525955e-18,
    "(((2,), (1,)), ((2,), (0,)))": -3.0861691476635006e-17,
    "(((2,), (1,)), ((2,), (1,)))": -0.14003683808149017,
    "(((2,), (1,)), ((2,), (2,)))": -1.6795033805982115e-17,
    "(((2,), (1,)), ((2,), (3,)))": -6.836163093177262e-17,
    "(((2,), (1,)), ((2,), (4,)))": -4.403757165491644e-16,
    "(((2,), (1,)), ((2,), (5,)))": -1.2290104460959404e-16,
    "(((2,), (1,)), ((2,), (6,)))": -4.3773897778863404e-17,
    "(((2,), (2,)), ((0,), (0,)))": 3.0084220170108457e-18,
    "(((2,), (2,)), ((0,), (1,)))": 4.238096866449745e-19,
    "(((2,), (2,)), ((0,), (2,)))": -4.3659575401299626e-15,
    "(((2,), (2,)), ((0,), (3,)))": -3.7568624955952875e-18,
    "(((2,), (2,)), ((0,), (4,)))": -0.0009235974580895038,
    "(((2,), (2,)), ((0,), (5,)))": 0.002636076378904096,
    "(((2,), (2,)), ((0,), (6,)))": -1.833198233758145e-17,
    "(((2,), (2,)), ((1,), (0,)))": 5.077967086036267e-18,
    "(((2,), (2,)), ((1,), (1,)))": 1.2907710254210333e-09,
    "(((2,), (2,)), ((1,), (2,)))": 0.0026478617676887303,
    "(((2,), (2,)), ((1,), (3,)))": 2.088735829169523e-18,
    "(((2,), (2,)), ((1,), (4,)))": -1.5140814274368135e-15,
    "(((2,), (2,)), ((1,), (5,)))": 4.321710858129426e-15,
    "(((2,), (2,)), ((1,), (6,)))": 3.414658831265157e-18,
    "(((2,), (2,)), ((2,), (0,)))": 2.1524893375595564e-17,
    "(((2,), (2,)), ((2,), (1,)))": -2.093972088394161e-17,
    "(((2,), (2,)), ((2,), (2,)))": -0.1400368380814902,
    "(((2,), (2,)), ((2,), (3,)))": 1.407799451394174e-16,
    "(((2,), (2,)), ((2,), (4,)))": 1.2528385104654494e-16,
    "(((2,), (2,)), ((2,), (5,)))": -2.8098381879063825e-16,
    "(((2,), (2,)), ((2,), (6,)))": 6.817291004013869e-17,
    "(((2,), (3,)), ((0,), (0,)))": 0.0009538910714165619,
    "(((2,), (3,)), ((0,), (1,)))": 1.535530689558093e-18,
    "(((2,), (3,)), ((0,), (2,)))": -8.98122165464764e-18,
    "(((2,), (3,)), ((0,), (3,)))": -4.958429460554054e-15,
    "(((2,), (3,)), ((0,), (4,)))": 2.3495989587051665e-18,
    "(((2,), (3,)), ((0,), (5,)))": -9.940090318467764e-18,
    "(((2,), (3,)), ((0,), (6,)))": -0.0033950654115800193,
    "(((2,), (3,)), ((1,), (0,)))": 1.5414677575936672e-15,
    "(((2,), (3,)), ((1,), (1,)))": 2.319974935893247e-19,
    "(((2,), (3,)), ((1,), (2,)))": -4.433760029911319e-18,
    "(((2,), (3,)), ((1,), (3,)))": 0.0030177583832263167,
    "(((2,), (3,)), ((1,), (4,)))": -2.825786673302812e-18,
    "(((2,), (3,)), ((1,), (5,)))": 3.768480676290661e-18,
    "(((2,), (3,)), ((1,), (6,)))": -5.585384214534972e-15,
    "(((2,), (3,)), ((2,), (0,)))": -2.416711544796277e-16,
    "(((2,), (3,)), ((2,), (1,)))": -6.836163093177262e-17,
    "(((2,), (3,)), ((2,), (2,)))": 1.4077994513941734e-16,
    "(((2,), (3,)), ((2,), (3,)))": -0.09560075262161663,
    "(((2,), (3,)), ((2,), (4,)))": 4.14401047364957e-17,
    "(((2,), (3,)), ((2,), (5,)))": -4.56792523391609e-17,
    "(((2,), (3,)), ((2,), (6,)))": -9.13793974273592e-17,
    "(((2,), (4,)), ((0,), (0,)))": -2.9743668584088677e-18,
    "(((2,), (4,)), ((0,), (1,)))": 0.002130585083806119,
    "(((2,), (4,)), ((0,), (2,)))": -0.0007464872695325925,
    "(((2,), (4,)), ((0,), (3,)))": 4.2661053517735216e-18,
    "(((2,), (4,)), ((0,), (4,)))": -4.416706798532264e-15,
    "(((2,), (4,)), ((0,), (5,)))": 5.331969320488359e-19,
    "(((2,), (4,)), ((0,), (6,)))": 1.028506941424667e-18,
    "(((2,), (4,)), ((1,), (0,)))": 6.356193251996779e-19,
    "(((2,), (4,)), ((1,), (1,)))": 3.492017526209307e-15,
    "(((2,), (4,)), ((1,), (2,)))": -1.22357760287897e-15,
    "(((2,), (4,)), ((1,), (3,)))": 2.664857738958151e-19,
    "(((2,), (4,)), ((1,), (4,)))": 0.0027053174245211323,
    "(((2,), (4,)), ((1,), (5,)))": -1.2533498163042094e-09,
    "(((2,), (4,)), ((1,), (6,)))": 7.124577690528304e-19,
    "(((2,), (4,)), ((2,), (0,)))": 9.393501020103312e-17,
    "(((2,), (4,)), ((2,), (1,)))": -4.4178024045228227e-16,
    "(((2,), (4,)), ((2,), (2,)))": 1.325396909393344e-16,
    "(((2,), (4,)), ((2,), (3,)))": 4.144010473649571e-17,
    "(((2,), (4,)), ((2,), (4,)))": -0.002540212339065137,
    "(((2,), (4,)), ((2,), (5,)))": 6.8684415631229095e-18,
    "(((2,), (4,)), ((2,), (6,)))": 2.979331072018734e-17,
    "(((2,), (5,)), ((0,), (0,)))": 3.958476815021511e-18,
    "(((2,), (5,)), ((0,), (1,)))": 0.0007464872695325927,
    "(((2,), (5,)), ((0,), (2,)))": 0.0021305850838061226,
    "(((2,), (5,)), ((0,), (3,)))": -1.058708123193412e-17,
    "(((2,), (5,)), ((0,), (4,)))": 1.5188487337805588e-18,
    "(((2,), (5,)), ((0,), (5,)))": -4.422182739793211e-15,
    "(((2,), (5,)), ((0,), (6,)))": -1.4842718547899136e-18,
    "(((2,), (5,)), ((1,), (0,)))": -4.882325549805281e-19,
    "(((2,), (5,)), ((1,), (1,)))": 1.2231834166312268e-15,
    "(((2,), (5,)), ((1,), (2,)))": 3.4918374050623603e-15,
    "(((2,), (5,)), ((1,), (3,)))": -6.704179019267931e-19,
    "(((2,), (5,)), ((1,), (4,)))": 1.2533498172444815e-09,
    "(((2,), (5,)), ((1,), (5,)))": 0.0027053174245211353,
    "(((2,), (5,)), ((1,), (6,)))": -4.055926358762577e-19,
    "(((2,), (5,)), ((2,), (0,)))": -2.8657314666874353e-17,
    "(((2,), (5,)), ((2,), (1,)))": -1.3151311625804512e-16,
    "(((2,), (5,)), ((2,), (2,)))": -2.894109622093452e-16,
    "(((2,), (5,)), ((2,), (3,)))": -4.567925233916086e-17,
    "(((2,), (5,)), ((2,), (4,)))": 8.50218578514304e-18,
    "(((2,), (5,)), ((2,), (5,)))": -0.002540212339065144,
    "(((2,), (5,)), ((2,), (6,)))": -3.2650280385722436e-17,
    "(((2,), (6,)), ((0,), (0,)))": 3.5954536495882215e-15,
    "(((2,), (6,)), ((0,), (1,)))": 6.0739651678731955e-19,
    "(((2,), (6,)), ((0,), (2,)))": -1.2290343106534355e-17,
    "(((2,), (6,)), ((0,), (3,)))": -0.0020202651460243582,
    "(((2,), (6,)), ((0,), (4,)))": 6.493715274303136e-20,
    "(((2,), (6,)), ((0,), (5,)))": 6.675226346501586e-19,
    "(((2,), (6,)), ((0,), (6,)))": -2.169425103974668e-15,
    "(((2,), (6,)), ((1,), (0,)))": -0.0021898836625204887,
    "(((2,), (6,)), ((1,), (1,)))": -7.086505075259476e-19,
    "(((2,), (6,)), ((1,), (2,)))": 2.599339092402236e-18,
    "(((2,), (6,)), ((1,), (3,)))": -3.32815741002378e-15,
    "(((2,), (6,)), ((1,), (4,)))": -2.7679293192914924e-19,
    "(((2,), (6,)), ((1,), (5,)))": 2.9444556476140994e-19,
    "(((2,), (6,)), ((1,), (6,)))": 0.0013289301377481409,
    "(((2,), (6,)), ((2,), (0,)))": -0.0609945238160462,
    "(((2,), (6,)), ((2,), (1,)))": -4.3773897778863416e-17,
    "(((2,), (6,)), ((2,), (2,)))": 6.817291004013878e-17,
    "(((2,), (6,)), ((2,), (3,)))": -1.4506116521985753e-16,
    "(((2,), (6,)), ((2,), (4,)))": 2.9793310720187317e-17,
    "(((2,), (6,)), ((2,), (5,)))": -3.2650280385722485e-17,
    "(((2,), (6,)), ((2,), (6,)))": -0.028795411974340372
  },
  "red": [
    [
      0.9999354557557122,
      -1.2501946931456939e-17,
      9.627217004041499e-16,
      0.0006553865120029908,
      1.1401215401000184e-18,
      8.72362781614746e-17,
      6.209529824800696e-16,
      4.458847617688985e-17,
      -5.464184764209807e-17,
      0.0010988429330177076,
      0.0,
      0.0,
      0.0,
      0.0,
      0.0,
      0.0,
      0.0,
      0.0,
      0.0,
      0.0
    ],
    [
      -1.2501946931456939e-17,
      0.9999277238233552,
      -0.0005790951343703078,
      1.1152056714969762e-15,
      1.0597258352192116e-18,
      9.257796283481849e-17,
      -0.000426542732328821,
      4.519702458738208e-17,
      -5.982216810792239e-17,
      1.93513594829868e-15,
      0.0,
      0.0,
      0.0,
      0.0,
      0.0,
      0.0,
      0.0,
      0.0,
      0.0,
      0.0
    ],
    [
      9.627217004041499e-16,
      -0.0005790951343703078,
      0.9122103522577041,
      1.2706944270278604e-15,
      6.652369321662706e-17,
      -1.455626450944367e-17,
      -0.045614982193142486,
      6.942529068118839e-17,
      -1.8323964972466404e-16,
      1.9328311700338653e-16,
      0.0,
      0.0,
      0.0,
      0.0,
      0.0,
      0.0,
      0.0,
      0.0,
      0.0,
      0.0
    ],
    [
      0.0006553865120029908,
      1.1152056714969762e-15,
      1.2706944270278604e-15,
      0.03197183852910083,
      1.2176958980218172e-17,
      -1.0719136758626899e-17,
      -1.804357862650872e-17,
      -1.7799996901355194e-17,
      6.837899963940946e-18,
      0.012005566074205724,
      0.0,
      0.0,
      0.0,
      0.0,
      0.0,
      0.0,
      0.0,
      0.0,
      0.0,
      0.0
    ],
    [
      1.1401215401000184e-18,
      1.0597258352192116e-18,
      6.652369321662706e-17,
      1.2176958980218172e-17,
      0.019639512405030098,
      5.2907871528184294e-18,
      1.199955655379343e-17,
      6.29182723707845e-17,
      1.870550716369857e-17,
      9.26487952253765e-18,
      0.0,
      0.0,
      0.0,
      0.0,
      0.0,
      0.0,
      0.0,
      0.0,
      0.0,
      0.0
    ],
    [
      8.72362781614746e-17,
      9.257796283481849e-17,
      -1.455626450944367e-17,
      -1.0719136758626899e-17,
      5.2907871528184294e-18,
      0.019639512405030105,
      -3.2703581162323327e-17,
      -1.885491054783717e-17,
      4.1169003988437837e-17,
      -1.2706316416974948e-17,
      0.0,
      0.0,
      0.0,
      0.0,
      0.0,
      0.0,
      0.0,
      0.0,
      0.0,
      0.0
    ],
    [
      6.209529824800696e-16,
      -0.000426542732328821,
      -0.045614982193142486,
      -1.804357862650872e-17,
      1.199955655379343e-17,
      -3.2703581162323327e-17,
      0.012005109305128842,
      -8.087705458583026e-18,
      1.4883908492736802e-17,
      1.4830251168807493e-17,
      0.0,
      0.0,
      0.0,
      0.0,
      0.0,
      0.0,
      0.0,
      0.0,
      0.0,
      0.0
    ],
    [
      4.458847617688985e-17,
      4.519702458738208e-17,
      6.942529068118839e-17,
      -1.7799996901355194e-17,
      6.29182723707845e-17,
      -1.885491054783717e-17,
      -8.087705458583026e-18,
      3.803216062715262e-05,
      -3.628935786024443e-20,
      -6.602742436715937e-18,
      0.0,
      0.0,
      0.0,
      0.0,
      0.0,
      0.0,
      0.0,
      0.0,
      0.0,
      0.0
    ],
    [
      -5.464184764209807e-17,
      -5.982216810792239e-17,
      -1.8323964972466404e-16,
      6.837899963940946e-18,
      1.870550716369857e-17,
      4.1169003988437837e-17,
      1.4883908492736802e-17,
      -3.628935786024443e-20,
      3.803216062715271e-05,
      2.7013453938450077e-18,
      0.0,
      0.0,
      0.0,
      0.0,
      0.0,
      0.0,
      0.0,
      0.0,
      0.0,
      0.0
    ],
    [
      0.0010988429330177076,
      1.93513594829868e-15,
      1.9328311700338653e-16,
      0.012005566074205724,
      9.26487952253765e-18,
      -1.2706316416974948e-17,
      1.4830251168807493e-17,
      -6.602742436715937e-18,
      2.7013453938450077e-18,
      0.0045944311976839495,
      0.0,
      0.0,
      0.0,
      0.0,
      0.0,
      0.0,
      0.0,
      0.0,
      0.0,
      0.0
    ],
    [
      0.0,
      0.0,
      0.0,
      0.0,
      0.0,
      0.0,
      0.0,
      0.0,
      0.0,
      0.0,
      0.9999354557557122,
      -1.249121443621201e-17,
      9.624295725236217e-16,
      0.0006553865120029906,
      1.1401215401000184e-18,
      8.72362781614746e-17,
      6.2090157885095e-16,
      4.458847617688985e-17,
      -5.464184764209807e-17,
      0.0010988429330177076
    ],
    [
      0.0,
      0.0,
      0.0,
      0.0,
      0.0,
      0.0,
      0.0,
      0.0,
      0.0,
      0.0,
      -1.249121443621201e-17,
      0.9999277238233552,
      -0.0005790951343703076,
      1.1149452802723932e-15,
      1.0597258352192114e-18,
      9.257796283481849e-17,
      -0.000426542732328821,
      4.519702458738208e-17,
      -5.982216810792239e-17,
      1.93502708429138e-15
    ],
    [
      0.0,
      0.0,
      0.0,
      0.0,
      0.0,
      0.0,
      0.0,
      0.0,
      0.0,
      0.0,
      9.624295725236217e-16,
      -0.0005790951343703076,
      0.9122103522577041,
      1.2710976077946872e-15,
      6.652369321662706e-17,
      -1.4556264509443663e-17,
      -0.045614982193142486,
      6.942529068118839e-17,
      -1.8323964972466404e-16,
      1.9042225182684338e-16
    ],
    [
      0.0,
      0.0,
      0.0,
      0.0,
      0.0,
      0.0,
      0.0,
      0.0,
      0.0,
      0.0,
      0.0006553865120029906,
      1.1149452802723932e-15,
      1.2710976077946872e-15,
      0.03197183852910084,
      1.217695898021818e-17,
      -1.0719136758626911e-17,
      -1.5292209090310472e-17,
      -1.779999690135519e-17,
      6.837899963940938e-18,
      0.012005566074205706
    ],
    [
      0.0,
      0.0,
      0.0,
      0.0,
      0.0,
      0.0,
      0.0,
      0.0,
      0.0,
      0.0,
      1.1401215401000184e-18,
      1.0597258352192114e-18,
      6.652369321662706e-17,
      1.217695898021818e-17,
      0.019639512405030098,
      5.293744162106869e-18,
      1.1999556553793432e-17,
      6.272636457057027e-17,
      1.751896029249832e-17,
      9.264879522537644e-18
    ],
    [
      0.0,
      0.0,
      0.0,
      0.0,
      0.0,
      0.0,
      0.0,
      0.0,
      0.0,
      0.0,
      8.72362781614746e-17,
      9.257796283481849e-17,
      -1.4556264509443663e-17,
      -1.0719136758626911e-17,
      5.293744162106869e-18,
      0.019639512405030105,
      -3.270358116232334e-17,
      -1.7854871405793056e-17,
      4.00112197283059e-17,
      -1.2706316416974922e-17
    ],
    [
      0.0,
      0.0,
      0.0,
      0.0,
      0.0,
      0.0,
      0.0,
      0.0,
      0.0,
      0.0,
      6.2090157885095e-16,
      -0.000426542732328821,
      -0.045614982193142486,
      -1.5292209090310472e-17,
      1.1999556553793432e-17,
      -3.270358116232334e-17,
      0.012005109305128842,
      -8.087705458583028e-18,
      1.4883908492736808e-17,
      1.0809222659239999e-17
    ],
    [
      0.0,
      0.0,
      0.0,
      0.0,
      0.0,
      0.0,
      0.0,
      0.0,
      0.0,
      0.0,
      4.458847617688985e-17,
      4.519702458738208e-17,
      6.942529068118839e-17,
      -1.779999690135519e-17,
      6.272636457057027e-17,
      -1.7854871405793056e-17,
      -8.087705458583028e-18,
      3.803216062715264e-05,
      -2.760726274189702e-20,
      -6.602742436715922e-18
    ],
    [
      0.0,
      0.0,
      0.0,
      0.0,
      0.0,
      0.0,
      0.0,
      0.0,
      0.0,
      0.0,
      -5.464184764209807e-17,
      -5.982216810792239e-17,
      -1.8323964972466404e-16,
      6.837899963940938e-18,
      1.751896029249832e-17,
      4.00112197283059e-17,
      1.4883908492736808e-17,
      -2.760726274189702e-20,
      3.80321606271527e-05,
      2.7013453938449984e-18
    ],
    [
      0.0,
      0.0,
      0.0,
      0.0,
      0.0,
      0.0,
      0.0,
      0.0,
      0.0,
      0.0,
      0.0010988429330177076,
      1.93502708429138e-15,
      1.9042225182684338e-16,
      0.012005566074205706,
      9.264879522537644e-18,
      -1.2706316416974922e-17,
      1.0809222659239999e-17,
      -6.602742436715922e-18,
      2.7013453938449984e-18,
      0.004594431197683935
    ]
  ],
  "CSRM": [
    [
      1.013365110434818,
      1.4054308500262877e-05,
      0.0006984614159966241,
      -0.0018426477429566656,
      -0.0004330579926093618,
      -0.00043305799260936177,
      -0.0006817659280948868,
      -0.001068149444806241,
      -0.0010681494448062418,
      -0.0022988953728637776
    ],
    [
      1.4054308500262877e-05,
      1.0133491406499113,
      0.000717974228777554,
      -0.0018314311502084764,
      -0.0004629034861890977,
      -0.0004629034861890981,
      -0.0007628233342008094,
      -0.0010036455554197634,
      -0.0010036455554197643,
      -0.0022280369321691636
    ],
    [
      0.0006984614159966241,
      0.000717974228777554,
      0.9215474487069732,
      -0.1623573274352894,
      -0.13533182654530426,
      -0.1353318265453043,
      -0.09238872177234103,
      -0.002454865308073847,
      -0.002454865308073854,
      -0.02782793264972397
    ],
    [
      -0.0018426477429566656,
      -0.0018314311502084764,
      -0.1623573274352894,
      0.028616250253975673,
      0.02383837749331263,
      0.023838377493312635,
      0.0162724368066239,
      0.0004293238769972147,
      0.00042932387699721585,
      0.004908358075419108
    ],
    [
      -0.0004330579926093618,
      -0.0004629034861890977,
      -0.13533182654530426,
      0.02383837749331263,
      0.019889447781270428,
      0.01988944778127043,
      0.013585086326398136,
      0.00037604691875454027,
      0.0003760469187545413,
      0.004096135798206841
    ],
    [
      -0.00043305799260936177,
      -0.0004629034861890981,
      -0.1353318265453043,
      0.023838377493312635,
      0.01988944778127043,
      0.019889447781270435,
      0.013585086326398139,
      0.0003760469187545403,
      0.00037604691875454136,
      0.004096135798206842
    ],
    [
      -0.0006817659280948868,
      -0.0007628233342008094,
      -0.09238872177234103,
      0.0162724368066239,
      0.013585086326398136,
      0.013585086326398139,
      0.009282363598486176,
      0.0002642907623697033,
      0.000264290762369704,
      0.0028016650571190873
    ],
    [
      -0.001068149444806241,
      -0.0010036455554197634,
      -0.002454865308073847,
      0.0004293238769972147,
      0.00037604691875454027,
      0.0003760469187545403,
      0.0002642907623697033,
      2.3705847712847005e-05,
      2.3705847712847036e-05,
      8.651169594985581e-05
    ],
    [
      -0.0010681494448062418,
      -0.0010036455554197643,
      -0.002454865308073854,
      0.00042932387699721585,
      0.0003760469187545413,
      0.00037604691875454136,
      0.000264290762369704,
      2.3705847712847036e-05,
      2.370584771284707e-05,
      8.651169594985604e-05
    ],
    [
      -0.0022988953728637776,
      -0.0022280369321691636,
      -0.02782793264972397,
      0.004908358075419108,
      0.004096135798206841,
      0.004096135798206842,
