{
  "E": -14.666667051137178,
  "sol": {
    "(((), ()), ((), ()))": 0.9520931892279583,
    "(((0,), (0,)), ((), ()))": -2.0070126125788626e-15,
    "(((), ()), ((0,), (0,)))": -2.0070126125788626e-15,
    "(((0,), (1,)), ((), ()))": 2.6176130151520484e-17,
    "(((), ()), ((0,), (1,)))": 2.6176130151520484e-17,
    "(((0,), (2,)), ((), ()))": 6.741888661035231e-17,
    "(((), ()), ((0,), (2,)))": 6.741888661035231e-17,
    "(((0,), (3,)), ((), ()))": -0.0002492049113006762,
    "(((), ()), ((0,), (3,)))": -0.0002492049113006762,
    "(((0,), (4,)), ((), ()))": 3.0830089927144743e-18,
    "(((), ()), ((0,), (4,)))": 3.0830089927144743e-18,
    "(((0,), (5,)), ((), ()))": 2.4109018458295252e-17,
    "(((), ()), ((0,), (5,)))": 2.4109018458295252e-17,
    "(((0,), (6,)), ((), ()))": -2.0994787704375154e-15,
    "(((), ()), ((0,), (6,)))": -2.0994787704375154e-15,
    "(((1,), (0,)), ((), ()))": -0.0007313576201416459,
    "(((), ()), ((1,), (0,)))": -0.0007313576201416459,
    "(((1,), (1,)), ((), ()))": -1.957504725262064e-17,
    "(((), ()), ((1,), (1,)))": -1.957504725262064e-17,
    "(((1,), (2,)), ((), ()))": -7.302314870089909e-17,
    "(((), ()), ((1,), (2,)))": -7.302314870089909e-17,
    "(((1,), (3,)), ((), ()))": 5.907383693616361e-16,
    "(((), ()), ((1,), (3,)))": 5.907383693616361e-16,
    "(((1,), (4,)), ((), ()))": -7.196262482960127e-18,
    "(((), ()), ((1,), (4,)))": -7.196262482960127e-18,
    "(((1,), (5,)), ((), ()))": -1.9453850315105482e-17,
    "(((), ()), ((1,), (5,)))": -1.9453850315105482e-17,
    "(((1,), (6,)), ((), ()))": -0.0008294170550410233,
    "(((), ()), ((1,), (6,)))": -0.0008294170550410233,
    "(((2,), (0,)), ((), ()))": 3.967885569092842e-15,
    "(((), ()), ((2,), (0,)))": 3.967885569092842e-15,
    "(((2,), (1,)), ((), ()))": 1.2028183178195839e-16,
    "(((), ()), ((2,), (1,)))": 1.2028183178195839e-16,
    "(((2,), (2,)), ((), ()))": 1.7407909066973998e-16,
    "(((), ()), ((2,), (2,)))": 1.7407909066973998e-16,
    "(((2,), (3,)), ((), ()))": 0.03767444091742135,
    "(((), ()), ((2,), (3,)))": 0.03767444091742135,
    "(((2,), (4,)), ((), ()))": -9.83388425103878e-18,
    "(((), ()), ((2,), (4,)))": -9.83388425103878e-18,
    "(((2,), (5,)), ((), ()))": -1.6968976782498996e-16,
    "(((), ()), ((2,), (5,)))": -1.6968976782498996e-16,
    "(((2,), (6,)), ((), ()))": 2.3683701184273784e-15,
    "(((), ()), ((2,), (6,)))": 2.3683701184273784e-15,
    "(((0,), (0,)), ((0,), (0,)))": -0.0018690654263211017,
    "(((0,), (0,)), ((0,), (1,)))": 1.460659495915512e-18,
    "(((0,), (0,)), ((0,), (2,)))": -2.010606892139884e-18,
    "(((0,), (0,)), ((0,), (3,)))": 3.5610617776537565e-15,
    "(((0,), (0,)), ((0,), (4,)))": -1.9936107202777688e-19,
    "(((0,), (0,)), ((0,), (5,)))": -9.573020332099102e-20,
    "(((0,), (0,)), ((0,), (6,)))": -0.0008735410682569231,
    "(((0,), (0,)), ((1,), (0,)))": -9.876013063772688e-17,
    "(((0,), (0,)), ((1,), (1,)))": 1.950184967189903e-18,
    "(((0,), (0,)), ((1,), (2,)))": 2.4472253854490587e-19,
    "(((0,), (0,)), ((1,), (3,)))": 0.0006452545585360138,
    "(((0,), (0,)), ((1,), (4,)))": 1.0085571648405529e-18,
    "(((0,), (0,)), ((1,), (5,)))": -1.7445286796650943e-18,
    "(((0,), (0,)), ((1,), (6,)))": 2.0362044073584648e-16,
    "(((0,), (0,)), ((2,), (0,)))": 0.0011046126023074529,
    "(((0,), (0,)), ((2,), (1,)))": -3.994126747171809e-18,
    "(((0,), (0,)), ((2,), (2,)))": 4.638995638110799e-18,
    "(((0,), (0,)), ((2,), (3,)))": 3.60368389513335e-15,
    "(((0,), (0,)), ((2,), (4,)))": 2.9199481828081084e-19,
    "(((0,), (0,)), ((2,), (5,)))": -1.852514945811843e-18,
    "(((0,), (0,)), ((2,), (6,)))": 0.002107093965768236,
    "(((0,), (1,)), ((0,), (0,)))": 1.460659495915527e-18,
    "(((0,), (1,)), ((0,), (1,)))": -0.0003537082099932167,
    "(((0,), (1,)), ((0,), (2,)))": -1.7537054489115402e-19,
    "(((0,), (1,)), ((0,), (3,)))": -1.7185952050517374e-18,
    "(((0,), (1,)), ((0,), (4,)))": 4.714919023785342e-15,
    "(((0,), (1,)), ((0,), (5,)))": -1.598875943504848e-15,
    "(((0,), (1,)), ((0,), (6,)))": 1.2292003418985962e-18,
    "(((0,), (1,)), ((1,), (0,)))": 2.2022724992121434e-18,
    "(((0,), (1,)), ((1,), (1,)))": 1.5922308768172992e-16,
    "(((0,), (1,)), ((1,), (2,)))": -7.747887996552998e-20,
    "(((0,), (1,)), ((1,), (3,)))": -1.2757809288277092e-18,
    "(((0,), (1,)), ((1,), (4,)))": 0.0009375191995021987,
    "(((0,), (1,)), ((1,), (5,)))": -0.000317911917022371,
    "(((0,), (1,)), ((1,), (6,)))": -3.8219822699868965e-18,
    "(((0,), (1,)), ((2,), (0,)))": -3.884285444475421e-18,
    "(((0,), (1,)), ((2,), (1,)))": -0.002798769701474546,
    "(((0,), (1,)), ((2,), (2,)))": 1.2699483808745977e-09,
    "(((0,), (1,)), ((2,), (3,)))": -6.618138480990747e-19,
    "(((0,), (1,)), ((2,), (4,)))": 5.2399242148619606e-15,
    "(((0,), (1,)), ((2,), (5,)))": -1.7769058253187746e-15,
    "(((0,), (1,)), ((2,), (6,)))": -2.1539123173103267e-18,
    "(((0,), (2,)), ((0,), (0,)))": -2.010606892139887e-18,
    "(((0,), (2,)), ((0,), (1,)))": -1.184479638954113e-19,
    "(((0,), (2,)), ((0,), (2,)))": -0.0003537082099932167,
    "(((0,), (2,)), ((0,), (3,)))": 2.2281049838960687e-19,
    "(((0,), (2,)), ((0,), (4,)))": 1.5986117776664353e-15,
    "(((0,), (2,)), ((0,), (5,)))": 4.7146135948379e-15,
    "(((0,), (2,)), ((0,), (6,)))": -1.2312868315665745e-18,
    "(((0,), (2,)), ((1,), (0,)))": -8.747794845830912e-21,
    "(((0,), (2,)), ((1,), (1,)))": -3.461306123171012e-20,
    "(((0,), (2,)), ((1,), (2,)))": 1.5957522878602468e-16,
    "(((0,), (2,)), ((1,), (3,)))": 9.756121443969962e-19,
    "(((0,), (2,)), ((1,), (4,)))": 0.00031791191702237116,
    "(((0,), (2,)), ((1,), (5,)))": 0.0009375191995021986,
    "(((0,), (2,)), ((1,), (6,)))": 8.670564476103743e-20,
    "(((0,), (2,)), ((2,), (0,)))": 5.307958060009314e-18,
    "(((0,), (2,)), ((2,), (1,)))": -1.2699483812881708e-09,
    "(((0,), (2,)), ((2,), (2,)))": -0.0027987697014745455,
    "(((0,), (2,)), ((2,), (3,)))": 3.1520331524374186e-18,
    "(((0,), (2,)), ((2,), (4,)))": 1.776440828549467e-15,
    "(((0,), (2,)), ((2,), (5,)))": 5.238086278552899e-15,
    "(((0,), (2,)), ((2,), (6,)))": 2.5216943098712347e-18,
    "(((0,), (3,)), ((0,), (0,)))": 3.562963972279088e-15,
    "(((0,), (3,)), ((0,), (1,)))": -1.7185952050517364e-18,
    "(((0,), (3,)), ((0,), (2,)))": 2.2281049838960576e-19,
    "(((0,), (3,)), ((0,), (3,)))": -0.0008700061153278236,
    "(((0,), (3,)), ((0,), (4,)))": 1.9062139939971673e-19,
    "(((0,), (3,)), ((0,), (5,)))": -5.701559729265021e-20,
    "(((0,), (3,)), ((0,), (6,)))": -5.590401455362724e-15,
    "(((0,), (3,)), ((1,), (0,)))": 0.000721033339622304,
    "(((0,), (3,)), ((1,), (1,)))": -1.2099111741165925e-18,
    "(((0,), (3,)), ((1,), (2,)))": 9.644478024761751e-19,
    "(((0,), (3,)), ((1,), (3,)))": 3.812846583730758e-16,
    "(((0,), (3,)), ((1,), (4,)))": -3.1163908808802372e-18,
    "(((0,), (3,)), ((1,), (5,)))": 1.2138940584101632e-18,
    "(((0,), (3,)), ((1,), (6,)))": -0.0011358939502797347,
    "(((0,), (3,)), ((2,), (0,)))": 3.0550745441913932e-15,
    "(((0,), (3,)), ((2,), (1,)))": -1.7104271725716836e-18,
    "(((0,), (3,)), ((2,), (2,)))": -3.0466322571517033e-19,
    "(((0,), (3,)), ((2,), (3,)))": -0.0034375097780795865,
    "(((0,), (3,)), ((2,), (4,)))": -7.527921291438692e-19,
    "(((0,), (3,)), ((2,), (5,)))": 7.332675114872219e-19,
    "(((0,), (3,)), ((2,), (6,)))": -4.2238265473218145e-15,
    "(((0,), (4,)), ((0,), (0,)))": -1.9936107202777432e-19,
    "(((0,), (4,)), ((0,), (1,)))": 4.714789288949623e-15,
    "(((0,), (4,)), ((0,), (2,)))": 1.5985264706807203e-15,
    "(((0,), (4,)), ((0,), (3,)))": 1.9062139939971632e-19,
    "(((0,), (4,)), ((0,), (4,)))": -0.0011046734682151553,
    "(((0,), (4,)), ((0,), (5,)))": -4.2871964594218185e-20,
    "(((0,), (4,)), ((0,), (6,)))": -1.726960226137831e-19,
    "(((0,), (4,)), ((1,), (0,)))": 1.0560475492599053e-18,
    "(((0,), (4,)), ((1,), (1,)))": 0.0008726973966800202,
    "(((0,), (4,)), ((1,), (2,)))": 0.0002959309269344753,
    "(((0,), (4,)), ((1,), (3,)))": -2.8517371885879873e-18,
    "(((0,), (4,)), ((1,), (4,)))": -2.2309880959340135e-16,
    "(((0,), (4,)), ((1,), (5,)))": 3.541968362203212e-19,
    "(((0,), (4,)), ((1,), (6,)))": -7.833362215469186e-19,
    "(((0,), (4,)), ((2,), (0,)))": -3.138689199730894e-19,
    "(((0,), (4,)), ((2,), (1,)))": 6.994442729051195e-15,
    "(((0,), (4,)), ((2,), (2,)))": 2.3713660578675004e-15,
    "(((0,), (4,)), ((2,), (3,)))": -5.371447258481833e-19,
    "(((0,), (4,)), ((2,), (4,)))": -0.002715305852692173,
    "(((0,), (4,)), ((2,), (5,)))": 1.2516107170305836e-09,
    "(((0,), (4,)), ((2,), (6,)))": 8.207165887551925e-20,
    "(((0,), (5,)), ((0,), (0,)))": -9.573020332099218e-20,
    "(((0,), (5,)), ((0,), (1,)))": -1.5985823148684143e-15,
    "(((0,), (5,)), ((0,), (2,)))": 4.714491960130104e-15,
    "(((0,), (5,)), ((0,), (3,)))": -5.701559729265216e-20,
    "(((0,), (5,)), ((0,), (4,)))": 6.086882984271211e-20,
    "(((0,), (5,)), ((0,), (5,)))": -0.0011046734682151553,
    "(((0,), (5,)), ((0,), (6,)))": 1.3788913978228565e-19,
    "(((0,), (5,)), ((1,), (0,)))": -1.4744069160952063e-18,
    "(((0,), (5,)), ((1,), (1,)))": -0.00029593092693447554,
    "(((0,), (5,)), ((1,), (2,)))": 0.0008726973966800203,
    "(((0,), (5,)), ((1,), (3,)))": 1.1485525966410023e-18,
    "(((0,), (5,)), ((1,), (4,)))": 3.197259275435376e-19,
    "(((0,), (5,)), ((1,), (5,)))": -2.2231984232367017e-16,
    "(((0,), (5,)), ((1,), (6,)))": 8.673440699886581e-19,
    "(((0,), (5,)), ((2,), (0,)))": -2.521160779534549e-18,
    "(((0,), (5,)), ((2,), (1,)))": -2.371874794904267e-15,
    "(((0,), (5,)), ((2,), (2,)))": 6.992944847099226e-15,
    "(((0,), (5,)), ((2,), (3,)))": 1.466435264400988e-18,
    "(((0,), (5,)), ((2,), (4,)))": -1.2516107170813297e-09,
    "(((0,), (5,)), ((2,), (5,)))": -0.002715305852692173,
    "(((0,), (5,)), ((2,), (6,)))": -1.198395388477445e-18,
    "(((0,), (6,)), ((0,), (0,)))": -0.0008735410682569203,
    "(((0,), (6,)), ((0,), (1,)))": 1.2292003418985794e-18,
    "(((0,), (6,)), ((0,), (2,)))": -1.2312868315665687e-18,
    "(((0,), (6,)), ((0,), (3,)))": -5.592677576158512e-15,
    "(((0,), (6,)), ((0,), (4,)))": -1.7269602261378153e-19,
    "(((0,), (6,)), ((0,), (5,)))": 1.3788913978228772e-19,
    "(((0,), (6,)), ((0,), (6,)))": -0.0025712974157490838,
    "(((0,), (6,)), ((1,), (0,)))": 1.9695207163474748e-16,
    "(((0,), (6,)), ((1,), (1,)))": -3.4631852144660888e-18,
    "(((0,), (6,)), ((1,), (2,)))": 2.0444228933594245e-19,
    "(((0,), (6,)), ((1,), (3,)))": -0.001013011854776327,
    "(((0,), (6,)), ((1,), (4,)))": -6.77176122127681e-19,
    "(((0,), (6,)), ((1,), (5,)))": 5.406009025020968e-19,
    "(((0,), (6,)), ((1,), (6,)))": -2.6892856842530566e-16,
    "(((0,), (6,)), ((2,), (0,)))": 0.002572924812292231,
    "(((0,), (6,)), ((2,), (1,)))": -2.6783518966608865e-18,
    "(((0,), (6,)), ((2,), (2,)))": 2.8727961143519886e-18,
    "(((0,), (6,)), ((2,), (3,)))": -8.937447942822654e-15,
    "(((0,), (6,)), ((2,), (4,)))": 5.38359654595298e-19,
    "(((0,), (6,)), ((2,), (5,)))": -1.3339416049604066e-18,
    "(((0,), (6,)), ((2,), (6,)))": -0.0010486769634558068,
    "(((1,), (0,)), ((0,), (0,)))": -1.0007069554601174e-16,
    "(((1,), (0,)), ((0,), (1,)))": 2.202272499212139e-18,
    "(((1,), (0,)), ((0,), (2,)))": -8.747794845827541e-21,
    "(((1,), (0,)), ((0,), (3,)))": 0.000721033339622305,
    "(((1,), (0,)), ((0,), (4,)))": 1.0560475492599072e-18,
    "(((1,), (0,)), ((0,), (5,)))": -1.4744069160952088e-18,
    "(((1,), (0,)), ((0,), (6,)))": 2.0242680209541464e-16,
    "(((1,), (0,)), ((1,), (0,)))": -0.0019025985945877173,
    "(((1,), (0,)), ((1,), (1,)))": 1.5413275596996695e-18,
    "(((1,), (0,)), ((1,), (2,)))": -2.1240179810778886e-18,
    "(((1,), (0,)), ((1,), (3,)))": -3.552785347489702e-15,
    "(((1,), (0,)), ((1,), (4,)))": -1.6218184696885741e-19,
    "(((1,), (0,)), ((1,), (5,)))": 8.340369133582258e-21,
    "(((1,), (0,)), ((1,), (6,)))": -0.0007949417619869472,
    "(((1,), (0,)), ((2,), (0,)))": -2.8555913701033874e-15,
    "(((1,), (0,)), ((2,), (1,)))": 4.5202193551388124e-18,
    "(((1,), (0,)), ((2,), (2,)))": -1.1935831999157443e-19,
    "(((1,), (0,)), ((2,), (3,)))": 0.0013877316342656102,
    "(((1,), (0,)), ((2,), (4,)))": 2.4019378951964243e-18,
    "(((1,), (0,)), ((2,), (5,)))": -2.549989887636596e-18,
    "(((1,), (0,)), ((2,), (6,)))": -5.473786936917369e-15,
    "(((1,), (1,)), ((0,), (0,)))": 1.9501849671899043e-18,
    "(((1,), (1,)), ((0,), (1,)))": 1.5919150934885747e-16,
    "(((1,), (1,)), ((0,), (2,)))": -4.6405663324015033e-20,
    "(((1,), (1,)), ((0,), (3,)))": -1.2099111741165946e-18,
    "(((1,), (1,)), ((0,), (4,)))": 0.0008726973966800202,
    "(((1,), (1,)), ((0,), (5,)))": -0.00029593092693447527,
    "(((1,), (1,)), ((0,), (6,)))": -3.4631852144660838e-18,
    "(((1,), (1,)), ((1,), (0,)))": 1.5413275596996678e-18,
    "(((1,), (1,)), ((1,), (1,)))": -0.0002927426924351918,
    "(((1,), (1,)), ((1,), (2,)))": -1.0848321156184469e-19,
    "(((1,), (1,)), ((1,), (3,)))": -1.5002709796793887e-18,
    "(((1,), (1,)), ((1,), (4,)))": -4.71053540951885e-15,
    "(((1,), (1,)), ((1,), (5,)))": 1.5971715536486292e-15,
    "(((1,), (1,)), ((1,), (6,)))": 1.2646060522787886e-18,
    "(((1,), (1,)), ((2,), (0,)))": 4.2402086810408834e-18,
    "(((1,), (1,)), ((2,), (1,)))": 7.307162039875976e-15,
    "(((1,), (1,)), ((2,), (2,)))": -1.7280035448820434e-19,
    "(((1,), (1,)), ((2,), (3,)))": -2.876452700054629e-18,
    "(((1,), (1,)), ((2,), (4,)))": 0.0020149848742554814,
    "(((1,), (1,)), ((2,), (5,)))": -0.0006832748224662152,
    "(((1,), (1,)), ((2,), (6,)))": -5.1688984021688265e-18,
    "(((1,), (2,)), ((0,), (0,)))": 2.447225385449035e-19,
    "(((1,), (2,)), ((0,), (1,)))": -3.9305922670898527e-20,
    "(((1,), (2,)), ((0,), (2,)))": 1.592782474775902e-16,
    "(((1,), (2,)), ((0,), (3,)))": 9.644478024761768e-19,
    "(((1,), (2,)), ((0,), (4,)))": 0.00029593092693447543,
    "(((1,), (2,)), ((0,), (5,)))": 0.0008726973966800203,
    "(((1,), (2,)), ((0,), (6,)))": 2.04442289335941e-19,
    "(((1,), (2,)), ((1,), (0,)))": -2.1240179810778875e-18,
    "(((1,), (2,)), ((1,), (1,)))": -1.6543313148468974e-19,
    "(((1,), (2,)), ((1,), (2,)))": -0.000292742692435192,
    "(((1,), (2,)), ((1,), (3,)))": 1.8827083755845746e-19,
    "(((1,), (2,)), ((1,), (4,)))": -1.5974190316640482e-15,
    "(((1,), (2,)), ((1,), (5,)))": -4.710187210469318e-15,
    "(((1,), (2,)), ((1,), (6,)))": -1.2825673371515442e-18,
    "(((1,), (2,)), ((2,), (0,)))": -1.0108323766230582e-18,
    "(((1,), (2,)), ((2,), (1,)))": 2.0331483482208128e-20,
    "(((1,), (2,)), ((2,), (2,)))": 7.30724027487385e-15,
    "(((1,), (2,)), ((2,), (3,)))": -2.047197493573856e-18,
    "(((1,), (2,)), ((2,), (4,)))": 0.0006832748224662155,
    "(((1,), (2,)), ((2,), (5,)))": 0.002014984874255482,
    "(((1,), (2,)), ((2,), (6,)))": -5.819802304455373e-19,
    "(((1,), (3,)), ((0,), (0,)))": 0.0006452545585360127,
    "(((1,), (3,)), ((0,), (1,)))": -1.275780928827707e-18,
    "(((1,), (3,)), ((0,), (2,)))": 9.756121443969949e-19,
    "(((1,), (3,)), ((0,), (3,)))": 3.8132088967512434e-16,
    "(((1,), (3,)), ((0,), (4,)))": -2.8517371885879885e-18,
    "(((1,), (3,)), ((0,), (5,)))": 1.1485525966410005e-18,
    "(((1,), (3,)), ((0,), (6,)))": -0.0010130118547763225,
    "(((1,), (3,)), ((1,), (0,)))": -3.5517958741805666e-15,
    "(((1,), (3,)), ((1,), (1,)))": -1.50027097967939e-18,
    "(((1,), (3,)), ((1,), (2,)))": 1.8827083755845813e-19,
    "(((1,), (3,)), ((1,), (3,)))": -0.0007257602538913073,
    "(((1,), (3,)), ((1,), (4,)))": 3.8518839565562728e-19,
    "(((1,), (3,)), ((1,), (5,)))": -2.6278741660262937e-19,
    "(((1,), (3,)), ((1,), (6,)))": 5.59818128431195e-15,
    "(((1,), (3,)), ((2,), (0,)))": 0.0011765193544876324,
    "(((1,), (3,)), ((2,), (1,)))": -3.3981594030345244e-18,
    "(((1,), (3,)), ((2,), (2,)))": 1.6854521466754345e-18,
    "(((1,), (3,)), ((2,), (3,)))": 8.972179341714199e-15,
    "(((1,), (3,)), ((2,), (4,)))": -6.453060217410451e-18,
    "(((1,), (3,)), ((2,), (5,)))": 2.479308481068528e-18,
    "(((1,), (3,)), ((2,), (6,)))": -0.001622091219492576,
    "(((1,), (4,)), ((0,), (0,)))": 1.008557164840551e-18,
    "(((1,), (4,)), ((0,), (1,)))": 0.0009375191995021986,
    "(((1,), (4,)), ((0,), (2,)))": 0.000317911917022371,
    "(((1,), (4,)), ((0,), (3,)))": -3.1163908808802345e-18,
    "(((1,), (4,)), ((0,), (4,)))": -2.232908677540257e-16,
    "(((1,), (4,)), ((0,), (5,)))": 4.0800115427669404e-19,
    "(((1,), (4,)), ((0,), (6,)))": -6.771761221276802e-19,
    "(((1,), (4,)), ((1,), (0,)))": -1.621818469688565e-19,
    "(((1,), (4,)), ((1,), (1,)))": -4.710287864791729e-15,
    "(((1,), (4,)), ((1,), (2,)))": -1.597521012460223e-15,
    "(((1,), (4,)), ((1,), (3,)))": 3.8518839565562713e-19,
    "(((1,), (4,)), ((1,), (4,)))": -0.0011905868972058571,
    "(((1,), (4,)), ((1,), (5,)))": 1.0690105136400747e-19,
    "(((1,), (4,)), ((1,), (6,)))": -1.7993824543313345e-19,
    "(((1,), (4,)), ((2,), (0,)))": 2.5267276430650168e-18,
    "(((1,), (4,)), ((2,), (1,)))": 0.0026888230373860247,
    "(((1,), (4,)), ((2,), (2,)))": 0.0009117747215357727,
    "(((1,), (4,)), ((2,), (3,)))": -9.293258423479786e-18,
    "(((1,), (4,)), ((2,), (4,)))": 7.075998957317424e-15,
    "(((1,), (4,)), ((2,), (5,)))": 1.0166966565032722e-18,
    "(((1,), (4,)), ((2,), (6,)))": -6.0016311299207465e-19,
    "(((1,), (5,)), ((0,), (0,)))": -1.7445286796650936e-18,
    "(((1,), (5,)), ((0,), (1,)))": -0.00031791191702237116,
    "(((1,), (5,)), ((0,), (2,)))": 0.0009375191995021986,
    "(((1,), (5,)), ((0,), (3,)))": 1.2138940584101638e-18,
    "(((1,), (5,)), ((0,), (4,)))": 2.8987786437732665e-19,
    "(((1,), (5,)), ((0,), (5,)))": -2.2234104748336055e-16,
    "(((1,), (5,)), ((0,), (6,)))": 5.406009025020949e-19,
    "(((1,), (5,)), ((1,), (0,)))": 8.34036913358274e-21,
    "(((1,), (5,)), ((1,), (1,)))": 1.5976142671570251e-15,
    "(((1,), (5,)), ((1,), (2,)))": -4.711079646395423e-15,
    "(((1,), (5,)), ((1,), (3,)))": -2.6278741660263053e-19,
    "(((1,), (5,)), ((1,), (4,)))": -7.975809446271035e-20,
    "(((1,), (5,)), ((1,), (5,)))": -0.0011905868972058571,
    "(((1,), (5,)), ((1,), (6,)))": 1.6666200634274945e-19,
    "(((1,), (5,)), ((2,), (0,)))": -2.1501869200184653e-18,
    "(((1,), (5,)), ((2,), (1,)))": -0.0009117747215357721,
    "(((1,), (5,)), ((2,), (2,)))": 0.0026888230373860256,
    "(((1,), (5,)), ((2,), (3,)))": 2.831946236998038e-18,
    "(((1,), (5,)), ((2,), (4,)))": 8.00749392759714e-19,
    "(((1,), (5,)), ((2,), (5,)))": 7.077904377720031e-15,
    "(((1,), (5,)), ((2,), (6,)))": 2.353144779274899e-18,
    "(((1,), (6,)), ((0,), (0,)))": 1.9741224607570922e-16,
    "(((1,), (6,)), ((0,), (1,)))": -3.8219822699869065e-18,
    "(((1,), (6,)), ((0,), (2,)))": 8.670564476104169e-20,
    "(((1,), (6,)), ((0,), (3,)))": -0.0011358939502797384,
    "(((1,), (6,)), ((0,), (4,)))": -7.833362215469193e-19,
    "(((1,), (6,)), ((0,), (5,)))": 8.673440699886587e-19,
    "(((1,), (6,)), ((0,), (6,)))": -2.679081080521066e-16,
    "(((1,), (6,)), ((1,), (0,)))": -0.0007949417619869431,
    "(((1,), (6,)), ((1,), (1,)))": 1.2646060522787757e-18,
    "(((1,), (6,)), ((1,), (2,)))": -1.2825673371515394e-18,
    "(((1,), (6,)), ((1,), (3,)))": 5.598139026717159e-15,
    "(((1,), (6,)), ((1,), (4,)))": -1.7993824543313288e-19,
    "(((1,), (6,)), ((1,), (5,)))": 1.666620063427479e-19,
    "(((1,), (6,)), ((1,), (6,)))": -0.0026713351226938502,
    "(((1,), (6,)), ((2,), (0,)))": -6.697242779609113e-15,
    "(((1,), (6,)), ((2,), (1,)))": -1.1488145659521349e-17,
    "(((1,), (6,)), ((2,), (2,)))": 1.6994548947751731e-19,
    "(((1,), (6,)), ((2,), (3,)))": -0.003434355810156868,
    "(((1,), (6,)), ((2,), (4,)))": -2.4345446333825207e-18,
    "(((1,), (6,)), ((2,), (5,)))": 2.9103644595459216e-18,
    "(((1,), (6,)), ((2,), (6,)))": 2.7344140816584016e-15,
    "(((2,), (0,)), ((0,), (0,)))": 0.0011046126023074583,
    "(((2,), (0,)), ((0,), (1,)))": -3.884285444475421e-18,
    "(((2,), (0,)), ((0,), (2,)))": 5.307958060009312e-18,
    "(((2,), (0,)), ((0,), (3,)))": 3.0551328606031432e-15,
    "(((2,), (0,)), ((0,), (4,)))": -3.138689199730924e-19,
    "(((2,), (0,)), ((0,), (5,)))": -2.5211607795345494e-18,
    "(((2,), (0,)), ((0,), (6,)))": 0.0025729248122922255,
    "(((2,), (0,)), ((1,), (0,)))": -2.858417406634699e-15,
    "(((2,), (0,)), ((1,), (1,)))": 4.240208681040876e-18,
    "(((2,), (0,)), ((1,), (2,)))": -1.0108323766230654e-18,
    "(((2,), (0,)), ((1,), (3,)))": 0.0011765193544876313,
    "(((2,), (0,)), ((1,), (4,)))": 2.526727643065018e-18,
    "(((2,), (0,)), ((1,), (5,)))": -2.150186920018465e-18,
    "(((2,), (0,)), ((1,), (6,)))": -6.692992142521975e-15,
    "(((2,), (0,)), ((2,), (0,)))": -0.1317367705891889,
    "(((2,), (0,)), ((2,), (1,)))": -4.1892105465961e-17,
    "(((2,), (0,)), ((2,), (2,)))": 4.528652999802719e-17,
    "(((2,), (0,)), ((2,), (3,)))": -5.600630159266831e-16,
    "(((2,), (0,)), ((2,), (4,)))": -3.436303303855228e-17,
    "(((2,), (0,)), ((2,), (5,)))": 1.0730814502623808e-16,
    "(((2,), (0,)), ((2,), (6,)))": -0.04429196973410357,
    "(((2,), (1,)), ((0,), (0,)))": -3.994126747171815e-18,
    "(((2,), (1,)), ((0,), (1,)))": -0.002798769701474545,
    "(((2,), (1,)), ((0,), (2,)))": -1.2699483810522039e-09,
    "(((2,), (1,)), ((0,), (3,)))": -1.710427172571682e-18,
    "(((2,), (1,)), ((0,), (4,)))": 6.9951805409036395e-15,
    "(((2,), (1,)), ((0,), (5,)))": -2.371842476301275e-15,
    "(((2,), (1,)), ((0,), (6,)))": -2.6783518966608787e-18,
    "(((2,), (1,)), ((1,), (0,)))": 4.5202193551388086e-18,
    "(((2,), (1,)), ((1,), (1,)))": 7.306814253788861e-15,
    "(((2,), (1,)), ((1,), (2,)))": -1.299054025535571e-19,
    "(((2,), (1,)), ((1,), (3,)))": -3.3981594030345297e-18,
    "(((2,), (1,)), ((1,), (4,)))": 0.0026888230373860256,
    "(((2,), (1,)), ((1,), (5,)))": -0.0009117747215357721,
    "(((2,), (1,)), ((1,), (6,)))": -1.1488145659521357e-17,
    "(((2,), (1,)), ((2,), (0,)))": -4.189210546596101e-17,
    "(((2,), (1,)), ((2,), (1,)))": -0.17338942148776992,
    "(((2,), (1,)), ((2,), (2,)))": 4.399890429093566e-17,
    "(((2,), (1,)), ((2,), (3,)))": 3.223386984766936e-16,
    "(((2,), (1,)), ((2,), (4,)))": -3.5775896860626925e-16,
    "(((2,), (1,)), ((2,), (5,)))": 9.98212918370767e-17,
    "(((2,), (1,)), ((2,), (6,)))": 3.0815825624985644e-18,
    "(((2,), (2,)), ((0,), (0,)))": 4.638995638110808e-18,
    "(((2,), (2,)), ((0,), (1,)))": 1.2699483806586876e-09,
    "(((2,), (2,)), ((0,), (2,)))": -0.0027987697014745455,
    "(((2,), (2,)), ((0,), (3,)))": -3.0466322571516224e-19,
    "(((2,), (2,)), ((0,), (4,)))": 2.371760001485483e-15,
    "(((2,), (2,)), ((0,), (5,)))": 6.992788323451177e-15,
    "(((2,), (2,)), ((0,), (6,)))": 2.8727961143519813e-18,
    "(((2,), (2,)), ((1,), (0,)))": -1.1935831999157014e-19,
    "(((2,), (2,)), ((1,), (1,)))": -1.450964503285067e-19,
    "(((2,), (2,)), ((1,), (2,)))": 7.307737112141157e-15,
    "(((2,), (2,)), ((1,), (3,)))": 1.6854521466754364e-18,
    "(((2,), (2,)), ((1,), (4,)))": 0.0009117747215357725,
    "(((2,), (2,)), ((1,), (5,)))": 0.0026888230373860256,
    "(((2,), (2,)), ((1,), (6,)))": 1.6994548947751987e-19,
    "(((2,), (2,)), ((2,), (0,)))": 4.528652999802732e-17,
    "(((2,), (2,)), ((2,), (1,)))": 4.419523788146301e-17,
    "(((2,), (2,)), ((2,), (2,)))": -0.17338942148776978,
    "(((2,), (2,)), ((2,), (3,)))": -1.0742145134583933e-16,
    "(((2,), (2,)), ((2,), (4,)))": -1.0015428489333371e-16,
    "(((2,), (2,)), ((2,), (5,)))": -4.776319803954374e-16,
    "(((2,), (2,)), ((2,), (6,)))": -6.15975129046024e-17,
    "(((2,), (3,)), ((0,), (0,)))": 3.603032033646312e-15,
    "(((2,), (3,)), ((0,), (1,)))": -6.618138480990799e-19,
    "(((2,), (3,)), ((0,), (2,)))": 3.1520331524374124e-18,
    "(((2,), (3,)), ((0,), (3,)))": -0.0034375097780795865,
    "(((2,), (3,)), ((0,), (4,)))": -5.371447258481838e-19,
    "(((2,), (3,)), ((0,), (5,)))": 1.4664352644009874e-18,
    "(((2,), (3,)), ((0,), (6,)))": -8.942401503111931e-15,
    "(((2,), (3,)), ((1,), (0,)))": 0.0013877316342656085,
    "(((2,), (3,)), ((1,), (1,)))": -2.876452700054621e-18,
    "(((2,), (3,)), ((1,), (2,)))": -2.04719749357386e-18,
    "(((2,), (3,)), ((1,), (3,)))": 8.972412761215783e-15,
    "(((2,), (3,)), ((1,), (4,)))": -9.293258423479783e-18,
    "(((2,), (3,)), ((1,), (5,)))": 2.831946236998034e-18,
    "(((2,), (3,)), ((1,), (6,)))": -0.0034343558101568713,
    "(((2,), (3,)), ((2,), (0,)))": -5.597860972564214e-16,
    "(((2,), (3,)), ((2,), (1,)))": 3.2233869847669353e-16,
    "(((2,), (3,)), ((2,), (2,)))": -1.074214513458393e-16,
    "(((2,), (3,)), ((2,), (3,)))": -0.09270134598270767,
    "(((2,), (3,)), ((2,), (4,)))": -8.132880061847224e-17,
    "(((2,), (3,)), ((2,), (5,)))": 4.9223189607119764e-17,
    "(((2,), (3,)), ((2,), (6,)))": -1.5469126678222047e-16,
    "(((2,), (4,)), ((0,), (0,)))": 2.919948182808142e-19,
    "(((2,), (4,)), ((0,), (1,)))": 5.2393631328076635e-15,
    "(((2,), (4,)), ((0,), (2,)))": 1.7760491728938744e-15,
    "(((2,), (4,)), ((0,), (3,)))": -7.5279212914387e-19,
    "(((2,), (4,)), ((0,), (4,)))": -0.0027153058526921724,
    "(((2,), (4,)), ((0,), (5,)))": -1.2516107169568723e-09,
    "(((2,), (4,)), ((0,), (6,)))": 5.38359654595301e-19,
    "(((2,), (4,)), ((1,), (0,)))": 2.401937895196422e-18,
    "(((2,), (4,)), ((1,), (1,)))": 0.0020149848742554806,
    "(((2,), (4,)), ((1,), (2,)))": 0.0006832748224662156,
    "(((2,), (4,)), ((1,), (3,)))": -6.453060217410451e-18,
    "(((2,), (4,)), ((1,), (4,)))": 7.075911500001971e-15,
    "(((2,), (4,)), ((1,), (5,)))": 7.537355960843215e-19,
    "(((2,), (4,)), ((1,), (6,)))": -2.4345446333825253e-18,
    "(((2,), (4,)), ((2,), (0,)))": -3.436303303855229e-17,
    "(((2,), (4,)), ((2,), (1,)))": -3.456430329749831e-16,
    "(((2,), (4,)), ((2,), (2,)))": -9.969945196984844e-17,
    "(((2,), (4,)), ((2,), (3,)))": -8.132880061847253e-17,
    "(((2,), (4,)), ((2,), (4,)))": -0.0001510522216569589,
    "(((2,), (4,)), ((2,), (5,)))": -1.1408242750759666e-17,
    "(((2,), (4,)), ((2,), (6,)))": -7.966393711434155e-18,
    "(((2,), (5,)), ((0,), (0,)))": -1.8525149458118467e-18,
    "(((2,), (5,)), ((0,), (1,)))": -1.777148037346453e-15,
    "(((2,), (5,)), ((0,), (2,)))": 5.238376668360787e-15,
    "(((2,), (5,)), ((0,), (3,)))": 7.332675114872238e-19,
    "(((2,), (5,)), ((0,), (4,)))": 1.2516107168926998e-09,
    "(((2,), (5,)), ((0,), (5,)))": -0.002715305852692173,
    "(((2,), (5,)), ((0,), (6,)))": -1.3339416049604071e-18,
    "(((2,), (5,)), ((1,), (0,)))": -2.5499898876365953e-18,
    "(((2,), (5,)), ((1,), (1,)))": -0.0006832748224662152,
    "(((2,), (5,)), ((1,), (2,)))": 0.002014984874255481,
    "(((2,), (5,)), ((1,), (3,)))": 2.4793084810685293e-18,
    "(((2,), (5,)), ((1,), (4,)))": 1.105517281017164e-18,
    "(((2,), (5,)), ((1,), (5,)))": 7.077175950342633e-15,
    "(((2,), (5,)), ((1,), (6,)))": 2.9103644595459166e-18,
    "(((2,), (5,)), ((2,), (0,)))": 1.0730814502623811e-16,
    "(((2,), (5,)), ((2,), (1,)))": 9.728722269194464e-17,
    "(((2,), (5,)), ((2,), (2,)))": -4.47476762824233e-16,
    "(((2,), (5,)), ((2,), (3,)))": 4.922318960712005e-17,
    "(((2,), (5,)), ((2,), (4,)))": -1.2093705198133174e-17,
    "(((2,), (5,)), ((2,), (5,)))": -0.00015105222165694154,
    "(((2,), (5,)), ((2,), (6,)))": 1.6930656090320548e-17,
    "(((2,), (6,)), ((0,), (0,)))": 0.0021070939657682483,
    "(((2,), (6,)), ((0,), (1,)))": -2.153912317310332e-18,
    "(((2,), (6,)), ((0,), (2,)))": 2.521694309871241e-18,
    "(((2,), (6,)), ((0,), (3,)))": -4.216306682536635e-15,
    "(((2,), (6,)), ((0,), (4,)))": 8.207165887551692e-20,
    "(((2,), (6,)), ((0,), (5,)))": -1.1983953884774473e-18,
    "(((2,), (6,)), ((0,), (6,)))": -0.0010486769634558092,
    "(((2,), (6,)), ((1,), (0,)))": -5.480676819552711e-15,
    "(((2,), (6,)), ((1,), (1,)))": -5.168898402168816e-18,
    "(((2,), (6,)), ((1,), (2,)))": -5.8198023044555485e-19,
    "(((2,), (6,)), ((1,), (3,)))": -0.0016220912194925717,
    "(((2,), (6,)), ((1,), (4,)))": -6.001631129920679e-19,
    "(((2,), (6,)), ((1,), (5,)))": 2.353144779274902e-18,
    "(((2,), (6,)), ((1,), (6,)))": 2.7286359967041565e-15,
    "(((2,), (6,)), ((2,), (0,)))": -0.04429196973410339,
    "(((2,), (6,)), ((2,), (1,)))": 3.0815825624986137e-18,
    "(((2,), (6,)), ((2,), (2,)))": -6.159751290460258e-17,
    "(((2,), (6,)), ((2,), (3,)))": -1.2487663526116821e-16,
    "(((2,), (6,)), ((2,), (4,)))": -7.966393711434062e-18,
    "(((2,), (6,)), ((2,), (5,)))": 1.6930656090320514e-17,
    "(((2,), (6,)), ((2,), (6,)))": -0.02066611149596482
  },
  "red": [
    [
      0.9999223391125006,
      -2.894701412548146e-17,
      0.0009738832391939801,
      -1.7607567633323613e-15,
      2.4552933091215385e-17,
      6.377669792386839e-17,
      -0.000366144311651154,
      2.8995348792316625e-18,
      2.3386059949848926e-17,
      -2.3198827654461786e-15,
      0.0,
      0.0,
      0.0,
      0.0,
      0.0,
      0.0,
      0.0,
      0.0,
      0.0,
      0.0
    ],
    [
      -2.894701412548146e-17,
      0.9999334003743547,
      -2.5602059714233892e-15,
      -0.0006421733558128,
      -1.86502677069143e-17,
      -6.990554657898973e-17,
      8.99557063242803e-16,
      -6.6639683514800135e-18,
      -1.7979354009184205e-17,
      -0.0009159980626321638,
      0.0,
      0.0,
      0.0,
      0.0,
      0.0,
      0.0,
      0.0,
      0.0,
      0.0,
      0.0
    ],
    [
      0.0009738832391939801,
      -2.5602059714233892e-15,
      0.9080546820983673,
      3.129065968639215e-15,
      1.0574059208762344e-16,
      1.3126266833451384e-16,
      0.03238009461554031,
      -1.2522680276426168e-17,
      -1.5988181179429957e-16,
      2.025342881871534e-15,
      0.0,
      0.0,
      0.0,
      0.0,
      0.0,
      0.0,
      0.0,
      0.0,
      0.0,
      0.0
    ],
    [
      -1.7607567633323613e-15,
      -0.0006421733558128,
      3.129065968639215e-15,
      0.019343322370058706,
      1.2662039262044466e-17,
      -1.1038242931533023e-17,
      2.82136446886553e-16,
      4.8923614897513585e-18,
      -1.4889330294626606e-17,
      0.006750521969179523,
      0.0,
      0.0,
      0.0,
      0.0,
      0.0,
      0.0,
      0.0,
      0.0,
      0.0,
      0.0
    ],
    [
      2.4552933091215385e-17,
      -1.86502677069143e-17,
      1.0574059208762344e-16,
      1.2662039262044466e-17,
      0.030094462019205532,
      -1.5287836465521384e-17,
      -8.120725117078736e-17,
      6.017184644561093e-17,
      -1.694506131375426e-17,
      1.2697272960578195e-18,
      0.0,
      0.0,
      0.0,
      0.0,
      0.0,
      0.0,
      0.0,
      0.0,
      0.0,
      0.0
    ],
    [
      6.377669792386839e-17,
      -6.990554657898973e-17,
      1.3126266833451384e-16,
      -1.1038242931533023e-17,
      -1.5287836465521384e-17,
      0.030094462019205483,
      3.510637352185237e-17,
      1.7376545440427855e-17,
      7.788070878748844e-17,
      1.0034702590529173e-17,
      0.0,
      0.0,
      0.0,
      0.0,
      0.0,
      0.0,
      0.0,
      0.0,
      0.0,
      0.0
    ],
    [
      -0.000366144311651154,
      8.99557063242803e-16,
      0.03238009461554031,
      2.82136446886553e-16,
      -8.120725117078736e-17,
      3.510637352185237e-17,
      0.010058962715723185,
      7.189385045844916e-18,
      -1.0998097291309005e-17,
      1.286054676844423e-16,
      0.0,
      0.0,
      0.0,
      0.0,
      0.0,
      0.0,
      0.0,
      0.0,
      0.0,
      0.0
    ],
    [
      2.8995348792316625e-18,
      -6.6639683514800135e-18,
      -1.2522680276426168e-17,
      4.8923614897513585e-18,
      6.017184644561093e-17,
      1.7376545440427855e-17,
      7.189385045844916e-18,
      3.182399830329708e-05,
      7.149944056807815e-21,
      1.693681171737566e-18,
      0.0,
      0.0,
      0.0,
      0.0,
      0.0,
      0.0,
      0.0,
      0.0,
      0.0,
      0.0
    ],
    [
      2.3386059949848926e-17,
      -1.7979354009184205e-17,
      -1.5988181179429957e-16,
      -1.4889330294626606e-17,
      -1.694506131375426e-17,
      7.788070878748844e-17,
      -1.0998097291309005e-17,
      7.149944056807815e-21,
      3.1823998303297094e-05,
      -5.091680405134378e-18,
      0.0,
      0.0,
      0.0,
      0.0,
      0.0,
      0.0,
      0.0,
      0.0,
      0.0,
      0.0
    ],
    [
      -2.3198827654461786e-15,
      -0.0009159980626321638,
      2.025342881871534e-15,
      0.006750521969179523,
      1.2697272960578195e-18,
      1.0034702590529173e-17,
      1.286054676844423e-16,
      1.693681171737566e-18,
      -5.091680405134378e-18,
      0.0024347212939781846,
      0.0,
      0.0,
      0.0,
      0.0,
      0.0,
      0.0,
      0.0,
      0.0,
      0.0,
      0.0
    ],
    [
      0.0,
      0.0,
      0.0,
      0.0,
      0.0,
      0.0,
      0.0,
      0.0,
      0.0,
      0.0,
      0.9999223391125006,
      -2.8941784859039986e-17,
      0.0009738832391939789,
      -1.7607756883852005e-15,
      2.4552933091215385e-17,
      6.377669792386839e-17,
      -0.000366144311651154,
      2.899534879231663e-18,
      2.3386059949848926e-17,
      -2.320074807416619e-15
    ],
    [
      0.0,
      0.0,
      0.0,
      0.0,
      0.0,
      0.0,
      0.0,
      0.0,
      0.0,
      0.0,
      -2.8941784859039986e-17,
      0.9999334003743547,
      -2.5596404323548656e-15,
      -0.0006421733558128001,
      -1.8650267706914296e-17,
      -6.990554657898973e-17,
      8.995666250168088e-16,
      -6.6639683514800135e-18,
      -1.7979354009184205e-17,
      -0.0009159980626321639
    ],
    [
      0.0,
      0.0,
      0.0,
      0.0,
      0.0,
      0.0,
      0.0,
      0.0,
      0.0,
      0.0,
      0.0009738832391939789,
      -2.5596404323548656e-15,
      0.9080546820983673,
      3.129077874744842e-15,
      1.0574059208762344e-16,
      1.3126266833451384e-16,
      0.03238009461554031,
      -1.2522680276426157e-17,
      -1.5988181179429957e-16,
      2.0242116644931276e-15
    ],
    [
      0.0,
      0.0,
      0.0,
      0.0,
      0.0,
      0.0,
      0.0,
      0.0,
      0.0,
      0.0,
      -1.7607756883852005e-15,
      -0.0006421733558128001,
      3.129077874744842e-15,
      0.019343322370058685,
      1.2662039262044466e-17,
      -1.1038242931533027e-17,
      2.8090251526280914e-16,
      4.892361489751351e-18,
      -1.4889330294626597e-17,
      0.006750521969179542
    ],
    [
      0.0,
      0.0,
      0.0,
      0.0,
      0.0,
      0.0,
      0.0,
      0.0,
      0.0,
      0.0,
      2.4552933091215385e-17,
      -1.8650267706914296e-17,
      1.0574059208762344e-16,
      1.2662039262044466e-17,
      0.03009446201920553,
      -1.5288944697940164e-17,
      -8.120725117078735e-17,
      6.227047754771287e-17,
      -1.7384564543267664e-17,
      1.2697272960578245e-18
    ],
    [
      0.0,
      0.0,
      0.0,
      0.0,
      0.0,
      0.0,
      0.0,
      0.0,
      0.0,
      0.0,
      6.377669792386839e-17,
      -6.990554657898973e-17,
      1.3126266833451384e-16,
      -1.1038242931533027e-17,
      -1.5288944697940164e-17,
      0.030094462019205483,
      3.510637352185237e-17,
      1.7455228733866208e-17,
      8.310667641142807e-17,
      1.0034702590529148e-17
    ],
    [
      0.0,
      0.0,
      0.0,
      0.0,
      0.0,
      0.0,
      0.0,
      0.0,
      0.0,
      0.0,
      -0.000366144311651154,
      8.995666250168088e-16,
      0.03238009461554031,
      2.8090251526280914e-16,
      -8.120725117078735e-17,
      3.510637352185237e-17,
      0.010058962715723185,
      7.189385045844883e-18,
      -1.0998097291308977e-17,
      1.3081468070130639e-16
    ],
    [
      0.0,
      0.0,
      0.0,
      0.0,
      0.0,
      0.0,
      0.0,
      0.0,
      0.0,
      0.0,
      2.899534879231663e-18,
      -6.6639683514800135e-18,
      -1.2522680276426157e-17,
      4.892361489751351e-18,
      6.227047754771287e-17,
      1.7455228733866208e-17,
      7.189385045844883e-18,
      3.1823998303297094e-05,
      5.841885644680117e-21,
      1.6936811717375718e-18
    ],
    [
      0.0,
      0.0,
      0.0,
      0.0,
      0.0,
      0.0,
      0.0,
      0.0,
      0.0,
      0.0,
      2.3386059949848926e-17,
      -1.7979354009184205e-17,
      -1.5988181179429957e-16,
      -1.4889330294626597e-17,
      -1.7384564543267664e-17,
      8.310667641142807e-17,
      -1.0998097291308977e-17,
      5.841885644680117e-21,
      3.1823998303297094e-05,
      -5.091680405134395e-18
    ],
    [
      0.0,
      0.0,
      0.0,
      0.0,
      0.0,
      0.0,
      0.0,
      0.0,
      0.0,
      0.0,
      -2.320074807416619e-15,
      -0.0009159980626321639,
      2.0242116644931276e-15,
      0.006750521969179542,
      1.2697272960578245e-18,
      1.0034702590529148e-17,
      1.3081468070130639e-16,
      1.6936811717375718e-18,
      -5.091680405134395e-18,
      0.0024347212939782007
    ]
  ],
  "CSRM": [
    [
      1.006886385311627,
      1.5390174946312557e-05,
      0.0005844721669113028,
      -0.0017920467192458053,
      -0.00033913293155086923,
      -0.00033913293155086923,
      -0.0008341557137278966,
      -0.0010591531129273365,
      -0.0010591531129273365,
      -0.002465341786974309
    ],
    [
      1.5390174946312557e-05,
      1.0069091406754584,
      0.0005492610459084562,
      -0.0018241980839502434,
      -0.0002806796242517101,
      -0.0002806796242517103,
      -0.0006958538013861266,
      -0.001141526301363542,
      -0.001141526301363542,
      -0.002561257233275247
    ],
    [
      0.0005844721669113028,
      0.0005492610459084562,
      0.9129075745709905,
      -0.12630828445800774,
      -0.1662445517173163,
      -0.16624455171731617,
      -0.08888139526766979,
      -0.00014482780241029342,
      -0.00014482780241027677,
      -0.0198145216236798
    ],
    [
      -0.0017920467192458053,
      -0.0018241980839502434,
      -0.12630828445800774,
      0.01748631922759779,
      0.02299749664916133,
      0.022997496649161314,
      0.012293491682711294,
      1.8358609856407466e-05,
      1.8358609856405166e-05,
      0.0027492694539309236
    ],
    [
      -0.00033913293155086923,
      -0.0002806796242517101,
      -0.1662445517173163,
      0.02299749664916133,
      0.030291435501904582,
      0.030291435501904558,
      0.016206440022417622,
      4.242561330761932e-05,
      4.2425613307616296e-05,
      0.0036161148992584274
    ],
    [
      -0.00033913293155086923,
      -0.0002806796242517103,
      -0.16624455171731617,
      0.022997496649161314,
      0.030291435501904558,
      0.030291435501904534,
      0.01620644002241761,
      4.24256133076193e-05,
      4.242561330761627e-05,
      0.003616114899258425
    ],
    [
      -0.0008341557137278966,
      -0.0006958538013861266,
      -0.08888139526766979,
      0.012293491682711294,
      0.016206440022417622,
      0.01620644002241761,
      0.008679102963569206,
      3.47384195278595e-05,
      3.473841952785788e-05,
      0.0019407229792528994
    ],
    [
      -0.0010591531129273365,
      -0.001141526301363542,
      -0.00014482780241029342,
      1.8358609856407466e-05,
      4.242561330761932e-05,
      4.24256133076193e-05,
      3.47384195278595e-05,
      1.7528875398605484e-05,
      1.752887539860548e-05,
      1.4941929562352439e-05
    ],
    [
      -0.0010591531129273365,
      -0.001141526301363542,
      -0.00014482780241027677,
      1.8358609856405166e-05,
      4.2425613307616296e-05,
      4.242561330761627e-05,
      3.473841952785788e-05,
      1.752887539860548e-05,
      1.7528875398605478e-05,
      1.4941929562352078e-05
    ],
    [
      -0.002465341786974309,
      -0.002561257233275247,
