{
  "E": -14.66455406399643,
  "sol": {
    "(((), ()), ((), ()))": 0.949350115768335,
    "(((0,), (0,)), ((), ()))": -3.786605658227071e-18,
    "(((), ()), ((0,), (0,)))": -3.786605658227071e-18,
    "(((0,), (1,)), ((), ()))": 2.7642810190437226e-17,
    "(((), ()), ((0,), (1,)))": 2.7642810190437226e-17,
    "(((0,), (2,)), ((), ()))": -1.0285409425164327e-18,
    "(((), ()), ((0,), (2,)))": -1.0285409425164327e-18,
    "(((0,), (3,)), ((), ()))": -0.0002434868625491923,
    "(((), ()), ((0,), (3,)))": -0.0002434868625491923,
    "(((0,), (4,)), ((), ()))": -1.613081177484279e-17,
    "(((), ()), ((0,), (4,)))": -1.613081177484279e-17,
    "(((0,), (5,)), ((), ()))": 2.2808674751365516e-17,
    "(((), ()), ((0,), (5,)))": 2.2808674751365516e-17,
    "(((0,), (6,)), ((), ()))": -1.755416604338934e-16,
    "(((), ()), ((0,), (6,)))": -1.755416604338934e-16,
    "(((1,), (0,)), ((), ()))": -0.0007406048428160606,
    "(((), ()), ((1,), (0,)))": -0.0007406048428160606,
    "(((1,), (1,)), ((), ()))": -3.155091902341501e-17,
    "(((), ()), ((1,), (1,)))": -3.155091902341501e-17,
    "(((1,), (2,)), ((), ()))": -1.1668406386422763e-18,
    "(((), ()), ((1,), (2,)))": -1.1668406386422763e-18,
    "(((1,), (3,)), ((), ()))": 2.1664681588933483e-18,
    "(((), ()), ((1,), (3,)))": 2.1664681588933483e-18,
    "(((1,), (4,)), ((), ()))": 1.7815482534386018e-17,
    "(((), ()), ((1,), (4,)))": 1.7815482534386018e-17,
    "(((1,), (5,)), ((), ()))": -1.9562755934566446e-17,
    "(((), ()), ((1,), (5,)))": -1.9562755934566446e-17,
    "(((1,), (6,)), ((), ()))": -0.0007591604037982177,
    "(((), ()), ((1,), (6,)))": -0.0007591604037982177,
    "(((2,), (0,)), ((), ()))": -1.2840809920958375e-16,
    "(((), ()), ((2,), (0,)))": -1.2840809920958375e-16,
    "(((2,), (1,)), ((), ()))": -2.186359456324798e-16,
    "(((), ()), ((2,), (1,)))": -2.186359456324798e-16,
    "(((2,), (2,)), ((), ()))": -2.518185278683095e-17,
    "(((), ()), ((2,), (2,)))": -2.518185278683095e-17,
    "(((2,), (3,)), ((), ()))": 0.03230038165615008,
    "(((), ()), ((2,), (3,)))": 0.03230038165615008,
    "(((2,), (4,)), ((), ()))": -2.9476049830232625e-17,
    "(((), ()), ((2,), (4,)))": -2.9476049830232625e-17,
    "(((2,), (5,)), ((), ()))": 5.279710712372424e-17,
    "(((), ()), ((2,), (5,)))": 5.279710712372424e-17,
    "(((2,), (6,)), ((), ()))": 2.9063589519508557e-16,
    "(((), ()), ((2,), (6,)))": 2.9063589519508557e-16,
    "(((0,), (0,)), ((0,), (0,)))": -0.0018396848498188683,
    "(((0,), (0,)), ((0,), (1,)))": -4.587644914387447e-19,
    "(((0,), (0,)), ((0,), (2,)))": 1.2182496131388928e-18,
    "(((0,), (0,)), ((0,), (3,)))": 2.27961749003951e-16,
    "(((0,), (0,)), ((0,), (4,)))": 1.8060790324387957e-19,
    "(((0,), (0,)), ((0,), (5,)))": -3.7598072688319367e-19,
    "(((0,), (0,)), ((0,), (6,)))": -0.0008133286871509829,
    "(((0,), (0,)), ((1,), (0,)))": 8.34879305203317e-18,
    "(((0,), (0,)), ((1,), (1,)))": -2.483670599507942e-20,
    "(((0,), (0,)), ((1,), (2,)))": -1.3691169736025638e-19,
    "(((0,), (0,)), ((1,), (3,)))": 0.0005600145721469655,
    "(((0,), (0,)), ((1,), (4,)))": 8.809005024165764e-19,
    "(((0,), (0,)), ((1,), (5,)))": -1.143891723474495e-19,
    "(((0,), (0,)), ((1,), (6,)))": 2.217362092354414e-17,
    "(((0,), (0,)), ((2,), (0,)))": 0.0010401342179290848,
    "(((0,), (0,)), ((2,), (1,)))": 2.278963111318e-18,
    "(((0,), (0,)), ((2,), (2,)))": -2.7752414351195465e-18,
    "(((0,), (0,)), ((2,), (3,)))": 2.7515951853333354e-16,
    "(((0,), (0,)), ((2,), (4,)))": 5.779023793131182e-19,
    "(((0,), (0,)), ((2,), (5,)))": -1.2909410804678144e-18,
    "(((0,), (0,)), ((2,), (6,)))": 0.0020120178832562555,
    "(((0,), (1,)), ((0,), (0,)))": -4.58764491438745e-19,
    "(((0,), (1,)), ((0,), (1,)))": -0.00030067016253556417,
    "(((0,), (1,)), ((0,), (2,)))": 9.697646036570721e-20,
    "(((0,), (1,)), ((0,), (3,)))": 5.2714842226099295e-19,
    "(((0,), (1,)), ((0,), (4,)))": -1.4149985094519934e-16,
    "(((0,), (1,)), ((0,), (5,)))": 3.310122043258026e-16,
    "(((0,), (1,)), ((0,), (6,)))": -3.22423693102923e-19,
    "(((0,), (1,)), ((1,), (0,)))": -3.421550389477352e-19,
    "(((0,), (1,)), ((1,), (1,)))": 1.3776927900416504e-17,
    "(((0,), (1,)), ((1,), (2,)))": -6.596452347245791e-20,
    "(((0,), (1,)), ((1,), (3,)))": 2.5070654177355945e-19,
    "(((0,), (1,)), ((1,), (4,)))": -0.0003936125756483145,
    "(((0,), (1,)), ((1,), (5,)))": 0.0009223852794031763,
    "(((0,), (1,)), ((1,), (6,)))": 1.0754786243004462e-18,
    "(((0,), (1,)), ((2,), (0,)))": 2.5478465758326084e-18,
    "(((0,), (1,)), ((2,), (1,)))": -0.002870491607458831,
    "(((0,), (1,)), ((2,), (2,)))": -2.0882759003795498e-10,
    "(((0,), (1,)), ((2,), (3,)))": 2.879585495441611e-18,
    "(((0,), (1,)), ((2,), (4,)))": -1.5310835314155308e-16,
    "(((0,), (1,)), ((2,), (5,)))": 3.6047426479987766e-16,
    "(((0,), (1,)), ((2,), (6,)))": 1.0372920609651409e-18,
    "(((0,), (2,)), ((0,), (0,)))": 1.2182496131388916e-18,
    "(((0,), (2,)), ((0,), (1,)))": -8.309585230144598e-20,
    "(((0,), (2,)), ((0,), (2,)))": -0.0003006701625355648,
    "(((0,), (2,)), ((0,), (3,)))": 5.309517865180369e-20,
    "(((0,), (2,)), ((0,), (4,)))": 3.3112870961631487e-16,
    "(((0,), (2,)), ((0,), (5,)))": 1.4141348677731723e-16,
    "(((0,), (2,)), ((0,), (6,)))": 3.523635244914859e-19,
    "(((0,), (2,)), ((1,), (0,)))": -2.5341490547181205e-19,
    "(((0,), (2,)), ((1,), (1,)))": -3.9894404559543487e-19,
    "(((0,), (2,)), ((1,), (2,)))": 1.4203125477626044e-17,
    "(((0,), (2,)), ((1,), (3,)))": -4.888678407756518e-19,
    "(((0,), (2,)), ((1,), (4,)))": 0.0009223852794031764,
    "(((0,), (2,)), ((1,), (5,)))": 0.00039361257564831374,
    "(((0,), (2,)), ((1,), (6,)))": 1.7338294080908394e-19,
    "(((0,), (2,)), ((2,), (0,)))": -2.4667553053696336e-18,
    "(((0,), (2,)), ((2,), (1,)))": 2.0882759125263327e-10,
    "(((0,), (2,)), ((2,), (2,)))": -0.0028704916074588313,
    "(((0,), (2,)), ((2,), (3,)))": 4.972904560032449e-19,
    "(((0,), (2,)), ((2,), (4,)))": 3.5854754438309315e-16,
    "(((0,), (2,)), ((2,), (5,)))": 1.5339712026924177e-16,
    "(((0,), (2,)), ((2,), (6,)))": -1.5543279909928991e-18,
    "(((0,), (3,)), ((0,), (0,)))": 2.2805017421467674e-16,
    "(((0,), (3,)), ((0,), (1,)))": 5.271484222609954e-19,
    "(((0,), (3,)), ((0,), (2,)))": 5.309517865180369e-20,
    "(((0,), (3,)), ((0,), (3,)))": -0.0009191435089002642,
    "(((0,), (3,)), ((0,), (4,)))": -1.2612347391372683e-20,
    "(((0,), (3,)), ((0,), (5,)))": -1.605874071177276e-19,
    "(((0,), (3,)), ((0,), (6,)))": -4.457191131641776e-16,
    "(((0,), (3,)), ((1,), (0,)))": 0.0006534910866173188,
    "(((0,), (3,)), ((1,), (1,)))": 2.350755065740275e-19,
    "(((0,), (3,)), ((1,), (2,)))": -6.173557289427333e-19,
    "(((0,), (3,)), ((1,), (3,)))": 3.883939928292393e-17,
    "(((0,), (3,)), ((1,), (4,)))": -1.146617470066845e-19,
    "(((0,), (3,)), ((1,), (5,)))": 8.041666680956856e-19,
    "(((0,), (3,)), ((1,), (6,)))": -0.0012787459632832064,
    "(((0,), (3,)), ((2,), (0,)))": 2.3694254977931256e-16,
    "(((0,), (3,)), ((2,), (1,)))": 1.012717311871497e-18,
    "(((0,), (3,)), ((2,), (2,)))": 3.8850550474692303e-19,
    "(((0,), (3,)), ((2,), (3,)))": -0.0036046253001773606,
    "(((0,), (3,)), ((2,), (4,)))": -2.156335625290833e-20,
    "(((0,), (3,)), ((2,), (5,)))": -9.533542733321267e-20,
    "(((0,), (3,)), ((2,), (6,)))": -2.8620862886196827e-16,
    "(((0,), (4,)), ((0,), (0,)))": 1.8060790324388092e-19,
    "(((0,), (4,)), ((0,), (1,)))": -1.414889538179264e-16,
    "(((0,), (4,)), ((0,), (2,)))": 3.308728221047128e-16,
    "(((0,), (4,)), ((0,), (3,)))": -1.26123473913729e-20,
    "(((0,), (4,)), ((0,), (4,)))": -0.0011279755647954329,
    "(((0,), (4,)), ((0,), (5,)))": 3.646958279444283e-19,
    "(((0,), (4,)), ((0,), (6,)))": 6.15534149308339e-20,
    "(((0,), (4,)), ((1,), (0,)))": 8.131769982004766e-19,
    "(((0,), (4,)), ((1,), (1,)))": -0.00036225718277737716,
    "(((0,), (4,)), ((1,), (2,)))": 0.0008489075445962469,
    "(((0,), (4,)), ((1,), (3,)))": -1.3560511146840275e-19,
    "(((0,), (4,)), ((1,), (4,)))": -1.5716909967612753e-17,
    "(((0,), (4,)), ((1,), (5,)))": 7.687356404019015e-20,
    "(((0,), (4,)), ((1,), (6,)))": 1.085550075182304e-19,
    "(((0,), (4,)), ((2,), (0,)))": 4.662253122487926e-19,
    "(((0,), (4,)), ((2,), (1,)))": -2.0880259597417726e-16,
    "(((0,), (4,)), ((2,), (2,)))": 4.890103862269936e-16,
    "(((0,), (4,)), ((2,), (3,)))": -4.45271045539101e-19,
    "(((0,), (4,)), ((2,), (4,)))": -0.0027108496645004455,
    "(((0,), (4,)), ((2,), (5,)))": 6.514623498530468e-10,
    "(((0,), (4,)), ((2,), (6,)))": 1.5758540984339863e-19,
    "(((0,), (5,)), ((0,), (0,)))": -3.7598072688319203e-19,
    "(((0,), (5,)), ((0,), (1,)))": 3.315496747477362e-16,
    "(((0,), (5,)), ((0,), (2,)))": 1.4158392517926655e-16,
    "(((0,), (5,)), ((0,), (3,)))": -1.6058740711772747e-19,
    "(((0,), (5,)), ((0,), (4,)))": 4.118300484053995e-19,
    "(((0,), (5,)), ((0,), (5,)))": -0.0011279755647954325,
    "(((0,), (5,)), ((0,), (6,)))": 1.2534967870953672e-20,
    "(((0,), (5,)), ((1,), (0,)))": 1.2265856735534259e-19,
    "(((0,), (5,)), ((1,), (1,)))": 0.0008489075445962472,
    "(((0,), (5,)), ((1,), (2,)))": 0.00036225718277737694,
    "(((0,), (5,)), ((1,), (3,)))": 7.972003960457353e-19,
    "(((0,), (5,)), ((1,), (4,)))": 1.6295590268139746e-19,
    "(((0,), (5,)), ((1,), (5,)))": -1.619767757147564e-17,
    "(((0,), (5,)), ((1,), (6,)))": 2.421788471918002e-19,
    "(((0,), (5,)), ((2,), (0,)))": -2.102424732082492e-18,
    "(((0,), (5,)), ((2,), (1,)))": 4.90257640677105e-16,
    "(((0,), (5,)), ((2,), (2,)))": 2.0898644944469336e-16,
    "(((0,), (5,)), ((2,), (3,)))": 1.2900316718279728e-19,
    "(((0,), (5,)), ((2,), (4,)))": -6.514623481385523e-10,
    "(((0,), (5,)), ((2,), (5,)))": -0.0027108496645004455,
    "(((0,), (5,)), ((2,), (6,)))": -8.225438582700371e-19,
    "(((0,), (6,)), ((0,), (0,)))": -0.0008133286871509886,
    "(((0,), (6,)), ((0,), (1,)))": -3.2242369310292484e-19,
    "(((0,), (6,)), ((0,), (2,)))": 3.523635244914847e-19,
    "(((0,), (6,)), ((0,), (3,)))": -4.453878475665216e-16,
    "(((0,), (6,)), ((0,), (4,)))": 6.155341493083383e-20,
    "(((0,), (6,)), ((0,), (5,)))": 1.2534967870952565e-20,
    "(((0,), (6,)), ((0,), (6,)))": -0.0025882179044956605,
    "(((0,), (6,)), ((1,), (0,)))": 1.190761815855852e-17,
    "(((0,), (6,)), ((1,), (1,)))": 1.0396203257899632e-18,
    "(((0,), (6,)), ((1,), (2,)))": 2.1086533223513246e-19,
    "(((0,), (6,)), ((1,), (3,)))": -0.0011374173922078477,
    "(((0,), (6,)), ((1,), (4,)))": 8.415673509967494e-20,
    "(((0,), (6,)), ((1,), (5,)))": 4.825473268494485e-20,
    "(((0,), (6,)), ((1,), (6,)))": -3.157227334955338e-17,
    "(((0,), (6,)), ((2,), (0,)))": 0.0025561308513150152,
    "(((0,), (6,)), ((2,), (1,)))": 1.3004281663890952e-18,
    "(((0,), (6,)), ((2,), (2,)))": -2.1091984510700502e-18,
    "(((0,), (6,)), ((2,), (3,)))": -6.584674000944488e-16,
    "(((0,), (6,)), ((2,), (4,)))": 4.4463378787761225e-19,
    "(((0,), (6,)), ((2,), (5,)))": -4.999057461222782e-19,
    "(((0,), (6,)), ((2,), (6,)))": -0.0009973737746205719,
    "(((1,), (0,)), ((0,), (0,)))": 8.356793340627397e-18,
    "(((1,), (0,)), ((0,), (1,)))": -3.4215503894773576e-19,
    "(((1,), (0,)), ((0,), (2,)))": -2.5341490547181604e-19,
    "(((1,), (0,)), ((0,), (3,)))": 0.0006534910866173177,
    "(((1,), (0,)), ((0,), (4,)))": 8.131769982004764e-19,
    "(((1,), (0,)), ((0,), (5,)))": 1.2265856735534194e-19,
    "(((1,), (0,)), ((0,), (6,)))": 2.267105190917479e-17,
    "(((1,), (0,)), ((1,), (0,)))": -0.0018844428771581589,
    "(((1,), (0,)), ((1,), (1,)))": -5.477732201698057e-19,
    "(((1,), (0,)), ((1,), (2,)))": 1.3073627297943715e-18,
    "(((1,), (0,)), ((1,), (3,)))": -2.2513131157991793e-16,
    "(((1,), (0,)), ((1,), (4,)))": 1.762449719055993e-19,
    "(((1,), (0,)), ((1,), (5,)))": -2.67406195027274e-19,
    "(((1,), (0,)), ((1,), (6,)))": -0.0007264439504614216,
    "(((1,), (0,)), ((2,), (0,)))": -1.983061936814565e-16,
    "(((1,), (0,)), ((2,), (1,)))": -6.981996618255838e-19,
    "(((1,), (0,)), ((2,), (2,)))": -7.772880398515518e-19,
    "(((1,), (0,)), ((2,), (3,)))": 0.0015516186468134078,
    "(((1,), (0,)), ((2,), (4,)))": 1.988513032716942e-18,
    "(((1,), (0,)), ((2,), (5,)))": 1.8501781608076035e-19,
    "(((1,), (0,)), ((2,), (6,)))": -3.773261684321892e-16,
    "(((1,), (1,)), ((0,), (0,)))": -2.4836705995080577e-20,
    "(((1,), (1,)), ((0,), (1,)))": 1.3689289673724184e-17,
    "(((1,), (1,)), ((0,), (2,)))": -6.892067343829503e-20,
    "(((1,), (1,)), ((0,), (3,)))": 2.3507550657402794e-19,
    "(((1,), (1,)), ((0,), (4,)))": -0.0003622571827773775,
    "(((1,), (1,)), ((0,), (5,)))": 0.0008489075445962469,
    "(((1,), (1,)), ((0,), (6,)))": 1.0396203257899673e-18,
    "(((1,), (1,)), ((1,), (0,)))": -5.477732201698049e-19,
    "(((1,), (1,)), ((1,), (1,)))": -0.00022346832623821504,
    "(((1,), (1,)), ((1,), (2,)))": -8.681352670185912e-21,
    "(((1,), (1,)), ((1,), (3,)))": 3.5410037851527033e-19,
    "(((1,), (1,)), ((1,), (4,)))": 1.4115387211914962e-16,
    "(((1,), (1,)), ((1,), (5,)))": -3.3145825758957963e-16,
    "(((1,), (1,)), ((1,), (6,)))": -3.8833780466310247e-19,
    "(((1,), (1,)), ((2,), (0,)))": -1.3165040664960505e-18,
    "(((1,), (1,)), ((2,), (1,)))": 5.381326530900404e-16,
    "(((1,), (1,)), ((2,), (2,)))": -4.0953868485659004e-19,
    "(((1,), (1,)), ((2,), (3,)))": -1.0437262309315063e-18,
    "(((1,), (1,)), ((2,), (4,)))": -0.0008131823020344108,
    "(((1,), (1,)), ((2,), (5,)))": 0.0019055758814453432,
    "(((1,), (1,)), ((2,), (6,)))": 8.166831742230847e-19,
    "(((1,), (2,)), ((0,), (0,)))": -1.3691169736025272e-19,
    "(((1,), (2,)), ((0,), (1,)))": -3.5525111655054255e-19,
    "(((1,), (2,)), ((0,), (2,)))": 1.4187008888662206e-17,
    "(((1,), (2,)), ((0,), (3,)))": -6.173557289427322e-19,
    "(((1,), (2,)), ((0,), (4,)))": 0.0008489075445962473,
    "(((1,), (2,)), ((0,), (5,)))": 0.0003622571827773767,
    "(((1,), (2,)), ((0,), (6,)))": 2.1086533223513066e-19,
    "(((1,), (2,)), ((1,), (0,)))": 1.3073627297943715e-18,
    "(((1,), (2,)), ((1,), (1,)))": -8.71105742200632e-20,
    "(((1,), (2,)), ((1,), (2,)))": -0.00022346832623821537,
    "(((1,), (2,)), ((1,), (3,)))": 3.46266790592855e-20,
    "(((1,), (2,)), ((1,), (4,)))": -3.317239956143599e-16,
    "(((1,), (2,)), ((1,), (5,)))": -1.4143925093075704e-16,
    "(((1,), (2,)), ((1,), (6,)))": 2.168224768889198e-19,
    "(((1,), (2,)), ((2,), (0,)))": -7.244258589653226e-19,
    "(((1,), (2,)), ((2,), (1,)))": -4.683020840515852e-19,
    "(((1,), (2,)), ((2,), (2,)))": 5.390944067372489e-16,
    "(((1,), (2,)), ((2,), (3,)))": -1.858783735795637e-18,
    "(((1,), (2,)), ((2,), (4,)))": 0.0019055758814453439,
    "(((1,), (2,)), ((2,), (5,)))": 0.0008131823020344096,
    "(((1,), (2,)), ((2,), (6,)))": 8.352067129074818e-20,
    "(((1,), (3,)), ((0,), (0,)))": 0.0005600145721469667,
    "(((1,), (3,)), ((0,), (1,)))": 2.50706541773559e-19,
    "(((1,), (3,)), ((0,), (2,)))": -4.888678407756522e-19,
    "(((1,), (3,)), ((0,), (3,)))": 3.8852144265344576e-17,
    "(((1,), (3,)), ((0,), (4,)))": -1.3560511146840295e-19,
    "(((1,), (3,)), ((0,), (5,)))": 7.972003960457367e-19,
    "(((1,), (3,)), ((0,), (6,)))": -0.0011374173922078469,
    "(((1,), (3,)), ((1,), (0,)))": -2.254550390744707e-16,
    "(((1,), (3,)), ((1,), (1,)))": 3.5410037851526975e-19,
    "(((1,), (3,)), ((1,), (2,)))": 3.46266790592866e-20,
    "(((1,), (3,)), ((1,), (3,)))": -0.0007437174362790358,
    "(((1,), (3,)), ((1,), (4,)))": -4.2758186831229865e-20,
    "(((1,), (3,)), ((1,), (5,)))": -2.3958053875834924e-19,
    "(((1,), (3,)), ((1,), (6,)))": 4.581615602473884e-16,
    "(((1,), (3,)), ((2,), (0,)))": 0.001359670374040961,
    "(((1,), (3,)), ((2,), (1,)))": 8.359226846076004e-19,
    "(((1,), (3,)), ((2,), (2,)))": -8.7216887232511e-19,
    "(((1,), (3,)), ((2,), (3,)))": 6.832924364889036e-16,
    "(((1,), (3,)), ((2,), (4,)))": -2.1562437952694386e-19,
    "(((1,), (3,)), ((2,), (5,)))": 1.3865813529613765e-18,
    "(((1,), (3,)), ((2,), (6,)))": -0.0014320810155761493,
    "(((1,), (4,)), ((0,), (0,)))": 8.809005024165766e-19,
    "(((1,), (4,)), ((0,), (1,)))": -0.00039361257564831406,
    "(((1,), (4,)), ((0,), (2,)))": 0.0009223852794031764,
    "(((1,), (4,)), ((0,), (3,)))": -1.1466174700668436e-19,
    "(((1,), (4,)), ((0,), (4,)))": -1.5584979822936024e-17,
    "(((1,), (4,)), ((0,), (5,)))": 8.593414507444812e-20,
    "(((1,), (4,)), ((0,), (6,)))": 8.415673509967569e-20,
    "(((1,), (4,)), ((1,), (0,)))": 1.7624497190559835e-19,
    "(((1,), (4,)), ((1,), (1,)))": 1.4148347973658835e-16,
    "(((1,), (4,)), ((1,), (2,)))": -3.3173146308506333e-16,
    "(((1,), (4,)), ((1,), (3,)))": -4.275818683123001e-20,
    "(((1,), (4,)), ((1,), (4,)))": -0.0012214352019045424,
    "(((1,), (4,)), ((1,), (5,)))": 4.1402836719332197e-19,
    "(((1,), (4,)), ((1,), (6,)))": 8.04230944871191e-20,
    "(((1,), (4,)), ((2,), (0,)))": 2.516324260271172e-18,
    "(((1,), (4,)), ((2,), (1,)))": -0.001114826144554841,
    "(((1,), (4,)), ((2,), (2,)))": 0.00261245977228288,
    "(((1,), (4,)), ((2,), (3,)))": 4.281359514612023e-19,
    "(((1,), (4,)), ((2,), (4,)))": 5.080649355433229e-16,
    "(((1,), (4,)), ((2,), (5,)))": 4.621995758153961e-19,
    "(((1,), (4,)), ((2,), (6,)))": 5.090108427891493e-20,
    "(((1,), (5,)), ((0,), (0,)))": -1.143891723474492e-19,
    "(((1,), (5,)), ((0,), (1,)))": 0.0009223852794031766,
    "(((1,), (5,)), ((0,), (2,)))": 0.000393612575648314,
    "(((1,), (5,)), ((0,), (3,)))": 8.041666680956845e-19,
    "(((1,), (5,)), ((0,), (4,)))": 1.241686698937766e-19,
    "(((1,), (5,)), ((0,), (5,)))": -1.6268325015034866e-17,
    "(((1,), (5,)), ((0,), (6,)))": 4.825473268494509e-20,
    "(((1,), (5,)), ((1,), (0,)))": -2.6740619502727347e-19,
    "(((1,), (5,)), ((1,), (1,)))": -3.3100380865820446e-16,
    "(((1,), (5,)), ((1,), (2,)))": -1.409917739226161e-16,
    "(((1,), (5,)), ((1,), (3,)))": -2.3958053875834866e-19,
    "(((1,), (5,)), ((1,), (4,)))": 4.138739783854432e-19,
    "(((1,), (5,)), ((1,), (5,)))": -0.001221435201904543,
    "(((1,), (5,)), ((1,), (6,)))": 7.479351588984815e-20,
    "(((1,), (5,)), ((2,), (0,)))": 9.677003397147177e-19,
    "(((1,), (5,)), ((2,), (1,)))": 0.0026124597722828793,
    "(((1,), (5,)), ((2,), (2,)))": 0.001114826144554841,
    "(((1,), (5,)), ((2,), (3,)))": 1.8111179848831463e-18,
    "(((1,), (5,)), ((2,), (4,)))": 1.6474505457935525e-19,
    "(((1,), (5,)), ((2,), (5,)))": 5.07324753846742e-16,
    "(((1,), (5,)), ((2,), (6,)))": 7.165275513018147e-19,
    "(((1,), (6,)), ((0,), (0,)))": 9.805068678513289e-18,
    "(((1,), (6,)), ((0,), (1,)))": 1.075478624300439e-18,
    "(((1,), (6,)), ((0,), (2,)))": 1.7338294080908716e-19,
    "(((1,), (6,)), ((0,), (3,)))": -0.0012787459632832069,
    "(((1,), (6,)), ((0,), (4,)))": 1.0855500751822938e-19,
    "(((1,), (6,)), ((0,), (5,)))": 2.4217884719180025e-19,
    "(((1,), (6,)), ((0,), (6,)))": -3.427703154537546e-17,
    "(((1,), (6,)), ((1,), (0,)))": -0.0007264439504614253,
    "(((1,), (6,)), ((1,), (1,)))": -3.883378046631072e-19,
    "(((1,), (6,)), ((1,), (2,)))": 2.1682247688891883e-19,
    "(((1,), (6,)), ((1,), (3,)))": 4.595231265368106e-16,
    "(((1,), (6,)), ((1,), (4,)))": 8.04230944871192e-20,
    "(((1,), (6,)), ((1,), (5,)))": 7.47935158898468e-20,
    "(((1,), (6,)), ((1,), (6,)))": -0.0027016715389908213,
    "(((1,), (6,)), ((2,), (0,)))": -4.77162033943259e-16,
    "(((1,), (6,)), ((2,), (1,)))": 2.5299214944106515e-18,
    "(((1,), (6,)), ((2,), (2,)))": 2.201226258880314e-19,
    "(((1,), (6,)), ((2,), (3,)))": -0.0034256471093036364,
    "(((1,), (6,)), ((2,), (4,)))": 3.354310801018295e-19,
    "(((1,), (6,)), ((2,), (5,)))": 6.259981411912341e-19,
    "(((1,), (6,)), ((2,), (6,)))": 1.6176726429793328e-16,
    "(((2,), (0,)), ((0,), (0,)))": 0.0010401342179290865,
    "(((2,), (0,)), ((0,), (1,)))": 2.547846575832605e-18,
    "(((2,), (0,)), ((0,), (2,)))": -2.4667553053696325e-18,
    "(((2,), (0,)), ((0,), (3,)))": 2.351883292448362e-16,
    "(((2,), (0,)), ((0,), (4,)))": 4.662253122487894e-19,
    "(((2,), (0,)), ((0,), (5,)))": -2.1024247320824897e-18,
    "(((2,), (0,)), ((0,), (6,)))": 0.0025561308513150113,
    "(((2,), (0,)), ((1,), (0,)))": -1.9840983262489986e-16,
    "(((2,), (0,)), ((1,), (1,)))": -1.3165040664960538e-18,
    "(((2,), (0,)), ((1,), (2,)))": -7.244258589653197e-19,
    "(((2,), (0,)), ((1,), (3,)))": 0.0013596703740409639,
    "(((2,), (0,)), ((1,), (4,)))": 2.5163242602711696e-18,
    "(((2,), (0,)), ((1,), (5,)))": 9.677003397147165e-19,
    "(((2,), (0,)), ((1,), (6,)))": -4.76792751772814e-16,
    "(((2,), (0,)), ((2,), (0,)))": -0.12470110943608002,
    "(((2,), (0,)), ((2,), (1,)))": 6.959616061535769e-17,
    "(((2,), (0,)), ((2,), (2,)))": -1.2030833487678457e-17,
    "(((2,), (0,)), ((2,), (3,)))": 9.338543524807786e-16,
    "(((2,), (0,)), ((2,), (4,)))": -3.367409421689071e-17,
    "(((2,), (0,)), ((2,), (5,)))": -1.827012085594967e-17,
    "(((2,), (0,)), ((2,), (6,)))": -0.039208294280355355,
    "(((2,), (1,)), ((0,), (0,)))": 2.2789631113180027e-18,
    "(((2,), (1,)), ((0,), (1,)))": -0.002870491607458831,
    "(((2,), (1,)), ((0,), (2,)))": 2.0882759149973484e-10,
    "(((2,), (1,)), ((0,), (3,)))": 1.0127173118714956e-18,
    "(((2,), (1,)), ((0,), (4,)))": -2.087240117427451e-16,
    "(((2,), (1,)), ((0,), (5,)))": 4.917170457312429e-16,
    "(((2,), (1,)), ((0,), (6,)))": 1.3004281663890904e-18,
    "(((2,), (1,)), ((1,), (0,)))": -6.981996618255825e-19,
    "(((2,), (1,)), ((1,), (1,)))": 5.382133229181574e-16,
    "(((2,), (1,)), ((1,), (2,)))": -1.8704067289444287e-19,
    "(((2,), (1,)), ((1,), (3,)))": 8.359226846076016e-19,
    "(((2,), (1,)), ((1,), (4,)))": -0.0011148261445548414,
    "(((2,), (1,)), ((1,), (5,)))": 0.00261245977228288,
    "(((2,), (1,)), ((1,), (6,)))": 2.5299214944106472e-18,
    "(((2,), (1,)), ((2,), (0,)))": 6.959616061535773e-17,
    "(((2,), (1,)), ((2,), (1,)))": -0.18605046002879483,
    "(((2,), (1,)), ((2,), (2,)))": 8.39279932323629e-17,
    "(((2,), (1,)), ((2,), (3,)))": -4.643826565288364e-17,
    "(((2,), (1,)), ((2,), (4,)))": 4.219697741062179e-17,
    "(((2,), (1,)), ((2,), (5,)))": 1.1463970187187624e-16,
    "(((2,), (1,)), ((2,), (6,)))": -1.5012314137781112e-17,
    "(((2,), (2,)), ((0,), (0,)))": -2.7752414351195492e-18,
    "(((2,), (2,)), ((0,), (1,)))": -2.0882759059663843e-10,
    "(((2,), (2,)), ((0,), (2,)))": -0.0028704916074588313,
    "(((2,), (2,)), ((0,), (3,)))": 3.8850550474692274e-19,
    "(((2,), (2,)), ((0,), (4,)))": 4.88112592588437e-16,
    "(((2,), (2,)), ((0,), (5,)))": 2.097809646828301e-16,
    "(((2,), (2,)), ((0,), (6,)))": -2.1091984510700483e-18,
    "(((2,), (2,)), ((1,), (0,)))": -7.772880398515567e-19,
    "(((2,), (2,)), ((1,), (1,)))": -8.331116887214513e-19,
    "(((2,), (2,)), ((1,), (2,)))": 5.386608064111196e-16,
    "(((2,), (2,)), ((1,), (3,)))": -8.721688723251145e-19,
    "(((2,), (2,)), ((1,), (4,)))": 0.0026124597722828793,
    "(((2,), (2,)), ((1,), (5,)))": 0.0011148261445548416,
    "(((2,), (2,)), ((1,), (6,)))": 2.201226258880287e-19,
    "(((2,), (2,)), ((2,), (0,)))": -1.2030833487678471e-17,
    "(((2,), (2,)), ((2,), (1,)))": 8.474069649932992e-17,
    "(((2,), (2,)), ((2,), (2,)))": -0.18605046002879477,
    "(((2,), (2,)), ((2,), (3,)))": 3.0744329188764465e-17,
    "(((2,), (2,)), ((2,), (4,)))": 1.2597698536916521e-17,
    "(((2,), (2,)), ((2,), (5,)))": -9.861550199244731e-18,
    "(((2,), (2,)), ((2,), (6,)))": 4.8019432851217816e-17,
    "(((2,), (3,)), ((0,), (0,)))": 2.7688843451738824e-16,
    "(((2,), (3,)), ((0,), (1,)))": 2.879585495441612e-18,
    "(((2,), (3,)), ((0,), (2,)))": 4.972904560032444e-19,
    "(((2,), (3,)), ((0,), (3,)))": -0.0036046253001773606,
    "(((2,), (3,)), ((0,), (4,)))": -4.452710455391015e-19,
    "(((2,), (3,)), ((0,), (5,)))": 1.2900316718279796e-19,
    "(((2,), (3,)), ((0,), (6,)))": -6.6262827280088e-16,
    "(((2,), (3,)), ((1,), (0,)))": 0.0015516186468134065,
    "(((2,), (3,)), ((1,), (1,)))": -1.0437262309315063e-18,
    "(((2,), (3,)), ((1,), (2,)))": -1.8587837357956345e-18,
    "(((2,), (3,)), ((1,), (3,)))": 6.831157401471816e-16,
    "(((2,), (3,)), ((1,), (4,)))": 4.2813595146120218e-19,
    "(((2,), (3,)), ((1,), (5,)))": 1.8111179848831475e-18,
    "(((2,), (3,)), ((1,), (6,)))": -0.0034256471093036377,
    "(((2,), (3,)), ((2,), (0,)))": 9.108707735443588e-16,
    "(((2,), (3,)), ((2,), (1,)))": -4.6438265652883645e-17,
    "(((2,), (3,)), ((2,), (2,)))": 3.074432918876445e-17,
    "(((2,), (3,)), ((2,), (3,)))": -0.09070191900886715,
    "(((2,), (3,)), ((2,), (4,)))": -3.1617881689371175e-19,
    "(((2,), (3,)), ((2,), (5,)))": -3.4241095243722226e-18,
    "(((2,), (3,)), ((2,), (6,)))": 2.5983887427064246e-17,
    "(((2,), (4,)), ((0,), (0,)))": 5.779023793131224e-19,
    "(((2,), (4,)), ((0,), (1,)))": -1.5332960509407363e-16,
    "(((2,), (4,)), ((0,), (2,)))": 3.5987134076731314e-16,
    "(((2,), (4,)), ((0,), (3,)))": -2.1563356252907607e-20,
    "(((2,), (4,)), ((0,), (4,)))": -0.0027108496645004455,
    "(((2,), (4,)), ((0,), (5,)))": -6.514623481168866e-10,
    "(((2,), (4,)), ((0,), (6,)))": 4.446337878776138e-19,
    "(((2,), (4,)), ((1,), (0,)))": 1.9885130327169438e-18,
    "(((2,), (4,)), ((1,), (1,)))": -0.00081318230203441,
    "(((2,), (4,)), ((1,), (2,)))": 0.0019055758814453445,
    "(((2,), (4,)), ((1,), (3,)))": -2.1562437952694362e-19,
    "(((2,), (4,)), ((1,), (4,)))": 5.087969608928384e-16,
    "(((2,), (4,)), ((1,), (5,)))": 2.3100502996969566e-19,
    "(((2,), (4,)), ((1,), (6,)))": 3.3543108010182614e-19,
    "(((2,), (4,)), ((2,), (0,)))": -3.3674094216890725e-17,
    "(((2,), (4,)), ((2,), (1,)))": 4.4246763811883477e-17,
    "(((2,), (4,)), ((2,), (2,)))": 1.199729984997864e-17,
    "(((2,), (4,)), ((2,), (3,)))": -3.1617881689371733e-19,
    "(((2,), (4,)), ((2,), (4,)))": 0.0008409036493473403,
    "(((2,), (4,)), ((2,), (5,)))": -1.546193925110122e-17,
    "(((2,), (4,)), ((2,), (6,)))": -6.282415384128789e-18,
    "(((2,), (5,)), ((0,), (0,)))": -1.2909410804678171e-18,
    "(((2,), (5,)), ((0,), (1,)))": 3.588549512273808e-16,
    "(((2,), (5,)), ((0,), (2,)))": 1.527405234496534e-16,
    "(((2,), (5,)), ((0,), (3,)))": -9.53354273332146e-20,
    "(((2,), (5,)), ((0,), (4,)))": 6.514623498446858e-10,
    "(((2,), (5,)), ((0,), (5,)))": -0.0027108496645004455,
    "(((2,), (5,)), ((0,), (6,)))": -4.999057461222766e-19,
    "(((2,), (5,)), ((1,), (0,)))": 1.8501781608076247e-19,
    "(((2,), (5,)), ((1,), (1,)))": 0.0019055758814453428,
    "(((2,), (5,)), ((1,), (2,)))": 0.000813182302034409,
    "(((2,), (5,)), ((1,), (3,)))": 1.3865813529613753e-18,
    "(((2,), (5,)), ((1,), (4,)))": 4.649090579926762e-19,
    "(((2,), (5,)), ((1,), (5,)))": 5.081146925941622e-16,
    "(((2,), (5,)), ((1,), (6,)))": 6.259981411912374e-19,
    "(((2,), (5,)), ((2,), (0,)))": -1.8270120855949706e-17,
    "(((2,), (5,)), ((2,), (1,)))": 8.882255833354624e-17,
    "(((2,), (5,)), ((2,), (2,)))": -1.4839602888023086e-17,
    "(((2,), (5,)), ((2,), (3,)))": -3.4241095243722137e-18,
    "(((2,), (5,)), ((2,), (4,)))": -1.6446897518944487e-17,
    "(((2,), (5,)), ((2,), (5,)))": 0.0008409036493472605,
    "(((2,), (5,)), ((2,), (6,)))": 1.090820920880423e-18,
    "(((2,), (6,)), ((0,), (0,)))": 0.002012017883256262,
    "(((2,), (6,)), ((0,), (1,)))": 1.0372920609651476e-18,
    "(((2,), (6,)), ((0,), (2,)))": -1.5543279909928987e-18,
    "(((2,), (6,)), ((0,), (3,)))": -2.8280947860348925e-16,
    "(((2,), (6,)), ((0,), (4,)))": 1.5758540984339718e-19,
    "(((2,), (6,)), ((0,), (5,)))": -8.225438582700394e-19,
    "(((2,), (6,)), ((0,), (6,)))": -0.000997373774620575,
    "(((2,), (6,)), ((1,), (0,)))": -3.7302340007119605e-16,
    "(((2,), (6,)), ((1,), (1,)))": 8.166831742230883e-19,
    "(((2,), (6,)), ((1,), (2,)))": 8.35206712907476e-20,
    "(((2,), (6,)), ((1,), (3,)))": -0.0014320810155761486,
    "(((2,), (6,)), ((1,), (4,)))": 5.0901084278919554e-20,
    "(((2,), (6,)), ((1,), (5,)))": 7.165275513018123e-19,
    "(((2,), (6,)), ((1,), (6,)))": 1.6398782333117849e-16,
    "(((2,), (6,)), ((2,), (0,)))": -0.03920829428035519,
    "(((2,), (6,)), ((2,), (1,)))": -1.5012314137781084e-17,
    "(((2,), (6,)), ((2,), (2,)))": 4.801943285121787e-17,
    "(((2,), (6,)), ((2,), (3,)))": 4.097019174935604e-17,
    "(((2,), (6,)), ((2,), (4,)))": -6.282415384128792e-18,
    "(((2,), (6,)), ((2,), (5,)))": 1.0908209208804307e-18,
    "(((2,), (6,)), ((2,), (6,)))": -0.017523739696780526
  },
  "red": [
    [
      0.9999207496206152,
      -2.4028122043627167e-18,
      0.0011167236594456518,
      5.816640538560892e-18,
      2.692954768267528e-17,
      -8.790232914327664e-19,
      -0.0003468782965611672,
      -1.5220481029719196e-17,
      2.1461527501639272e-17,
      -1.8796087205477974e-16,
      0.0,
      0.0,
      0.0,
      0.0,
      0.0,
      0.0,
      0.0,
      0.0,
      0.0,
      0.0
    ],
    [
      -2.4028122043627167e-18,
      0.9999331845948933,
      -2.0798226371033195e-16,
      -0.0006511946225346712,
      -2.982943315658369e-17,
      -1.187180760113925e-18,
      2.354242415843279e-17,
      1.7071349272756354e-17,
      -1.90639340867097e-17,
      -0.0008284675213800544,
      0.0,
      0.0,
      0.0,
      0.0,
      0.0,
      0.0,
      0.0,
      0.0,
      0.0,
      0.0
    ],
    [
      0.0011167236594456518,
      -2.0798226371033195e-16,
      0.9024661865739154,
      -8.71221208623564e-17,
      -1.6853854642787678e-16,
      -1.8200447763685803e-17,
      0.027737300398300344,
      -2.795296045617641e-17,
      4.993379779830818e-17,
      2.775682679100984e-16,
      0.0,
      0.0,
      0.0,
      0.0,
      0.0,
      0.0,
      0.0,
      0.0,
      0.0,
      0.0
    ],
    [
      5.816640538560892e-18,
      -0.0006511946225346712,
      -8.71221208623564e-17,
      0.017114262275164834,
      -2.101849057407962e-17,
      1.8603410783420304e-18,
      -2.0345184294877463e-16,
      4.401026579769784e-18,
      2.2386961121593298e-18,
      0.005575410797063857,
      0.0,
      0.0,
      0.0,
      0.0,
      0.0,
      0.0,
      0.0,
      0.0,
      0.0,
      0.0
    ],
    [
      2.692954768267528e-17,
      -2.982943315658369e-17,
      -1.6853854642787678e-16,
      -2.101849057407962e-17,
      0.03464599451668803,
      -3.139012824146868e-17,
      5.750100060607698e-18,
      -8.1946690096379e-18,
      -1.6451247604994522e-17,
      3.609291784419601e-19,
      0.0,
      0.0,
      0.0,
      0.0,
      0.0,
      0.0,
      0.0,
      0.0,
      0.0,
      0.0
    ],
    [
      -8.790232914327664e-19,
      -1.187180760113925e-18,
      -1.8200447763685803e-17,
      1.8603410783420304e-18,
      -3.139012824146868e-17,
      0.03464599451668801,
      -9.327166182790752e-18,
      -2.2153044970735997e-18,
      2.746782802603198e-18,
      -9.293019446853697e-18,
      0.0,
      0.0,
      0.0,
      0.0,
      0.0,
      0.0,
      0.0,
      0.0,
      0.0,
      0.0
    ],
    [
      -0.0003468782965611672,
      2.354242415843279e-17,
      0.027737300398300344,
      -2.0345184294877463e-16,
      5.750100060607698e-18,
      -9.327166182790752e-18,
      0.009319411428283093,
      -9.176874543717595e-19,
      2.003925735225865e-18,
      -3.033411718239984e-17,
      0.0,
      0.0,
      0.0,
      0.0,
      0.0,
      0.0,
      0.0,
      0.0,
      0.0,
      0.0
    ],
    [
      -1.5220481029719196e-17,
      1.7071349272756354e-17,
      -2.795296045617641e-17,
      4.401026579769784e-18,
      -8.1946690096379e-18,
      -2.2153044970735997e-18,
      -9.176874543717595e-19,
      3.238698982374721e-05,
      -3.8055740607261096e-20,
      1.4068368860437572e-18,
      0.0,
      0.0,
      0.0,
      0.0,
      0.0,
      0.0,
      0.0,
      0.0,
      0.0,
      0.0
    ],
    [
      2.1461527501639272e-17,
      -1.90639340867097e-17,
      4.993379779830818e-17,
      2.2386961121593298e-18,
      -1.6451247604994522e-17,
      2.746782802603198e-18,
      2.003925735225865e-18,
      -3.8055740607261096e-20,
      3.238698982374706e-05,
      7.104669752269403e-19,
      0.0,
      0.0,
      0.0,
      0.0,
      0.0,
      0.0,
      0.0,
      0.0,
      0.0,
      0.0
    ],
    [
      -1.8796087205477974e-16,
      -0.0008284675213800544,
      2.775682679100984e-16,
      0.005575410797063857,
      3.609291784419601e-19,
      -9.293019446853697e-18,
      -3.033411718239984e-17,
      1.4068368860437572e-18,
      7.104669752269403e-19,
      0.0018894424941024385,
      0.0,
      0.0,
      0.0,
      0.0,
      0.0,
      0.0,
      0.0,
      0.0,
      0.0,
      0.0
    ],
    [
      0.0,
      0.0,
      0.0,
      0.0,
      0.0,
      0.0,
      0.0,
      0.0,
      0.0,
      0.0,
      0.9999207496206152,
      -2.3869184145520845e-18,
      0.0011167236594456518,
      5.881848165584995e-18,
      2.692954768267528e-17,
      -8.790232914327664e-19,
      -0.0003468782965611672,
      -1.5220481029719196e-17,
      2.1461527501639272e-17,
      -1.8810110882926382e-16
    ],
    [
      0.0,
      0.0,
      0.0,
      0.0,
      0.0,
      0.0,
      0.0,
      0.0,
      0.0,
      0.0,
      -2.3869184145520845e-18,
      0.9999331845948933,
      -2.08059581195437e-16,
      -0.0006511946225346712,
      -2.982943315658369e-17,
      -1.1871807601139255e-18,
      2.3535446423855212e-17,
      1.7071349272756354e-17,
      -1.90639340867097e-17,
      -0.0008284675213800544
    ],
    [
      0.0,
      0.0,
      0.0,
      0.0,
      0.0,
      0.0,
      0.0,
      0.0,
      0.0,
      0.0,
      0.0011167236594456518,
      -2.08059581195437e-16,
      0.9024661865739154,
      -8.786473098789904e-17,
      -1.6853854642787678e-16,
      -1.8200447763685803e-17,
      0.027737300398300344,
      -2.79529604561764e-17,
      4.9933797798308175e-17,
      2.7708989933009547e-16
    ],
    [
      0.0,
      0.0,
      0.0,
      0.0,
      0.0,
      0.0,
      0.0,
      0.0,
      0.0,
      0.0,
      5.881848165584995e-18,
      -0.0006511946225346712,
      -8.786473098789904e-17,
      0.01711426227516482,
      -2.1018490574079628e-17,
      1.8603410783420354e-18,
      -2.0479797080010884e-16,
      4.401026579769782e-18,
      2.2386961121593267e-18,
      0.005575410797063874
    ],
    [
      0.0,
      0.0,
      0.0,
      0.0,
      0.0,
      0.0,
      0.0,
      0.0,
      0.0,
      0.0,
      2.692954768267528e-17,
      -2.982943315658369e-17,
      -1.6853854642787678e-16,
      -2.1018490574079628e-17,
      0.03464599451668803,
      -3.1391888058191625e-17,
      5.7501000606077e-18,
      -7.814025098943858e-18,
      -2.127913099157269e-17,
      3.6092917844195497e-19
    ],
    [
      0.0,
      0.0,
      0.0,
      0.0,
      0.0,
      0.0,
      0.0,
      0.0,
      0.0,
      0.0,
      -8.790232914327664e-19,
      -1.1871807601139255e-18,
      -1.8200447763685803e-17,
      1.8603410783420354e-18,
      -3.1391888058191625e-17,
      0.03464599451668801,
      -9.327166182790757e-18,
      -2.3286709229629776e-18,
      1.8173243736376694e-18,
      -9.293019446853686e-18
    ],
    [
      0.0,
      0.0,
      0.0,
      0.0,
      0.0,
      0.0,
      0.0,
      0.0,
      0.0,
      0.0,
      -0.0003468782965611672,
      2.3535446423855212e-17,
      0.027737300398300344,
      -2.0479797080010884e-16,
      5.7501000606077e-18,
      -9.327166182790757e-18,
      0.009319411428283093,
      -9.176874543717605e-19,
      2.0039257352258635e-18,
      -3.0117275662008294e-17
    ],
    [
      0.0,
      0.0,
      0.0,
      0.0,
      0.0,
      0.0,
      0.0,
      0.0,
      0.0,
      0.0,
      -1.5220481029719196e-17,
      1.7071349272756354e-17,
      -2.79529604561764e-17,
      4.401026579769782e-18,
      -7.814025098943858e-18,
      -2.3286709229629776e-18,
      -9.176874543717605e-19,
      3.238698982374721e-05,
      -4.1257288580499446e-20,
      1.406836886043763e-18
    ],
    [
      0.0,
      0.0,
      0.0,
      0.0,
      0.0,
      0.0,
      0.0,
      0.0,
      0.0,
      0.0,
      2.1461527501639272e-17,
      -1.90639340867097e-17,
      4.9933797798308175e-17,
      2.2386961121593267e-18,
      -2.127913099157269e-17,
      1.8173243736376694e-18,
      2.0039257352258635e-18,
      -4.1257288580499446e-20,
      3.2386989823747066e-05,
      7.104669752269417e-19
    ],
    [
      0.0,
      0.0,
      0.0,
      0.0,
      0.0,
      0.0,
      0.0,
      0.0,
      0.0,
      0.0,
      -1.8810110882926382e-16,
      -0.0008284675213800544,
      2.7708989933009547e-16,
      0.005575410797063874,
      3.6092917844195497e-19,
      -9.293019446853686e-18,
      -3.0117275662008294e-17,
      1.406836886043763e-18,
      7.104669752269417e-19,
      0.0018894424941024515
    ]
  ],
  "CSRM": [
    [
      1.0052647690303544,
      1.5296897869771765e-05,
      0.0005347781187373776,
      -0.0017559714131075697,
      -0.0002869883992569923,
      -0.00028698839925699293,
      -0.0008773185941772348,
      -0.0010766479088305046,
      -0.0010766479088305041,
      -0.002470443049870761
    ],
    [
      1.5296897869771765e-05,
      1.0052903423572639,
      0.0004905001838781122,
      -0.0017986927610181204,
      -0.00021329957283060583,
      -0.00021329957283060613,
      -0.0007098751493573576,
      -0.0011658547374126728,
      -0.0011658547374126735,
      -0.0025787340644465844
    ],
    [
      0.0005347781187373776,
      0.0004905001838781122,
      0.9061985878293418,
      -0.11902668186570901,
      -0.17758437769286536,
      -0.17758437769286534,
      -0.08657459831190661,
      0.0008026389789409554,
      0.0008026389789408791,
      -0.016726335470618556
    ],
    [
      -0.0017559714131075697,
      -0.0017986927610181204,
      -0.11902668186570901,
      0.01564380127043756,
      0.023321426730440274,
      0.023321426730440267,
      0.011367505641334093,
      -0.00010669928111753918,
      -0.00010669928111752917,
      0.002204894144039433
    ],
    [
      -0.0002869883992569923,
      -0.00021329957283060583,
      -0.17758437769286536,
      0.023321426730440274,
      0.03481910217207079,
      0.03481910217207078,
      0.016987851391842366,
      -0.00014103578729985126,
      -0.0001410357872998363,
      0.003285117644345702
    ],
    [
      -0.00028698839925699293,
      -0.00021329957283060613,
      -0.17758437769286534,
      0.023321426730440267,
      0.03481910217207078,
      0.03481910217207077,
      0.01698785139184236,
      -0.00014103578729985117,
      -0.00014103578729983624,
      0.003285117644345701
    ],
    [
      -0.0008773185941772348,
      -0.0007098751493573576,
      -0.08657459831190661,
      0.011367505641334093,
      0.016987851391842366,
      0.01698785139184236,
      0.008298962149467081,
      -5.50801414011208e-05,
      -5.508014140111353e-05,
      0.0016096931665308034
    ],
    [
      -0.0010766479088305046,
      -0.0011658547374126728,
      0.0008026389789409554,
      -0.00010669928111753918,
      -0.00014103578729985126,
      -0.00014103578729985117,
      -5.50801414011208e-05,
      1.8267241720810048e-05,
      1.826724172080998e-05,
      -3.125803774409218e-06
    ],
    [
      -0.0010766479088305041,
      -0.0011658547374126735,
      0.0008026389789408791,
      -0.00010669928111752917,
      -0.0001410357872998363,
      -0.00014103578729983624,
      -5.508014140111353e-05,
      1.826724172080998e-05,
      1.8267241720809912e-05,
      -3.1258037744078118e-06
    ],
    [
      -0.002470443049870761,
      -0.0025787340644465844,
      -0.016726335470618556,
