{
  "E": -14.649874931392421,
  "sol": {
    "(((), ()), ((), ()))": 0.9230772254132468,
    "(((0,), (0,)), ((), ()))": -0.0009304545904496516,
    "(((), ()), ((0,), (0,)))": -0.0009304545904496516,
    "(((0,), (1,)), ((), ()))": -5.079084036686096e-16,
    "(((), ()), ((0,), (1,)))": -5.079084036686096e-16,
    "(((0,), (2,)), ((), ()))": -2.843194890701257e-17,
    "(((), ()), ((0,), (2,)))": -2.843194890701257e-17,
    "(((0,), (3,)), ((), ()))": 5.938964811133686e-17,
    "(((), ()), ((0,), (3,)))": 5.938964811133686e-17,
    "(((0,), (4,)), ((), ()))": 2.301378354065115e-19,
    "(((), ()), ((0,), (4,)))": 2.301378354065115e-19,
    "(((0,), (5,)), ((), ()))": 3.175725044597672e-17,
    "(((), ()), ((0,), (5,)))": 3.175725044597672e-17,
    "(((0,), (6,)), ((), ()))": 0.001093172618044587,
    "(((), ()), ((0,), (6,)))": 0.001093172618044587,
    "(((1,), (0,)), ((), ()))": -1.0504760288703973e-15,
    "(((), ()), ((1,), (0,)))": -1.0504760288703973e-15,
    "(((1,), (1,)), ((), ()))": 0.0004222466281046087,
    "(((), ()), ((1,), (1,)))": 0.0004222466281046087,
    "(((1,), (2,)), ((), ()))": -3.0883504743947176e-17,
    "(((), ()), ((1,), (2,)))": -3.0883504743947176e-17,
    "(((1,), (3,)), ((), ()))": 5.5027964492638205e-17,
    "(((), ()), ((1,), (3,)))": 5.5027964492638205e-17,
    "(((1,), (4,)), ((), ()))": -3.3701655772186145e-18,
    "(((), ()), ((1,), (4,)))": -3.3701655772186145e-18,
    "(((1,), (5,)), ((), ()))": 2.4622464076643025e-17,
    "(((), ()), ((1,), (5,)))": 2.4622464076643025e-17,
    "(((1,), (6,)), ((), ()))": 1.426400983303066e-15,
    "(((), ()), ((1,), (6,)))": 1.426400983303066e-15,
    "(((2,), (0,)), ((), ()))": 3.900878963043118e-15,
    "(((), ()), ((2,), (0,)))": 3.900878963043118e-15,
    "(((2,), (1,)), ((), ()))": 0.08101857292404142,
    "(((), ()), ((2,), (1,)))": 0.08101857292404142,
    "(((2,), (2,)), ((), ()))": -3.327603828017461e-16,
    "(((), ()), ((2,), (2,)))": -3.327603828017461e-16,
    "(((2,), (3,)), ((), ()))": 6.676007996147137e-16,
    "(((), ()), ((2,), (3,)))": 6.676007996147137e-16,
    "(((2,), (4,)), ((), ()))": -4.813683887570079e-17,
    "(((), ()), ((2,), (4,)))": -4.813683887570079e-17,
    "(((2,), (5,)), ((), ()))": 1.1009096770315226e-17,
    "(((), ()), ((2,), (5,)))": 1.1009096770315226e-17,
    "(((2,), (6,)), ((), ()))": -1.3339522095067116e-15,
    "(((), ()), ((2,), (6,)))": -1.3339522095067116e-15,
    "(((0,), (0,)), ((0,), (0,)))": -0.0016594855427472118,
    "(((0,), (0,)), ((0,), (1,)))": 2.0922655084699136e-15,
    "(((0,), (0,)), ((0,), (2,)))": -1.2973678773947143e-19,
    "(((0,), (0,)), ((0,), (3,)))": -4.404772735348944e-19,
    "(((0,), (0,)), ((0,), (4,)))": -1.497013047663085e-19,
    "(((0,), (0,)), ((0,), (5,)))": -2.5234324251619376e-19,
    "(((0,), (0,)), ((0,), (6,)))": 0.0005791515046207826,
    "(((0,), (0,)), ((1,), (0,)))": 2.8504662304806833e-18,
    "(((0,), (0,)), ((1,), (1,)))": -0.0007375072519688968,
    "(((0,), (0,)), ((1,), (2,)))": 2.1526030640379307e-18,
    "(((0,), (0,)), ((1,), (3,)))": -6.819138247441502e-18,
    "(((0,), (0,)), ((1,), (4,)))": -1.7122988342124612e-19,
    "(((0,), (0,)), ((1,), (5,)))": -1.1633276570678086e-18,
    "(((0,), (0,)), ((1,), (6,)))": -4.197171538873371e-17,
    "(((0,), (0,)), ((2,), (0,)))": 2.7001248405987913e-15,
    "(((0,), (0,)), ((2,), (1,)))": 0.0003031663054088513,
    "(((0,), (0,)), ((2,), (2,)))": -2.9851242896322614e-19,
    "(((0,), (0,)), ((2,), (3,)))": 3.1283182281903777e-18,
    "(((0,), (0,)), ((2,), (4,)))": 7.143337065180742e-19,
    "(((0,), (0,)), ((2,), (5,)))": 1.2857361985320067e-18,
    "(((0,), (0,)), ((2,), (6,)))": -2.619003022619679e-15,
    "(((0,), (1,)), ((0,), (0,)))": 2.092855354110034e-15,
    "(((0,), (1,)), ((0,), (1,)))": -0.0006699748674352734,
    "(((0,), (1,)), ((0,), (2,)))": 1.740470148358238e-19,
    "(((0,), (1,)), ((0,), (3,)))": -4.865336628842833e-19,
    "(((0,), (1,)), ((0,), (4,)))": 7.888039722525977e-21,
    "(((0,), (1,)), ((0,), (5,)))": 2.8073318876081423e-19,
    "(((0,), (1,)), ((0,), (6,)))": 1.992840670864206e-15,
    "(((0,), (1,)), ((1,), (0,)))": -0.0007252480341047977,
    "(((0,), (1,)), ((1,), (1,)))": 4.902414744485571e-17,
    "(((0,), (1,)), ((1,), (2,)))": 3.5125150951413283e-19,
    "(((0,), (1,)), ((1,), (3,)))": -1.0401152486096516e-18,
    "(((0,), (1,)), ((1,), (4,)))": 4.7275798271645825e-19,
    "(((0,), (1,)), ((1,), (5,)))": -8.27288149023627e-18,
    "(((0,), (1,)), ((1,), (6,)))": -0.0006782578533179534,
    "(((0,), (1,)), ((2,), (0,)))": 0.00038843679643384843,
    "(((0,), (1,)), ((2,), (1,)))": -3.69081115731982e-15,
    "(((0,), (1,)), ((2,), (2,)))": -1.283160141109437e-18,
    "(((0,), (1,)), ((2,), (3,)))": 2.4135393161856653e-18,
    "(((0,), (1,)), ((2,), (4,)))": -1.6172550732292428e-18,
    "(((0,), (1,)), ((2,), (5,)))": 2.233177489151458e-17,
    "(((0,), (1,)), ((2,), (6,)))": 0.002307751990058819,
    "(((0,), (2,)), ((0,), (0,)))": -1.2973678773947044e-19,
    "(((0,), (2,)), ((0,), (1,)))": 1.740470148358241e-19,
    "(((0,), (2,)), ((0,), (2,)))": -0.0006178676735692099,
    "(((0,), (2,)), ((0,), (3,)))": 4.017825375121278e-19,
    "(((0,), (2,)), ((0,), (4,)))": -2.4101491856584595e-15,
    "(((0,), (2,)), ((0,), (5,)))": 7.218259828825996e-16,
    "(((0,), (2,)), ((0,), (6,)))": 2.0102871110497445e-19,
    "(((0,), (2,)), ((1,), (0,)))": 2.1055027308630663e-18,
    "(((0,), (2,)), ((1,), (1,)))": 3.3680244236152483e-19,
    "(((0,), (2,)), ((1,), (2,)))": -1.47128740948459e-17,
    "(((0,), (2,)), ((1,), (3,)))": 1.3922762960418422e-18,
    "(((0,), (2,)), ((1,), (4,)))": 0.000835792003951059,
    "(((0,), (2,)), ((1,), (5,)))": -0.0002503747194514382,
    "(((0,), (2,)), ((1,), (6,)))": 2.3237275379273914e-18,
    "(((0,), (2,)), ((2,), (0,)))": -1.3780760277685103e-18,
    "(((0,), (2,)), ((2,), (1,)))": -3.7084176581778845e-18,
    "(((0,), (2,)), ((2,), (2,)))": -3.5063953062686185e-15,
    "(((0,), (2,)), ((2,), (3,)))": -3.865740203975585e-18,
    "(((0,), (2,)), ((2,), (4,)))": -0.002286074770263891,
    "(((0,), (2,)), ((2,), (5,)))": 0.000684825664201341,
    "(((0,), (2,)), ((2,), (6,)))": -7.54592858465351e-18,
    "(((0,), (3,)), ((0,), (0,)))": -4.404772735349036e-19,
    "(((0,), (3,)), ((0,), (1,)))": -4.86533662884285e-19,
    "(((0,), (3,)), ((0,), (2,)))": 9.231708448626682e-21,
    "(((0,), (3,)), ((0,), (3,)))": -0.0006178676735692106,
    "(((0,), (3,)), ((0,), (4,)))": -7.218874516743802e-16,
    "(((0,), (3,)), ((0,), (5,)))": -2.40889456627262e-15,
    "(((0,), (3,)), ((0,), (6,)))": 3.6075140361353347e-19,
    "(((0,), (3,)), ((1,), (0,)))": -6.587477471388493e-18,
    "(((0,), (3,)), ((1,), (1,)))": -1.0145828076932398e-18,
    "(((0,), (3,)), ((1,), (2,)))": 1.3793630356377612e-18,
    "(((0,), (3,)), ((1,), (3,)))": -1.9177342542286512e-17,
    "(((0,), (3,)), ((1,), (4,)))": 0.000250374719451438,
    "(((0,), (3,)), ((1,), (5,)))": 0.0008357920039510601,
    "(((0,), (3,)), ((1,), (6,)))": -5.926467375486965e-18,
    "(((0,), (3,)), ((2,), (0,)))": 5.0126641307018985e-18,
    "(((0,), (3,)), ((2,), (1,)))": 7.295586196753186e-18,
    "(((0,), (3,)), ((2,), (2,)))": -3.912267558387226e-18,
    "(((0,), (3,)), ((2,), (3,)))": -3.493264597279245e-15,
    "(((0,), (3,)), ((2,), (4,)))": -0.0006848256642013402,
    "(((0,), (3,)), ((2,), (5,)))": -0.0022860747702638943,
    "(((0,), (3,)), ((2,), (6,)))": 1.9836985378283422e-17,
    "(((0,), (4,)), ((0,), (0,)))": -1.4970130476630707e-19,
    "(((0,), (4,)), ((0,), (1,)))": 7.888039722524725e-21,
    "(((0,), (4,)), ((0,), (2,)))": -2.4099590133249036e-15,
    "(((0,), (4,)), ((0,), (3,)))": -7.220186012465848e-16,
    "(((0,), (4,)), ((0,), (4,)))": -0.000968126742458631,
    "(((0,), (4,)), ((0,), (5,)))": 1.8131972518022196e-19,
    "(((0,), (4,)), ((0,), (6,)))": 2.512999334816323e-19,
    "(((0,), (4,)), ((1,), (0,)))": -1.443259033815383e-19,
    "(((0,), (4,)), ((1,), (1,)))": 4.812769637410725e-19,
    "(((0,), (4,)), ((1,), (2,)))": 0.0008567004862652517,
    "(((0,), (4,)), ((1,), (3,)))": 0.00025663809989182485,
    "(((0,), (4,)), ((1,), (4,)))": -3.487201754623374e-17,
    "(((0,), (4,)), ((1,), (5,)))": -1.3338486310357988e-19,
    "(((0,), (4,)), ((1,), (6,)))": 2.5370507637494983e-19,
    "(((0,), (4,)), ((2,), (0,)))": 5.180833193216149e-19,
    "(((0,), (4,)), ((2,), (1,)))": -1.7743877899967965e-18,
    "(((0,), (4,)), ((2,), (2,)))": -0.002541677905091687,
    "(((0,), (4,)), ((2,), (3,)))": -0.0007613951002572364,
    "(((0,), (4,)), ((2,), (4,)))": -3.8085422015272755e-15,
    "(((0,), (4,)), ((2,), (5,)))": 2.966958535680836e-19,
    "(((0,), (4,)), ((2,), (6,)))": -7.162140831270915e-19,
    "(((0,), (5,)), ((0,), (0,)))": -2.523432425161905e-19,
    "(((0,), (5,)), ((0,), (1,)))": 2.807331887608202e-19,
    "(((0,), (5,)), ((0,), (2,)))": 7.218814642309205e-16,
    "(((0,), (5,)), ((0,), (3,)))": -2.4089529205229163e-15,
    "(((0,), (5,)), ((0,), (4,)))": 1.5699639519878382e-19,
    "(((0,), (5,)), ((0,), (5,)))": -0.0009681267424586315,
    "(((0,), (5,)), ((0,), (6,)))": 1.7420722339967193e-19,
    "(((0,), (5,)), ((1,), (0,)))": -1.0560989133281156e-18,
    "(((0,), (5,)), ((1,), (1,)))": -8.464886686811571e-18,
    "(((0,), (5,)), ((1,), (2,)))": -0.0002566380998918253,
    "(((0,), (5,)), ((1,), (3,)))": 0.0008567004862652526,
    "(((0,), (5,)), ((1,), (4,)))": -1.3587378668875755e-19,
    "(((0,), (5,)), ((1,), (5,)))": -2.95728358310187e-17,
    "(((0,), (5,)), ((1,), (6,)))": -6.468026807733151e-19,
    "(((0,), (5,)), ((2,), (0,)))": 2.6309690456040765e-18,
    "(((0,), (5,)), ((2,), (1,)))": 2.7503025305112972e-17,
    "(((0,), (5,)), ((2,), (2,)))": 0.0007613951002572375,
    "(((0,), (5,)), ((2,), (3,)))": -0.0025416779050916895,
    "(((0,), (5,)), ((2,), (4,)))": 4.552601870563945e-19,
    "(((0,), (5,)), ((2,), (5,)))": -3.8238370188736525e-15,
    "(((0,), (5,)), ((2,), (6,)))": 1.7572268949473856e-18,
    "(((0,), (6,)), ((0,), (0,)))": 0.0005791515046207809,
    "(((0,), (6,)), ((0,), (1,)))": 1.9923067079691044e-15,
    "(((0,), (6,)), ((0,), (2,)))": 2.0102871110497512e-19,
    "(((0,), (6,)), ((0,), (3,)))": 3.607514036135223e-19,
    "(((0,), (6,)), ((0,), (4,)))": 2.512999334816325e-19,
    "(((0,), (6,)), ((0,), (5,)))": 1.7420722339967328e-19,
    "(((0,), (6,)), ((0,), (6,)))": -0.0016173098938152902,
    "(((0,), (6,)), ((1,), (0,)))": -4.4264030960117085e-17,
    "(((0,), (6,)), ((1,), (1,)))": -0.0007222512946524766,
    "(((0,), (6,)), ((1,), (2,)))": 2.4515423452265817e-18,
    "(((0,), (6,)), ((1,), (3,)))": -6.237267138565152e-18,
    "(((0,), (6,)), ((1,), (4,)))": 2.6743136113041075e-19,
    "(((0,), (6,)), ((1,), (5,)))": -6.15047623484636e-19,
    "(((0,), (6,)), ((1,), (6,)))": -5.978400453653583e-17,
    "(((0,), (6,)), ((2,), (0,)))": -2.8918058411087037e-15,
    "(((0,), (6,)), ((2,), (1,)))": 0.0031517728611453683,
    "(((0,), (6,)), ((2,), (2,)))": -1.0594370631535013e-17,
    "(((0,), (6,)), ((2,), (3,)))": 2.7592610439983932e-17,
    "(((0,), (6,)), ((2,), (4,)))": -8.988208899111436e-19,
    "(((0,), (6,)), ((2,), (5,)))": 2.8942116274686727e-18,
    "(((0,), (6,)), ((2,), (6,)))": -2.762772846380137e-15,
    "(((1,), (0,)), ((0,), (0,)))": 2.784526938035589e-18,
    "(((1,), (0,)), ((0,), (1,)))": -0.0007252480341047984,
    "(((1,), (0,)), ((0,), (2,)))": 2.1055027308630675e-18,
    "(((1,), (0,)), ((0,), (3,)))": -6.587477471388505e-18,
    "(((1,), (0,)), ((0,), (4,)))": -1.4432590338153645e-19,
    "(((1,), (0,)), ((0,), (5,)))": -1.0560989133281195e-18,
    "(((1,), (0,)), ((0,), (6,)))": -4.306235139763168e-17,
    "(((1,), (0,)), ((1,), (0,)))": -0.0016655727894429222,
    "(((1,), (0,)), ((1,), (1,)))": -2.080978937480516e-15,
    "(((1,), (0,)), ((1,), (2,)))": -1.4981839032552373e-19,
    "(((1,), (0,)), ((1,), (3,)))": -4.457754056556548e-19,
    "(((1,), (0,)), ((1,), (4,)))": -1.7519577843124916e-19,
    "(((1,), (0,)), ((1,), (5,)))": -2.808058153987684e-19,
    "(((1,), (0,)), ((1,), (6,)))": 0.0006072222837397541,
    "(((1,), (0,)), ((2,), (0,)))": -0.0018613269818606574,
    "(((1,), (0,)), ((2,), (1,)))": 4.828289681808913e-16,
    "(((1,), (0,)), ((2,), (2,)))": -6.250115074527433e-19,
    "(((1,), (0,)), ((2,), (3,)))": -1.998176706182396e-18,
    "(((1,), (0,)), ((2,), (4,)))": -1.125415433458735e-18,
    "(((1,), (0,)), ((2,), (5,)))": -6.173276534052409e-19,
    "(((1,), (0,)), ((2,), (6,)))": 0.0018326409102901332,
    "(((1,), (1,)), ((0,), (0,)))": -0.0007375072519688959,
    "(((1,), (1,)), ((0,), (1,)))": 4.887210945107009e-17,
    "(((1,), (1,)), ((0,), (2,)))": 3.368024423615242e-19,
    "(((1,), (1,)), ((0,), (3,)))": -1.0145828076932417e-18,
    "(((1,), (1,)), ((0,), (4,)))": 4.812769637410718e-19,
    "(((1,), (1,)), ((0,), (5,)))": -8.46488668681156e-18,
    "(((1,), (1,)), ((0,), (6,)))": -0.0007222512946524773,
    "(((1,), (1,)), ((1,), (0,)))": -2.080842182064462e-15,
    "(((1,), (1,)), ((1,), (1,)))": -0.0007040134429672608,
    "(((1,), (1,)), ((1,), (2,)))": 2.5268949724868383e-19,
    "(((1,), (1,)), ((1,), (3,)))": -7.077672625117315e-19,
    "(((1,), (1,)), ((1,), (4,)))": 1.3406993708935357e-20,
    "(((1,), (1,)), ((1,), (5,)))": 2.295382420927088e-19,
    "(((1,), (1,)), ((1,), (6,)))": -2.0024178679966817e-15,
    "(((1,), (1,)), ((2,), (0,)))": 5.870887034780636e-16,
    "(((1,), (1,)), ((2,), (1,)))": 0.0026121432041150065,
    "(((1,), (1,)), ((2,), (2,)))": -3.297612890657714e-19,
    "(((1,), (1,)), ((2,), (3,)))": 8.926155483067518e-19,
    "(((1,), (1,)), ((2,), (4,)))": -1.1606745226412034e-19,
    "(((1,), (1,)), ((2,), (5,)))": -6.667667328248824e-20,
    "(((1,), (1,)), ((2,), (6,)))": 3.28359897691471e-15,
    "(((1,), (2,)), ((0,), (0,)))": 2.1526030640379284e-18,
    "(((1,), (2,)), ((0,), (1,)))": 3.512515095141339e-19,
    "(((1,), (2,)), ((0,), (2,)))": -1.4901606219591005e-17,
    "(((1,), (2,)), ((0,), (3,)))": 1.3378299756543532e-18,
    "(((1,), (2,)), ((0,), (4,)))": 0.0008567004862652513,
    "(((1,), (2,)), ((0,), (5,)))": -0.0002566380998918252,
    "(((1,), (2,)), ((0,), (6,)))": 2.451542345226584e-18,
    "(((1,), (2,)), ((1,), (0,)))": -1.4981839032552258e-19,
    "(((1,), (2,)), ((1,), (1,)))": 2.5268949724868383e-19,
    "(((1,), (2,)), ((1,), (2,)))": -0.0006250422703227151,
    "(((1,), (2,)), ((1,), (3,)))": 3.1786830295061776e-19,
    "(((1,), (2,)), ((1,), (4,)))": 2.4176372228193992e-15,
    "(((1,), (2,)), ((1,), (5,)))": -7.242906212480622e-16,
    "(((1,), (2,)), ((1,), (6,)))": 2.1961382829135763e-19,
    "(((1,), (2,)), ((2,), (0,)))": -1.1778181658084008e-18,
    "(((1,), (2,)), ((2,), (1,)))": -2.9481981860606014e-18,
    "(((1,), (2,)), ((2,), (2,)))": 0.0025163454685865837,
    "(((1,), (2,)), ((2,), (3,)))": -1.1604124512512741e-09,
    "(((1,), (2,)), ((2,), (4,)))": -3.265431259547241e-15,
    "(((1,), (2,)), ((2,), (5,)))": 9.780025227675836e-16,
    "(((1,), (2,)), ((2,), (6,)))": 3.350542958617536e-19,
    "(((1,), (3,)), ((0,), (0,)))": -6.819138247441492e-18,
    "(((1,), (3,)), ((0,), (1,)))": -1.040115248609651e-18,
    "(((1,), (3,)), ((0,), (2,)))": 1.3841860494669153e-18,
    "(((1,), (3,)), ((0,), (3,)))": -1.939168330105837e-17,
    "(((1,), (3,)), ((0,), (4,)))": 0.000256638099891825,
    "(((1,), (3,)), ((0,), (5,)))": 0.0008567004862652523,
    "(((1,), (3,)), ((0,), (6,)))": -6.2372671385651566e-18,
    "(((1,), (3,)), ((1,), (0,)))": -4.457754056556456e-19,
    "(((1,), (3,)), ((1,), (1,)))": -7.07767262511733e-19,
    "(((1,), (3,)), ((1,), (2,)))": 2.072362595407619e-19,
    "(((1,), (3,)), ((1,), (3,)))": -0.0006250422703227166,
    "(((1,), (3,)), ((1,), (4,)))": 7.24218888972381e-16,
    "(((1,), (3,)), ((1,), (5,)))": 2.4186005583297048e-15,
    "(((1,), (3,)), ((1,), (6,)))": 3.416788351316801e-19,
    "(((1,), (3,)), ((2,), (0,)))": -6.455684107543606e-19,
    "(((1,), (3,)), ((2,), (1,)))": 5.440219204970321e-18,
    "(((1,), (3,)), ((2,), (2,)))": 1.160412449927543e-09,
    "(((1,), (3,)), ((2,), (3,)))": 0.002516345468586586,
    "(((1,), (3,)), ((2,), (4,)))": -9.784522732109494e-16,
    "(((1,), (3,)), ((2,), (5,)))": -3.2655435040594537e-15,
    "(((1,), (3,)), ((2,), (6,)))": 3.234429862186924e-19,
    "(((1,), (4,)), ((0,), (0,)))": -1.7122988342124778e-19,
    "(((1,), (4,)), ((0,), (1,)))": 4.727579827164588e-19,
    "(((1,), (4,)), ((0,), (2,)))": 0.0008357920039510599,
    "(((1,), (4,)), ((0,), (3,)))": 0.00025037471945143786,
    "(((1,), (4,)), ((0,), (4,)))": -3.48079872012062e-17,
    "(((1,), (4,)), ((0,), (5,)))": -1.4184561871834535e-19,
    "(((1,), (4,)), ((0,), (6,)))": 2.6743136113041215e-19,
    "(((1,), (4,)), ((1,), (0,)))": -1.751957784312493e-19,
    "(((1,), (4,)), ((1,), (1,)))": 1.3406993708934725e-20,
    "(((1,), (4,)), ((1,), (2,)))": 2.417463179448932e-15,
    "(((1,), (4,)), ((1,), (3,)))": 7.241768817765573e-16,
    "(((1,), (4,)), ((1,), (4,)))": -0.0009272816530374577,
    "(((1,), (4,)), ((1,), (5,)))": 1.6596342323897167e-19,
    "(((1,), (4,)), ((1,), (6,)))": 2.6478276996327024e-19,
    "(((1,), (4,)), ((2,), (0,)))": -1.0969312730575912e-18,
    "(((1,), (4,)), ((2,), (1,)))": -4.0602767070880695e-19,
    "(((1,), (4,)), ((2,), (2,)))": -3.629611150404549e-15,
    "(((1,), (4,)), ((2,), (3,)))": -1.0875277104868756e-15,
    "(((1,), (4,)), ((2,), (4,)))": 0.0026252228687340218,
    "(((1,), (4,)), ((2,), (5,)))": -1.0974724446261567e-09,
    "(((1,), (4,)), ((2,), (6,)))": 2.734483691746801e-19,
    "(((1,), (5,)), ((0,), (0,)))": -1.163327657067804e-18,
    "(((1,), (5,)), ((0,), (1,)))": -8.272881490236277e-18,
    "(((1,), (5,)), ((0,), (2,)))": -0.0002503747194514382,
    "(((1,), (5,)), ((0,), (3,)))": 0.0008357920039510604,
    "(((1,), (5,)), ((0,), (4,)))": -1.2088113434257139e-19,
    "(((1,), (5,)), ((0,), (5,)))": -2.9676385240572975e-17,
    "(((1,), (5,)), ((0,), (6,)))": -6.150476234846371e-19,
    "(((1,), (5,)), ((1,), (0,)))": -2.8080581539876736e-19,
    "(((1,), (5,)), ((1,), (1,)))": 2.295382420927112e-19,
    "(((1,), (5,)), ((1,), (2,)))": -7.242466602291768e-16,
    "(((1,), (5,)), ((1,), (3,)))": 2.4184272965911406e-15,
    "(((1,), (5,)), ((1,), (4,)))": 1.6527066333563106e-19,
    "(((1,), (5,)), ((1,), (5,)))": -0.0009272816530374587,
    "(((1,), (5,)), ((1,), (6,)))": 1.5407446786464544e-19,
    "(((1,), (5,)), ((2,), (0,)))": 7.371272707326858e-19,
    "(((1,), (5,)), ((2,), (1,)))": 2.0470302174599212e-18,
    "(((1,), (5,)), ((2,), (2,)))": 1.0870251618970286e-15,
    "(((1,), (5,)), ((2,), (3,)))": -3.6301410268799234e-15,
    "(((1,), (5,)), ((2,), (4,)))": 1.0974724436067637e-09,
    "(((1,), (5,)), ((2,), (5,)))": 0.0026252228687340235,
    "(((1,), (5,)), ((2,), (6,)))": -1.2149594478568517e-19,
    "(((1,), (6,)), ((0,), (0,)))": -4.299307156136097e-17,
    "(((1,), (6,)), ((0,), (1,)))": -0.000678257853317953,
    "(((1,), (6,)), ((0,), (2,)))": 2.32372753792739e-18,
    "(((1,), (6,)), ((0,), (3,)))": -5.926467375486963e-18,
    "(((1,), (6,)), ((0,), (4,)))": 2.537050763749484e-19,
    "(((1,), (6,)), ((0,), (5,)))": -6.468026807733141e-19,
    "(((1,), (6,)), ((0,), (6,)))": -5.982167020151341e-17,
    "(((1,), (6,)), ((1,), (0,)))": 0.0006072222837397528,
    "(((1,), (6,)), ((1,), (1,)))": -2.002262401763047e-15,
    "(((1,), (6,)), ((1,), (2,)))": 2.196138282913556e-19,
    "(((1,), (6,)), ((1,), (3,)))": 3.4167883513167435e-19,
    "(((1,), (6,)), ((1,), (4,)))": 2.6478276996327005e-19,
    "(((1,), (6,)), ((1,), (5,)))": 1.5407446786464558e-19,
    "(((1,), (6,)), ((1,), (6,)))": -0.0015717266184775095,
    "(((1,), (6,)), ((2,), (0,)))": 0.002024058132020878,
    "(((1,), (6,)), ((2,), (1,)))": 4.475077591725637e-15,
    "(((1,), (6,)), ((2,), (2,)))": 2.8464064437073665e-19,
    "(((1,), (6,)), ((2,), (3,)))": 8.5034328444781025e-19,
    "(((1,), (6,)), ((2,), (4,)))": 4.639327490107037e-19,
    "(((1,), (6,)), ((2,), (5,)))": 2.916831218234589e-19,
    "(((1,), (6,)), ((2,), (6,)))": 0.0019330175352144409,
    "(((2,), (0,)), ((0,), (0,)))": 2.7038778536955464e-15,
    "(((2,), (0,)), ((0,), (1,)))": 0.0003884367964338485,
    "(((2,), (0,)), ((0,), (2,)))": -1.378076027768513e-18,
    "(((2,), (0,)), ((0,), (3,)))": 5.0126641307019e-18,
    "(((2,), (0,)), ((0,), (4,)))": 5.180833193216162e-19,
    "(((2,), (0,)), ((0,), (5,)))": 2.6309690456040757e-18,
    "(((2,), (0,)), ((0,), (6,)))": -2.8912353411795274e-15,
    "(((2,), (0,)), ((1,), (0,)))": -0.0018613269818606565,
    "(((2,), (0,)), ((1,), (1,)))": 5.868904253132763e-16,
    "(((2,), (0,)), ((1,), (2,)))": -1.177818165808405e-18,
    "(((2,), (0,)), ((1,), (3,)))": -6.455684107543445e-19,
    "(((2,), (0,)), ((1,), (4,)))": -1.0969312730575918e-18,
    "(((2,), (0,)), ((1,), (5,)))": 7.37127270732682e-19,
    "(((2,), (0,)), ((1,), (6,)))": 0.002024058132020881,
    "(((2,), (0,)), ((2,), (0,)))": -0.3056191385466433,
    "(((2,), (0,)), ((2,), (1,)))": 1.391238645772991e-15,
    "(((2,), (0,)), ((2,), (2,)))": -7.48649276854448e-17,
    "(((2,), (0,)), ((2,), (3,)))": -1.179360848208481e-16,
    "(((2,), (0,)), ((2,), (4,)))": -1.0335398946176711e-16,
    "(((2,), (0,)), ((2,), (5,)))": -3.38095080674569e-17,
    "(((2,), (0,)), ((2,), (6,)))": 0.09473150455082478,
    "(((2,), (1,)), ((0,), (0,)))": 0.00030316630540884893,
    "(((2,), (1,)), ((0,), (1,)))": -3.6907870451640664e-15,
    "(((2,), (1,)), ((0,), (2,)))": -3.7084176581778876e-18,
    "(((2,), (1,)), ((0,), (3,)))": 7.295586196753184e-18,
    "(((2,), (1,)), ((0,), (4,)))": -1.774387789996797e-18,
    "(((2,), (1,)), ((0,), (5,)))": 2.7503025305113002e-17,
    "(((2,), (1,)), ((0,), (6,)))": 0.00315177286114537,
    "(((2,), (1,)), ((1,), (0,)))": 4.848901195292173e-16,
    "(((2,), (1,)), ((1,), (1,)))": 0.002612143204115006,
    "(((2,), (1,)), ((1,), (2,)))": -2.948198186060601e-18,
    "(((2,), (1,)), ((1,), (3,)))": 5.440219204970323e-18,
    "(((2,), (1,)), ((1,), (4,)))": -4.060276707088066e-19,
    "(((2,), (1,)), ((1,), (5,)))": 2.0470302174599293e-18,
    "(((2,), (1,)), ((1,), (6,)))": 4.4749222834319734e-15,
    "(((2,), (1,)), ((2,), (0,)))": 1.3818724500705404e-15,
    "(((2,), (1,)), ((2,), (1,)))": -0.08537652813855727,
    "(((2,), (1,)), ((2,), (2,)))": -2.400214270503166e-17,
    "(((2,), (1,)), ((2,), (3,)))": -3.308800550641473e-18,
    "(((2,), (1,)), ((2,), (4,)))": -2.4795462327045327e-18,
    "(((2,), (1,)), ((2,), (5,)))": -9.012406563262287e-17,
    "(((2,), (1,)), ((2,), (6,)))": -3.592725645170848e-16,
    "(((2,), (2,)), ((0,), (0,)))": -2.9851242896322383e-19,
    "(((2,), (2,)), ((0,), (1,)))": -1.2831601411094364e-18,
    "(((2,), (2,)), ((0,), (2,)))": -3.5066733926836725e-15,
    "(((2,), (2,)), ((0,), (3,)))": -3.894358644648543e-18,
    "(((2,), (2,)), ((0,), (4,)))": -0.0025416779050916874,
    "(((2,), (2,)), ((0,), (5,)))": 0.0007613951002572377,
    "(((2,), (2,)), ((0,), (6,)))": -1.0594370631535013e-17,
    "(((2,), (2,)), ((1,), (0,)))": -6.250115074527464e-19,
    "(((2,), (2,)), ((1,), (1,)))": -3.297612890657706e-19,
    "(((2,), (2,)), ((1,), (2,)))": 0.0025163454685865833,
    "(((2,), (2,)), ((1,), (3,)))": 1.1604124499355613e-09,
    "(((2,), (2,)), ((1,), (4,)))": -3.630368545265299e-15,
    "(((2,), (2,)), ((1,), (5,)))": 1.0868128704080313e-15,
    "(((2,), (2,)), ((1,), (6,)))": 2.8464064437073954e-19,
    "(((2,), (2,)), ((2,), (0,)))": -7.486492768544475e-17,
    "(((2,), (2,)), ((2,), (1,)))": -2.400214270503167e-17,
    "(((2,), (2,)), ((2,), (2,)))": -0.08607875510239271,
    "(((2,), (2,)), ((2,), (3,)))": 3.8314907722544944e-18,
    "(((2,), (2,)), ((2,), (4,)))": -1.0424863909481437e-15,
    "(((2,), (2,)), ((2,), (5,)))": 3.660041453954498e-16,
    "(((2,), (2,)), ((2,), (6,)))": 8.560244806173466e-18,
    "(((2,), (3,)), ((0,), (0,)))": 3.128318228190367e-18,
    "(((2,), (3,)), ((0,), (1,)))": 2.413539316185668e-18,
    "(((2,), (3,)), ((0,), (2,)))": -3.740658883049729e-18,
    "(((2,), (3,)), ((0,), (3,)))": -3.493995772767103e-15,
    "(((2,), (3,)), ((0,), (4,)))": -0.0007613951002572361,
    "(((2,), (3,)), ((0,), (5,)))": -0.002541677905091691,
    "(((2,), (3,)), ((0,), (6,)))": 2.7592610439983932e-17,
    "(((2,), (3,)), ((1,), (0,)))": -1.9981767061824002e-18,
    "(((2,), (3,)), ((1,), (1,)))": 8.92615548306749e-19,
    "(((2,), (3,)), ((1,), (2,)))": -1.1604124512769848e-09,
    "(((2,), (3,)), ((1,), (3,)))": 0.002516345468586586,
    "(((2,), (3,)), ((1,), (4,)))": -1.0874748217675486e-15,
    "(((2,), (3,)), ((1,), (5,)))": -3.629688181996269e-15,
    "(((2,), (3,)), ((1,), (6,)))": 8.503432844478226e-19,
    "(((2,), (3,)), ((2,), (0,)))": -1.1793608482084812e-16,
    "(((2,), (3,)), ((2,), (1,)))": -3.3088005506414545e-18,
    "(((2,), (3,)), ((2,), (2,)))": 3.1724063117348514e-18,
    "(((2,), (3,)), ((2,), (3,)))": -0.08607875510239275,
    "(((2,), (3,)), ((2,), (4,)))": -2.8231110683152577e-16,
    "(((2,), (3,)), ((2,), (5,)))": -1.3155370165961987e-15,
    "(((2,), (3,)), ((2,), (6,)))": 3.496912870611476e-17,
    "(((2,), (4,)), ((0,), (0,)))": 7.143337065180742e-19,
    "(((2,), (4,)), ((0,), (1,)))": -1.6172550732292428e-18,
    "(((2,), (4,)), ((0,), (2,)))": -0.002286074770263891,
    "(((2,), (4,)), ((0,), (3,)))": -0.0006848256642013405,
    "(((2,), (4,)), ((0,), (4,)))": -3.809088857486533e-15,
    "(((2,), (4,)), ((0,), (5,)))": 4.459453168559852e-19,
    "(((2,), (4,)), ((0,), (6,)))": -8.98820889911144e-19,
    "(((2,), (4,)), ((1,), (0,)))": -1.125415433458735e-18,
    "(((2,), (4,)), ((1,), (1,)))": -1.1606745226412017e-19,
    "(((2,), (4,)), ((1,), (2,)))": -3.2645590046333995e-15,
    "(((2,), (4,)), ((1,), (3,)))": -9.782456794591728e-16,
    "(((2,), (4,)), ((1,), (4,)))": 0.0026252228687340218,
    "(((2,), (4,)), ((1,), (5,)))": 1.0974724436073333e-09,
    "(((2,), (4,)), ((1,), (6,)))": 4.63932749010704e-19,
    "(((2,), (4,)), ((2,), (0,)))": -1.033539894617671e-16,
    "(((2,), (4,)), ((2,), (1,)))": -2.479546232704534e-18,
    "(((2,), (4,)), ((2,), (2,)))": -1.0380605656419737e-15,
    "(((2,), (4,)), ((2,), (3,)))": -2.8032554062153698e-16,
    "(((2,), (4,)), ((2,), (4,)))": -0.003648007692943288,
    "(((2,), (4,)), ((2,), (5,)))": 7.916300354702622e-18,
    "(((2,), (4,)), ((2,), (6,)))": 2.7372535241458223e-17,
    "(((2,), (5,)), ((0,), (0,)))": 1.2857361985320079e-18,
    "(((2,), (5,)), ((0,), (1,)))": 2.2331774891514562e-17,
    "(((2,), (5,)), ((0,), (2,)))": 0.0006848256642013406,
    "(((2,), (5,)), ((0,), (3,)))": -0.0022860747702638934,
    "(((2,), (5,)), ((0,), (4,)))": 3.1166129594486823e-19,
    "(((2,), (5,)), ((0,), (5,)))": -3.823969550318417e-15,
    "(((2,), (5,)), ((0,), (6,)))": 2.8942116274686704e-18,
    "(((2,), (5,)), ((1,), (0,)))": -6.173276534052376e-19,
    "(((2,), (5,)), ((1,), (1,)))": -6.66766732824945e-20,
    "(((2,), (5,)), ((1,), (2,)))": 9.779233014999744e-16,
    "(((2,), (5,)), ((1,), (3,)))": -3.265851150725011e-15,
    "(((2,), (5,)), ((1,), (4,)))": -1.0974724446145847e-09,
    "(((2,), (5,)), ((1,), (5,)))": 0.0026252228687340235,
    "(((2,), (5,)), ((1,), (6,)))": 2.9168312182345773e-19,
    "(((2,), (5,)), ((2,), (0,)))": -3.380950806745691e-17,
    "(((2,), (5,)), ((2,), (1,)))": -9.012406563262277e-17,
    "(((2,), (5,)), ((2,), (2,)))": 3.658602637860303e-16,
    "(((2,), (5,)), ((2,), (3,)))": -1.2994100367134421e-15,
    "(((2,), (5,)), ((2,), (4,)))": 7.893651541926199e-18,
    "(((2,), (5,)), ((2,), (5,)))": -0.0036480076929432323,
    "(((2,), (5,)), ((2,), (6,)))": 9.883118039380346e-18,
    "(((2,), (6,)), ((0,), (0,)))": -2.6216328541699434e-15,
    "(((2,), (6,)), ((0,), (1,)))": 0.0023077519900588177,
    "(((2,), (6,)), ((0,), (2,)))": -7.545928584653505e-18,
    "(((2,), (6,)), ((0,), (3,)))": 1.983698537828343e-17,
    "(((2,), (6,)), ((0,), (4,)))": -7.162140831270915e-19,
    "(((2,), (6,)), ((0,), (5,)))": 1.7572268949473883e-18,
    "(((2,), (6,)), ((0,), (6,)))": -2.7622428157903605e-15,
    "(((2,), (6,)), ((1,), (0,)))": 0.001832640910290131,
    "(((2,), (6,)), ((1,), (1,)))": 3.28398494742626e-15,
    "(((2,), (6,)), ((1,), (2,)))": 3.350542958617515e-19,
    "(((2,), (6,)), ((1,), (3,)))": 3.234429862186762e-19,
    "(((2,), (6,)), ((1,), (4,)))": 2.7344836917467995e-19,
    "(((2,), (6,)), ((1,), (5,)))": -1.2149594478568325e-19,
    "(((2,), (6,)), ((1,), (6,)))": 0.0019330175352144407,
    "(((2,), (6,)), ((2,), (0,)))": 0.0947315045508248,
    "(((2,), (6,)), ((2,), (1,)))": -3.4046510337493636e-16,
    "(((2,), (6,)), ((2,), (2,)))": 8.560244806173384e-18,
    "(((2,), (6,)), ((2,), (3,)))": 3.496912870611486e-17,
    "(((2,), (6,)), ((2,), (4,)))": 2.7372535241458232e-17,
    "(((2,), (6,)), ((2,), (5,)))": 9.883118039380365e-18,
    "(((2,), (6,)), ((2,), (6,)))": -0.03319395221416273
  },
  "red": [
    [
      0.9999426659998354,
      -7.349420800945669e-18,
      -3.156497932659668e-16,
      -0.0008324550630163074,
      -7.69040919633135e-16,
      -2.6418730866875243e-17,
      5.540362353391531e-17,
      3.9419785199096904e-19,
      2.961368985613684e-17,
      0.0012618253209210378,
      0.0,
      0.0,
      0.0,
      0.0,
      0.0,
      0.0,
      0.0,
      0.0,
      0.0,
      0.0
    ],
    [
      -7.349420800945669e-18,
      0.9999377420054315,
      0.00020817026846161398,
      -9.382037482391538e-16,
      0.0006009988488054987,
      -2.9571978575214746e-17,
      5.2907927203390176e-17,
      -3.2755058271414483e-18,
      2.2957657039002473e-17,
      1.6811566139742202e-15,
      0.0,
      0.0,
      0.0,
      0.0,
      0.0,
      0.0,
      0.0,
      0.0,
      0.0,
      0.0
    ],
    [
      -3.156497932659668e-16,
      0.00020817026846161398,
      0.8587589527869178,
      2.3941989144590756e-15,
      0.06787370375384451,
      -2.8053061823935775e-16,
      5.5859898825845015e-16,
      -4.44456031960685e-17,
      2.731705728871849e-18,
      -8.446448054858894e-16,
      0.0,
      0.0,
      0.0,
      0.0,
      0.0,
      0.0,
      0.0,
      0.0,
      0.0,
      0.0
    ],
    [
      -0.0008324550630163074,
      -9.382037482391538e-16,
      2.3941989144590756e-15,
      0.10240009553245605,
      -2.5905634656283214e-16,
      3.0160869678836215e-17,
      4.944803170499248e-17,
      3.455421444163119e-17,
      1.1361175790392882e-17,
      -0.03209805941783578,
      0.0,
      0.0,
      0.0,
      0.0,
      0.0,
      0.0,
      0.0,
      0.0,
      0.0,
      0.0
    ],
    [
      -7.69040919633135e-16,
      0.0006009988488054987,
      0.06787370375384451,
      -2.5905634656283214e-16,
      0.01388550890150923,
      -2.288332980899297e-17,
      5.473430406264776e-17,
      -3.682671914743725e-18,
      8.923997676086974e-18,
      6.409134747407728e-17,
      0.0,
      0.0,
      0.0,
      0.0,
      0.0,
      0.0,
      0.0,
      0.0,
      0.0,
      0.0
    ],
    [
      -2.6418730866875243e-17,
      -2.9571978575214746e-17,
      -2.8053061823935775e-16,
      3.0160869678836215e-17,
      -2.288332980899297e-17,
      0.007437297927659777,
      -6.219334264432846e-19,
      9.301614517594045e-17,
      -3.279176522389075e-17,
      -8.153211391905306e-18,
      0.0,
      0.0,
      0.0,
      0.0,
      0.0,
      0.0,
      0.0,
      0.0,
      0.0,
      0.0
    ],
    [
      5.540362353391531e-17,
      5.2907927203390176e-17,
      5.5859898825845015e-16,
      4.944803170499248e-17,
      5.473430406264776e-17,
      -6.219334264432846e-19,
      0.007437297927659784,
      2.5111356629804382e-17,
      1.1650039838537547e-16,
      -1.5260914322189795e-17,
      0.0,
      0.0,
      0.0,
      0.0,
      0.0,
      0.0,
      0.0,
      0.0,
      0.0,
      0.0
    ],
    [
      3.9419785199096904e-19,
      -3.2755058271414483e-18,
      -4.44456031960685e-17,
      3.455421444163119e-17,
      -3.682671914743725e-18,
      9.301614517594045e-17,
      2.5111356629804382e-17,
      4.318475661186726e-05,
      -6.286029075251127e-20,
      -1.080098157290551e-17,
      0.0,
      0.0,
      0.0,
      0.0,
      0.0,
      0.0,
      0.0,
      0.0,
      0.0,
      0.0
    ],
    [
      2.961368985613684e-17,
      2.2957657039002473e-17,
      2.731705728871849e-18,
      1.1361175790392882e-17,
      8.923997676086974e-18,
      -3.279176522389075e-17,
      1.1650039838537547e-16,
      -6.286029075251127e-20,
      4.318475661186691e-05,
      -3.5225227149861325e-18,
      0.0,
      0.0,
      0.0,
      0.0,
      0.0,
      0.0,
      0.0,
      0.0,
      0.0,
      0.0
    ],
    [
      0.0012618253209210378,
      1.6811566139742202e-15,
      -8.446448054858894e-16,
      -0.03209805941783578,
      6.409134747407728e-17,
      -8.153211391905306e-18,
      -1.5260914322189795e-17,
      -1.080098157290551e-17,
      -3.5225227149861325e-18,
      0.010114069405305971,
      0.0,
      0.0,
      0.0,
      0.0,
      0.0,
      0.0,
      0.0,
      0.0,
      0.0,
      0.0
    ],
    [
      0.0,
      0.0,
      0.0,
      0.0,
      0.0,
      0.0,
      0.0,
      0.0,
      0.0,
      0.0,
      0.9999426659998354,
      -7.363216106408077e-18,
      -3.1692541326249125e-16,
      -0.0008324550630163076,
      -7.69039065183904e-16,
      -2.6418730866875243e-17,
      5.540362353391531e-17,
      3.941978519909695e-19,
      2.9613689856136845e-17,
      0.0012618253209210378
    ],
    [
      0.0,
      0.0,
      0.0,
      0.0,
      0.0,
      0.0,
      0.0,
      0.0,
      0.0,
      0.0,
      -7.363216106408077e-18,
      0.9999377420054315,
      0.0002081702684616138,
      -9.380380736517477e-16,
      0.0006009988488054987,
      -2.957197857521475e-17,
      5.2907927203390176e-17,
      -3.2755058271414483e-18,
      2.2957657039002473e-17,
      1.6811430562978953e-15
    ],
    [
      0.0,
      0.0,
      0.0,
      0.0,
      0.0,
      0.0,
      0.0,
      0.0,
      0.0,
      0.0,
      -3.1692541326249125e-16,
      0.0002081702684616138,
      0.8587589527869178,
      2.3934430293620024e-15,
      0.06787370375384451,
      -2.8053061823935775e-16,
      5.5859898825845015e-16,
      -4.4445603196068506e-17,
      2.7317057288718307e-18,
      -8.461717512301968e-16
    ],
    [
      0.0,
      0.0,
      0.0,
      0.0,
      0.0,
      0.0,
      0.0,
      0.0,
      0.0,
      0.0,
      -0.0008324550630163076,
      -9.380380736517477e-16,
      2.3934430293620024e-15,
      0.10240009553245606,
      -2.593318812639862e-16,
      3.0160869678836215e-17,
      4.9448031704992473e-17,
      3.455421444163119e-17,
      1.1361175790392889e-17,
      -0.03209805941783577
    ],
    [
      0.0,
      0.0,
      0.0,
      0.0,
      0.0,
      0.0,
      0.0,
      0.0,
      0.0,
      0.0,
      -7.69039065183904e-16,
      0.0006009988488054987,
      0.06787370375384451,
      -2.593318812639862e-16,
      0.013885508901509231,
      -2.2883329808992967e-17,
      5.473430406264775e-17,
      -3.6826719147437254e-18,
      8.923997676086988e-18,
      6.595441856344661e-17
    ],
    [
      0.0,
      0.0,
      0.0,
      0.0,
      0.0,
      0.0,
      0.0,
      0.0,
      0.0,
      0.0,
      -2.6418730866875243e-17,
      -2.957197857521475e-17,
      -2.8053061823935775e-16,
      3.0160869678836215e-17,
      -2.2883329808992967e-17,
      0.007437297927659777,
      -6.176987767888676e-19,
      9.338099744348446e-17,
      -3.2803859921703706e-17,
      -8.153211391905312e-18
    ],
    [
      0.0,
      0.0,
      0.0,
      0.0,
      0.0,
      0.0,
      0.0,
      0.0,
      0.0,
      0.0,
      5.540362353391531e-17,
      5.2907927203390176e-17,
      5.5859898825845015e-16,
      4.9448031704992473e-17,
      5.473430406264775e-17,
      -6.176987767888676e-19,
      0.007437297927659785,
      2.5275285670705223e-17,
      1.17829850171962e-16,
      -1.5260914322189786e-17
    ],
    [
      0.0,
      0.0,
      0.0,
      0.0,
      0.0,
      0.0,
      0.0,
      0.0,
      0.0,
      0.0,
      3.941978519909695e-19,
      -3.2755058271414483e-18,
      -4.4445603196068506e-17,
      3.455421444163119e-17,
      -3.6826719147437254e-18,
      9.338099744348446e-17,
      2.5275285670705223e-17,
      4.3184756611867267e-05,
      -6.455436074191584e-20,
      -1.0800981572905511e-17
    ],
    [
      0.0,
      0.0,
      0.0,
      0.0,
      0.0,
      0.0,
      0.0,
      0.0,
      0.0,
      0.0,
      2.9613689856136845e-17,
      2.2957657039002473e-17,
      2.7317057288718307e-18,
      1.1361175790392889e-17,
      8.923997676086988e-18,
      -3.2803859921703706e-17,
      1.17829850171962e-16,
      -6.455436074191584e-20,
      4.318475661186692e-05,
      -3.522522714986131e-18
    ],
    [
      0.0,
      0.0,
      0.0,
      0.0,
      0.0,
      0.0,
      0.0,
      0.0,
      0.0,
      0.0,
      0.0012618253209210378,
      1.6811430562978953e-15,
      -8.461717512301968e-16,
      -0.03209805941783577,
      6.595441856344661e-17,
      -8.153211391905312e-18,
      -1.5260914322189786e-17,
      -1.0800981572905511e-17,
      -3.522522714986131e-18,
      0.010114069405305967
    ]
  ],
  "CSRM": [
    [
      1.0321706665695531,
      9.340930135585529e-06,
      0.0008683731309496694,
      -0.0015812831501459776,
      -0.0006384026504641044,
      -0.0005887509809922557,
      -0.0005887509809922564,
      -0.000922504273536022,
      -0.0009225042735360224,
      -0.001541095006721652
    ],
    [
      9.340930135585529e-06,
      1.032160347135163,
      0.000878189006748584,
      -0.0015870835385089722,
      -0.0006708371758379129,
      -0.0005955874786074313,
      -0.0005955874786074328,
      -0.0008835839876979273,
      -0.0008835839876979283,
      -0.0014976598195125053
    ],
    [
      0.0008683731309496694,
      0.000878189006748584,
      0.8796116859729459,
      -0.2912169956876523,
      -0.08135320368020203,
      -0.08202233856380753,
      -0.08202233856380757,
      -0.003476097228846325,
      -0.0034760972288462723,
      -0.031629704490292086
    ],
    [
      -0.0015812831501459776,
      -0.0015870835385089722,
      -0.2912169956876523,
      0.0964311056197802,
      0.026927332002896525,
      0.027149017152515324,
      0.027149017152515338,
      0.001144056108292036,
      0.0011440561082920186,
      0.01047023781902058
    ],
    [
      -0.0006384026504641044,
      -0.0006708371758379129,
      -0.08135320368020203,
      0.026927332002896525,
      0.007539518232861769,
      0.007600797267052447,
      0.007600797267052451,
      0.00033700953924058067,
      0.0003370095392405758,
      0.002938155002140748
    ],
    [
      -0.0005887509809922557,
      -0.0005955874786074313,
      -0.08202233856380753,
      0.027149017152515324,
      0.007600797267052447,
      0.007662613530177168,
      0.007662613530177172,
      0.0003390070799407952,
      0.00033900707994079026,
      0.00296161972660933
    ],
    [
      -0.0005887509809922564,
      -0.0005955874786074328,
      -0.08202233856380757,
      0.027149017152515338,
      0.007600797267052451,
      0.007662613530177172,
      0.007662613530177175,
      0.0003390070799407954,
      0.0003390070799407904,
      0.0029616197266093313
    ],
    [
      -0.000922504273536022,
      -0.0008835839876979273,
      -0.003476097228846325,
      0.001144056108292036,
      0.00033700953924058067,
      0.0003390070799407952,
      0.0003390070799407954,
      2.9821239932312128e-05,
      2.982123993231193e-05,
      0.00013859843714288317
    ],
    [
      -0.0009225042735360224,
      -0.0008835839876979283,
      -0.0034760972288462723,
      0.0011440561082920186,
      0.0003370095392405758,
      0.00033900707994079026,
      0.0003390070799407904,
      2.982123993231193e-05,
      2.9821239932311735e-05,
      0.00013859843714288128
    ],
    [
      -0.001541095006721652,
      -0.0014976598195125053,
      -0.031629704490292086,
      0.01047023781902058,
