{
  "E": -14.66726292269919,
  "sol": {
    "(((), ()), ((), ()))": 0.9536877994441931,
    "(((0,), (0,)), ((), ()))": -7.867434363143281e-14,
    "(((), ()), ((0,), (0,)))": -7.867434363143281e-14,
    "(((0,), (1,)), ((), ()))": 1.1856650845625227e-17,
    "(((), ()), ((0,), (1,)))": 1.1856650845625227e-17,
    "(((0,), (2,)), ((), ()))": 3.99016386111346e-18,
    "(((), ()), ((0,), (2,)))": 3.99016386111346e-18,
    "(((0,), (3,)), ((), ()))": -0.0002562392231233825,
    "(((), ()), ((0,), (3,)))": -0.0002562392231233825,
    "(((0,), (4,)), ((), ()))": -1.7778480467682807e-16,
    "(((), ()), ((0,), (4,)))": -1.7778480467682807e-16,
    "(((0,), (5,)), ((), ()))": -1.39293596239474e-16,
    "(((), ()), ((0,), (5,)))": -1.39293596239474e-16,
    "(((0,), (6,)), ((), ()))": -9.569394301808658e-14,
    "(((), ()), ((0,), (6,)))": -9.569394301808658e-14,
    "(((1,), (0,)), ((), ()))": -0.0007288057717285439,
    "(((), ()), ((1,), (0,)))": -0.0007288057717285439,
    "(((1,), (1,)), ((), ()))": -1.9780321115216425e-18,
    "(((), ()), ((1,), (1,)))": -1.9780321115216425e-18,
    "(((1,), (2,)), ((), ()))": -9.607806968248301e-18,
    "(((), ()), ((1,), (2,)))": -9.607806968248301e-18,
    "(((1,), (3,)), ((), ()))": 2.7670821159358644e-14,
    "(((), ()), ((1,), (3,)))": 2.7670821159358644e-14,
    "(((1,), (4,)), ((), ()))": 1.1983946443590207e-16,
    "(((), ()), ((1,), (4,)))": 1.1983946443590207e-16,
    "(((1,), (5,)), ((), ()))": -4.3570357102888464e-17,
    "(((), ()), ((1,), (5,)))": -4.3570357102888464e-17,
    "(((1,), (6,)), ((), ()))": -0.0008849334227054159,
    "(((), ()), ((1,), (6,)))": -0.0008849334227054159,
    "(((2,), (0,)), ((), ()))": 1.1354906097316294e-15,
    "(((), ()), ((2,), (0,)))": 1.1354906097316294e-15,
    "(((2,), (1,)), ((), ()))": -5.97971851960009e-17,
    "(((), ()), ((2,), (1,)))": -5.97971851960009e-17,
    "(((2,), (2,)), ((), ()))": -1.3014589127410372e-18,
    "(((), ()), ((2,), (2,)))": -1.3014589127410372e-18,
    "(((2,), (3,)), ((), ()))": 0.04290119144152045,
    "(((), ()), ((2,), (3,)))": 0.04290119144152045,
    "(((2,), (4,)), ((), ()))": -3.62721166851387e-16,
    "(((), ()), ((2,), (4,)))": -3.62721166851387e-16,
    "(((2,), (5,)), ((), ()))": -1.011071479925131e-16,
    "(((), ()), ((2,), (5,)))": -1.011071479925131e-16,
    "(((2,), (6,)), ((), ()))": 1.2101785475819103e-15,
    "(((), ()), ((2,), (6,)))": 1.2101785475819103e-15,
    "(((0,), (0,)), ((0,), (0,)))": -0.0018875611637162932,
    "(((0,), (0,)), ((0,), (1,)))": 1.9808623907190704e-19,
    "(((0,), (0,)), ((0,), (2,)))": 4.93294271655274e-19,
    "(((0,), (0,)), ((0,), (3,)))": 1.596224652716322e-13,
    "(((0,), (0,)), ((0,), (4,)))": -1.0281200626658398e-18,
    "(((0,), (0,)), ((0,), (5,)))": -3.8570998718034866e-19,
    "(((0,), (0,)), ((0,), (6,)))": -0.000901760653287378,
    "(((0,), (0,)), ((1,), (0,)))": -2.6440070567812604e-15,
    "(((0,), (0,)), ((1,), (1,)))": 1.6280757665578816e-18,
    "(((0,), (0,)), ((1,), (2,)))": 3.315592716040836e-19,
    "(((0,), (0,)), ((1,), (3,)))": 0.0007092586019369811,
    "(((0,), (0,)), ((1,), (4,)))": 1.041497890426904e-18,
    "(((0,), (0,)), ((1,), (5,)))": -4.077448012410029e-19,
    "(((0,), (0,)), ((1,), (6,)))": 7.643150675433412e-15,
    "(((0,), (0,)), ((2,), (0,)))": 0.0011756036457509233,
    "(((0,), (0,)), ((2,), (1,)))": 1.7687616884541653e-18,
    "(((0,), (0,)), ((2,), (2,)))": -2.3991953233259607e-18,
    "(((0,), (0,)), ((2,), (3,)))": 1.3300183337023919e-13,
    "(((0,), (0,)), ((2,), (4,)))": 8.400435815711946e-18,
    "(((0,), (0,)), ((2,), (5,)))": 2.1611958053575778e-18,
    "(((0,), (0,)), ((2,), (6,)))": 0.002163557294806579,
    "(((0,), (1,)), ((0,), (0,)))": 1.9808623907191094e-19,
    "(((0,), (1,)), ((0,), (1,)))": -0.0004006428537339761,
    "(((0,), (1,)), ((0,), (2,)))": 2.4111490672626548e-20,
    "(((0,), (1,)), ((0,), (3,)))": 2.182429290477802e-19,
    "(((0,), (1,)), ((0,), (4,)))": -2.0120613574615975e-13,
    "(((0,), (1,)), ((0,), (5,)))": -3.657347814156081e-14,
    "(((0,), (1,)), ((0,), (6,)))": 3.953019830134759e-20,
    "(((0,), (1,)), ((1,), (0,)))": 1.60925287752144e-18,
    "(((0,), (1,)), ((1,), (1,)))": 5.231726745072641e-15,
    "(((0,), (1,)), ((1,), (2,)))": 5.995520008620045e-19,
    "(((0,), (1,)), ((1,), (3,)))": 4.778302433542695e-19,
    "(((0,), (1,)), ((1,), (4,)))": -0.0009619339346799668,
    "(((0,), (1,)), ((1,), (5,)))": -0.00017485294669577624,
    "(((0,), (1,)), ((1,), (6,)))": 7.922579936344691e-19,
    "(((0,), (1,)), ((2,), (0,)))": 2.2182856553480532e-18,
    "(((0,), (1,)), ((2,), (1,)))": -0.002738158167934108,
    "(((0,), (1,)), ((2,), (2,)))": -9.535212070681686e-10,
    "(((0,), (1,)), ((2,), (3,)))": 1.408720399961591e-18,
    "(((0,), (1,)), ((2,), (4,)))": -2.3095469518971035e-13,
    "(((0,), (1,)), ((2,), (5,)))": -4.198168117611119e-14,
    "(((0,), (1,)), ((2,), (6,)))": 1.4329593439779937e-18,
    "(((0,), (2,)), ((0,), (0,)))": 4.932942716552703e-19,
    "(((0,), (2,)), ((0,), (1,)))": -8.108478836393518e-20,
    "(((0,), (2,)), ((0,), (2,)))": -0.00040064285373397614,
    "(((0,), (2,)), ((0,), (3,)))": -8.096549111806512e-20,
    "(((0,), (2,)), ((0,), (4,)))": 3.65736935883535e-14,
    "(((0,), (2,)), ((0,), (5,)))": -2.0120586052128607e-13,
    "(((0,), (2,)), ((0,), (6,)))": 2.6975642357640115e-19,
    "(((0,), (2,)), ((1,), (0,)))": 7.23405046680746e-19,
    "(((0,), (2,)), ((1,), (1,)))": 5.956330610886527e-19,
    "(((0,), (2,)), ((1,), (2,)))": 5.231028397272191e-15,
    "(((0,), (2,)), ((1,), (3,)))": -7.578190489733275e-19,
    "(((0,), (2,)), ((1,), (4,)))": 0.000174852946695776,
    "(((0,), (2,)), ((1,), (5,)))": -0.0009619339346799674,
    "(((0,), (2,)), ((1,), (6,)))": 6.035385485292707e-19,
    "(((0,), (2,)), ((2,), (0,)))": -3.552560804497023e-18,
    "(((0,), (2,)), ((2,), (1,)))": 9.535212070597737e-10,
    "(((0,), (2,)), ((2,), (2,)))": -0.002738158167934109,
    "(((0,), (2,)), ((2,), (3,)))": -5.646946498297862e-19,
    "(((0,), (2,)), ((2,), (4,)))": 4.198027628242947e-14,
    "(((0,), (2,)), ((2,), (5,)))": -2.309527501765241e-13,
    "(((0,), (2,)), ((2,), (6,)))": -1.918252150004162e-18,
    "(((0,), (3,)), ((0,), (0,)))": 1.596229815857778e-13,
    "(((0,), (3,)), ((0,), (1,)))": 2.182429290477813e-19,
    "(((0,), (3,)), ((0,), (2,)))": -8.096549111806621e-20,
    "(((0,), (3,)), ((0,), (3,)))": -0.0008351498695871039,
    "(((0,), (3,)), ((0,), (4,)))": -2.2072621855873066e-19,
    "(((0,), (3,)), ((0,), (5,)))": -3.1508224636479333e-19,
    "(((0,), (3,)), ((0,), (6,)))": -2.0794886897056068e-13,
    "(((0,), (3,)), ((1,), (0,)))": 0.0007709121793158696,
    "(((0,), (3,)), ((1,), (1,)))": 3.44551247944691e-19,
    "(((0,), (3,)), ((1,), (2,)))": -6.471285660151276e-19,
    "(((0,), (3,)), ((1,), (3,)))": 1.2885042183136199e-14,
    "(((0,), (3,)), ((1,), (4,)))": 4.576698777886766e-19,
    "(((0,), (3,)), ((1,), (5,)))": 8.191474144281053e-20,
    "(((0,), (3,)), ((1,), (6,)))": -0.0010180261764556721,
    "(((0,), (3,)), ((2,), (0,)))": 1.1016451015788403e-13,
    "(((0,), (3,)), ((2,), (1,)))": 2.7421044350102434e-19,
    "(((0,), (3,)), ((2,), (2,)))": -4.519762981986071e-19,
    "(((0,), (3,)), ((2,), (3,)))": -0.003281183355195493,
    "(((0,), (3,)), ((2,), (4,)))": -2.336193629324921e-18,
    "(((0,), (3,)), ((2,), (5,)))": -5.841630161888553e-19,
    "(((0,), (3,)), ((2,), (6,)))": -1.922164054108091e-13,
    "(((0,), (4,)), ((0,), (0,)))": -1.028120062665826e-18,
    "(((0,), (4,)), ((0,), (1,)))": -2.012058945923734e-13,
    "(((0,), (4,)), ((0,), (2,)))": 3.657363247590046e-14,
    "(((0,), (4,)), ((0,), (3,)))": -2.2072621855873047e-19,
    "(((0,), (4,)), ((0,), (4,)))": -0.001081873687527976,
    "(((0,), (4,)), ((0,), (5,)))": -2.401329443899217e-19,
    "(((0,), (4,)), ((0,), (6,)))": -1.7712955507288405e-18,
    "(((0,), (4,)), ((1,), (0,)))": 5.883008434547443e-19,
    "(((0,), (4,)), ((1,), (1,)))": -0.000903839143091258,
    "(((0,), (4,)), ((1,), (2,)))": 0.0001642929394440979,
    "(((0,), (4,)), ((1,), (3,)))": 4.01626148030491e-19,
    "(((0,), (4,)), ((1,), (4,)))": -8.522683015420509e-15,
    "(((0,), (4,)), ((1,), (5,)))": -1.2293445644442575e-18,
    "(((0,), (4,)), ((1,), (6,)))": -1.3841452431062205e-18,
    "(((0,), (4,)), ((2,), (0,)))": 8.452821578993118e-18,
    "(((0,), (4,)), ((2,), (1,)))": -3.00151167356819e-13,
    "(((0,), (4,)), ((2,), (2,)))": 5.4558453744439767e-14,
    "(((0,), (4,)), ((2,), (3,)))": -8.86102848098613e-18,
    "(((0,), (4,)), ((2,), (4,)))": -0.0027150986944819485,
    "(((0,), (4,)), ((2,), (5,)))": -9.424976117300238e-10,
    "(((0,), (4,)), ((2,), (6,)))": 4.184879735203179e-18,
    "(((0,), (5,)), ((0,), (0,)))": -3.8570998718034693e-19,
    "(((0,), (5,)), ((0,), (1,)))": -3.6573451199721064e-14,
    "(((0,), (5,)), ((0,), (2,)))": -2.0120564197958428e-13,
    "(((0,), (5,)), ((0,), (3,)))": -3.1508224636479284e-19,
    "(((0,), (5,)), ((0,), (4,)))": -2.0498153711918463e-19,
    "(((0,), (5,)), ((0,), (5,)))": -0.0010818736875279772,
    "(((0,), (5,)), ((0,), (6,)))": -5.05425451072136e-19,
    "(((0,), (5,)), ((1,), (0,)))": 6.92824525889906e-20,
    "(((0,), (5,)), ((1,), (1,)))": -0.00016429293944409816,
    "(((0,), (5,)), ((1,), (2,)))": -0.0009038391430912588,
    "(((0,), (5,)), ((1,), (3,)))": -3.9306967210250857e-20,
    "(((0,), (5,)), ((1,), (4,)))": -1.296370622104513e-18,
    "(((0,), (5,)), ((1,), (5,)))": -8.521508673485463e-15,
    "(((0,), (5,)), ((1,), (6,)))": 4.723664508140277e-19,
    "(((0,), (5,)), ((2,), (0,)))": 1.9820949654398668e-18,
    "(((0,), (5,)), ((2,), (1,)))": -5.455958562450291e-14,
    "(((0,), (5,)), ((2,), (2,)))": -3.0014961580095604e-13,
    "(((0,), (5,)), ((2,), (3,)))": -7.078036085355671e-18,
    "(((0,), (5,)), ((2,), (4,)))": 9.424976106401616e-10,
    "(((0,), (5,)), ((2,), (5,)))": -0.002715098694481952,
    "(((0,), (5,)), ((2,), (6,)))": 1.5646229016643486e-18,
    "(((0,), (6,)), ((0,), (0,)))": -0.0009017606532873729,
    "(((0,), (6,)), ((0,), (1,)))": 3.9530198301344654e-20,
    "(((0,), (6,)), ((0,), (2,)))": 2.697564235764029e-19,
    "(((0,), (6,)), ((0,), (3,)))": -2.0794854829050743e-13,
    "(((0,), (6,)), ((0,), (4,)))": -1.771295550728843e-18,
    "(((0,), (6,)), ((0,), (5,)))": -5.054254510721346e-19,
    "(((0,), (6,)), ((0,), (6,)))": -0.0025103172176633923,
    "(((0,), (6,)), ((1,), (0,)))": 7.650872916652669e-15,
    "(((0,), (6,)), ((1,), (1,)))": 6.9801253325658535e-19,
    "(((0,), (6,)), ((1,), (2,)))": 2.8160227650691083e-19,
    "(((0,), (6,)), ((1,), (3,)))": -0.0009103178220707969,
    "(((0,), (6,)), ((1,), (4,)))": -9.252226071067517e-19,
    "(((0,), (6,)), ((1,), (5,)))": 3.4903618384835534e-20,
    "(((0,), (6,)), ((1,), (6,)))": -9.639323839640302e-15,
    "(((0,), (6,)), ((2,), (0,)))": 0.0025658392997454068,
    "(((0,), (6,)), ((2,), (1,)))": 8.965371391489021e-19,
    "(((0,), (6,)), ((2,), (2,)))": -1.6598323791958562e-18,
    "(((0,), (6,)), ((2,), (3,)))": -3.701195524404687e-13,
    "(((0,), (6,)), ((2,), (4,)))": 4.672354500950126e-18,
    "(((0,), (6,)), ((2,), (5,)))": 2.108399572587429e-18,
    "(((0,), (6,)), ((2,), (6,)))": -0.0011274726831268858,
    "(((1,), (0,)), ((0,), (0,)))": -2.6432240652730287e-15,
    "(((1,), (0,)), ((0,), (1,)))": 1.6092528775214362e-18,
    "(((1,), (0,)), ((0,), (2,)))": 7.234050466807458e-19,
    "(((1,), (0,)), ((0,), (3,)))": 0.0007709121793158715,
    "(((1,), (0,)), ((0,), (4,)))": 5.883008434547483e-19,
    "(((1,), (0,)), ((0,), (5,)))": 6.928245258899137e-20,
    "(((1,), (0,)), ((0,), (6,)))": 7.648669220075596e-15,
    "(((1,), (0,)), ((1,), (0,)))": -0.0019121450020274226,
    "(((1,), (0,)), ((1,), (1,)))": 6.106127140640569e-20,
    "(((1,), (0,)), ((1,), (2,)))": 6.614207223909401e-19,
    "(((1,), (0,)), ((1,), (3,)))": -1.5962277909902397e-13,
    "(((1,), (0,)), ((1,), (4,)))": -1.022651993997989e-18,
    "(((1,), (0,)), ((1,), (5,)))": -1.64453640696843e-19,
    "(((1,), (0,)), ((1,), (6,)))": -0.0008308175258964655,
    "(((1,), (0,)), ((2,), (0,)))": -1.26729178979384e-13,
    "(((1,), (0,)), ((2,), (1,)))": 5.2563161521387776e-18,
    "(((1,), (0,)), ((2,), (2,)))": 2.781494162824378e-18,
    "(((1,), (0,)), ((2,), (3,)))": 0.0012336593658795257,
    "(((1,), (0,)), ((2,), (4,)))": -7.428419936923544e-20,
    "(((1,), (0,)), ((2,), (5,)))": 6.145525138943722e-19,
    "(((1,), (0,)), ((2,), (6,)))": -2.33306821249133e-13,
    "(((1,), (1,)), ((0,), (0,)))": 1.628075766557884e-18,
    "(((1,), (1,)), ((0,), (1,)))": 5.231667421949355e-15,
    "(((1,), (1,)), ((0,), (2,)))": 6.08941055799902e-19,
    "(((1,), (1,)), ((0,), (3,)))": 3.4455124794469065e-19,
    "(((1,), (1,)), ((0,), (4,)))": -0.0009038391430912583,
    "(((1,), (1,)), ((0,), (5,)))": -0.00016429293944409824,
    "(((1,), (1,)), ((0,), (6,)))": 6.980125332565865e-19,
    "(((1,), (1,)), ((1,), (0,)))": 6.106127140640723e-20,
    "(((1,), (1,)), ((1,), (1,)))": -0.0003522121536493762,
    "(((1,), (1,)), ((1,), (2,)))": -7.688406846132716e-21,
    "(((1,), (1,)), ((1,), (3,)))": 9.357292434043248e-20,
    "(((1,), (1,)), ((1,), (4,)))": 2.012111838238834e-13,
    "(((1,), (1,)), ((1,), (5,)))": 3.657491848832991e-14,
    "(((1,), (1,)), ((1,), (6,)))": -1.6435070959054518e-19,
    "(((1,), (1,)), ((2,), (0,)))": 4.213888777256273e-18,
    "(((1,), (1,)), ((2,), (1,)))": 2.95344558631234e-13,
    "(((1,), (1,)), ((2,), (2,)))": 1.8132247013589517e-18,
    "(((1,), (1,)), ((2,), (3,)))": -2.1652649138425892e-19,
    "(((1,), (1,)), ((2,), (4,)))": -0.0021416230420621286,
    "(((1,), (1,)), ((2,), (5,)))": -0.0003892843213708915,
    "(((1,), (1,)), ((2,), (6,)))": 1.4763589974443511e-18,
    "(((1,), (2,)), ((0,), (0,)))": 3.3155927160408423e-19,
    "(((1,), (2,)), ((0,), (1,)))": 5.78958110623713e-19,
    "(((1,), (2,)), ((0,), (2,)))": 5.230976835396466e-15,
    "(((1,), (2,)), ((0,), (3,)))": -6.471285660151278e-19,
    "(((1,), (2,)), ((0,), (4,)))": 0.0001642929394440979,
    "(((1,), (2,)), ((0,), (5,)))": -0.0009038391430912586,
    "(((1,), (2,)), ((0,), (6,)))": 2.816022765069144e-19,
    "(((1,), (2,)), ((1,), (0,)))": 6.614207223909372e-19,
    "(((1,), (2,)), ((1,), (1,)))": -3.313758902855901e-20,
    "(((1,), (2,)), ((1,), (2,)))": -0.0003522121536493762,
    "(((1,), (2,)), ((1,), (3,)))": -1.5348780603360433e-19,
    "(((1,), (2,)), ((1,), (4,)))": -3.657460758845478e-14,
    "(((1,), (2,)), ((1,), (5,)))": 2.0121156952338636e-13,
    "(((1,), (2,)), ((1,), (6,)))": 4.522022065399784e-19,
    "(((1,), (2,)), ((2,), (0,)))": 3.2741070393301764e-18,
    "(((1,), (2,)), ((2,), (1,)))": 1.5196795464383037e-18,
    "(((1,), (2,)), ((2,), (2,)))": 2.9534275541037705e-13,
    "(((1,), (2,)), ((2,), (3,)))": -5.290984848712505e-19,
    "(((1,), (2,)), ((2,), (4,)))": 0.0003892843213708908,
    "(((1,), (2,)), ((2,), (5,)))": -0.00214162304206213,
    "(((1,), (2,)), ((2,), (6,)))": 2.3225323842846178e-18,
    "(((1,), (3,)), ((0,), (0,)))": 0.0007092586019369796,
    "(((1,), (3,)), ((0,), (1,)))": 4.778302433542698e-19,
    "(((1,), (3,)), ((0,), (2,)))": -7.578190489733278e-19,
    "(((1,), (3,)), ((0,), (3,)))": 1.2885185705687835e-14,
    "(((1,), (3,)), ((0,), (4,)))": 4.0162614803049185e-19,
    "(((1,), (3,)), ((0,), (5,)))": -3.93069672102516e-20,
    "(((1,), (3,)), ((0,), (6,)))": -0.0009103178220707976,
    "(((1,), (3,)), ((1,), (0,)))": -1.5962190816283845e-13,
    "(((1,), (3,)), ((1,), (1,)))": 9.357292434043178e-20,
    "(((1,), (3,)), ((1,), (2,)))": -1.5348780603360255e-19,
    "(((1,), (3,)), ((1,), (3,)))": -0.000715721953875798,
    "(((1,), (3,)), ((1,), (4,)))": 1.8460066765477404e-20,
    "(((1,), (3,)), ((1,), (5,)))": -4.82769042408165e-19,
    "(((1,), (3,)), ((1,), (6,)))": 2.0796208453999696e-13,
    "(((1,), (3,)), ((2,), (0,)))": 0.001022099750090496,
    "(((1,), (3,)), ((2,), (1,)))": 1.3774518489649165e-18,
    "(((1,), (3,)), ((2,), (2,)))": -1.6022116883286955e-18,
    "(((1,), (3,)), ((2,), (3,)))": 3.5387976352100156e-13,
    "(((1,), (3,)), ((2,), (4,)))": 6.771983583033884e-20,
    "(((1,), (3,)), ((2,), (5,)))": -5.574191457162022e-19,
    "(((1,), (3,)), ((2,), (6,)))": -0.0017821852096449192,
    "(((1,), (4,)), ((0,), (0,)))": 1.0414978904269025e-18,
    "(((1,), (4,)), ((0,), (1,)))": -0.0009619339346799666,
    "(((1,), (4,)), ((0,), (2,)))": 0.00017485294669577583,
    "(((1,), (4,)), ((0,), (3,)))": 4.576698777886751e-19,
    "(((1,), (4,)), ((0,), (4,)))": -8.522777885108305e-15,
    "(((1,), (4,)), ((0,), (5,)))": -1.2519609446246632e-18,
    "(((1,), (4,)), ((0,), (6,)))": -9.252226071067617e-19,
    "(((1,), (4,)), ((1,), (0,)))": -1.0226519939979829e-18,
    "(((1,), (4,)), ((1,), (1,)))": 2.0121139964509442e-13,
    "(((1,), (4,)), ((1,), (2,)))": -3.657464504829573e-14,
    "(((1,), (4,)), ((1,), (3,)))": 1.8460066765482026e-20,
    "(((1,), (4,)), ((1,), (4,)))": -0.0011608525847257752,
    "(((1,), (4,)), ((1,), (5,)))": -2.295342608738375e-19,
    "(((1,), (4,)), ((1,), (6,)))": -1.7521544824359096e-18,
    "(((1,), (4,)), ((2,), (0,)))": -5.257551085582857e-19,
    "(((1,), (4,)), ((2,), (1,)))": -0.0027832607542379916,
    "(((1,), (4,)), ((2,), (2,)))": 0.0005059176085856422,
    "(((1,), (4,)), ((2,), (3,)))": 4.914485345604158e-18,
    "(((1,), (4,)), ((2,), (4,)))": 2.9278686459310664e-13,
    "(((1,), (4,)), ((2,), (5,)))": -3.465053505240508e-18,
    "(((1,), (4,)), ((2,), (6,)))": -3.2177266942583634e-18,
    "(((1,), (5,)), ((0,), (0,)))": -4.077448012410052e-19,
    "(((1,), (5,)), ((0,), (1,)))": -0.0001748529466957762,
    "(((1,), (5,)), ((0,), (2,)))": -0.0009619339346799674,
    "(((1,), (5,)), ((0,), (3,)))": 8.19147414428111e-20,
    "(((1,), (5,)), ((0,), (4,)))": -1.2575024823091386e-18,
    "(((1,), (5,)), ((0,), (5,)))": -8.521425482191759e-15,
    "(((1,), (5,)), ((0,), (6,)))": 3.490361838483072e-20,
    "(((1,), (5,)), ((1,), (0,)))": -1.644536406968407e-19,
    "(((1,), (5,)), ((1,), (1,)))": 3.657496423291486e-14,
    "(((1,), (5,)), ((1,), (2,)))": 2.012112895582266e-13,
    "(((1,), (5,)), ((1,), (3,)))": -4.827690424081654e-19,
    "(((1,), (5,)), ((1,), (4,)))": -2.5436477039165404e-19,
    "(((1,), (5,)), ((1,), (5,)))": -0.0011608525847257767,
    "(((1,), (5,)), ((1,), (6,)))": -2.5546684805009954e-19,
    "(((1,), (5,)), ((2,), (0,)))": 2.1680000067769395e-18,
    "(((1,), (5,)), ((2,), (1,)))": -0.0005059176085856432,
    "(((1,), (5,)), ((2,), (2,)))": -0.002783260754237993,
    "(((1,), (5,)), ((2,), (3,)))": -1.3591713391112561e-18,
    "(((1,), (5,)), ((2,), (4,)))": -3.1987485100682475e-18,
    "(((1,), (5,)), ((2,), (5,)))": 2.927904599224012e-13,
    "(((1,), (5,)), ((2,), (6,)))": 1.8532798482066937e-18,
    "(((1,), (6,)), ((0,), (0,)))": 7.645128661807216e-15,
    "(((1,), (6,)), ((0,), (1,)))": 7.922579936344663e-19,
    "(((1,), (6,)), ((0,), (2,)))": 6.035385485292682e-19,
    "(((1,), (6,)), ((0,), (3,)))": -0.0010180261764556715,
    "(((1,), (6,)), ((0,), (4,)))": -1.3841452431062118e-18,
    "(((1,), (6,)), ((0,), (5,)))": 4.723664508140313e-19,
    "(((1,), (6,)), ((0,), (6,)))": -9.64063922801095e-15,
    "(((1,), (6,)), ((1,), (0,)))": -0.0008308175258964633,
    "(((1,), (6,)), ((1,), (1,)))": -1.643507095905463e-19,
    "(((1,), (6,)), ((1,), (2,)))": 4.522022065399778e-19,
    "(((1,), (6,)), ((1,), (3,)))": 2.079610187345329e-13,
    "(((1,), (6,)), ((1,), (4,)))": -1.752154482435917e-18,
    "(((1,), (6,)), ((1,), (5,)))": -2.5546684805010354e-19,
    "(((1,), (6,)), ((1,), (6,)))": -0.002599629045726279,
    "(((1,), (6,)), ((2,), (0,)))": -2.766878141769883e-13,
    "(((1,), (6,)), ((2,), (1,)))": 2.5309364791084584e-18,
    "(((1,), (6,)), ((2,), (2,)))": 2.2754988420108206e-18,
    "(((1,), (6,)), ((2,), (3,)))": -0.003431730667249914,
    "(((1,), (6,)), ((2,), (4,)))": -4.854431351703356e-18,
    "(((1,), (6,)), ((2,), (5,)))": 1.2657699072696023e-18,
    "(((1,), (6,)), ((2,), (6,)))": 1.215851187698176e-13,
    "(((2,), (0,)), ((0,), (0,)))": 0.0011756036457509218,
    "(((2,), (0,)), ((0,), (1,)))": 2.2182856553480532e-18,
    "(((2,), (0,)), ((0,), (2,)))": -3.552560804497024e-18,
    "(((2,), (0,)), ((0,), (3,)))": 1.1016643262519936e-13,
    "(((2,), (0,)), ((0,), (4,)))": 8.452821578993129e-18,
    "(((2,), (0,)), ((0,), (5,)))": 1.9820949654398668e-18,
    "(((2,), (0,)), ((0,), (6,)))": 0.0025658392997453994,
    "(((2,), (0,)), ((1,), (0,)))": -1.2672851269135628e-13,
    "(((2,), (0,)), ((1,), (1,)))": 4.2138887772562776e-18,
    "(((2,), (0,)), ((1,), (2,)))": 3.2741070393301787e-18,
    "(((2,), (0,)), ((1,), (3,)))": 0.0010220997500904948,
    "(((2,), (0,)), ((1,), (4,)))": -5.257551085582995e-19,
    "(((2,), (0,)), ((1,), (5,)))": 2.168000006776935e-18,
    "(((2,), (0,)), ((1,), (6,)))": -2.7669253707360804e-13,
    "(((2,), (0,)), ((2,), (0,)))": -0.14130959173263802,
    "(((2,), (0,)), ((2,), (1,)))": 4.1907427100695626e-17,
    "(((2,), (0,)), ((2,), (2,)))": -1.8301744148613777e-18,
    "(((2,), (0,)), ((2,), (3,)))": 4.872874986000358e-16,
    "(((2,), (0,)), ((2,), (4,)))": -2.317517378967054e-16,
    "(((2,), (0,)), ((2,), (5,)))": -1.1536075284240574e-16,
    "(((2,), (0,)), ((2,), (6,)))": -0.049601592490090315,
    "(((2,), (1,)), ((0,), (0,)))": 1.7687616884541676e-18,
    "(((2,), (1,)), ((0,), (1,)))": -0.0027381581679341085,
    "(((2,), (1,)), ((0,), (2,)))": 9.535212070790626e-10,
    "(((2,), (1,)), ((0,), (3,)))": 2.7421044350102617e-19,
    "(((2,), (1,)), ((0,), (4,)))": -3.0015125742765014e-13,
    "(((2,), (1,)), ((0,), (5,)))": -5.455989004762387e-14,
    "(((2,), (1,)), ((0,), (6,)))": 8.965371391489027e-19,
    "(((2,), (1,)), ((1,), (0,)))": 5.2563161521387745e-18,
    "(((2,), (1,)), ((1,), (1,)))": 2.9534389568241706e-13,
    "(((2,), (1,)), ((1,), (2,)))": 1.4771705447752784e-18,
    "(((2,), (1,)), ((1,), (3,)))": 1.3774518489649177e-18,
    "(((2,), (1,)), ((1,), (4,)))": -0.0027832607542379916,
    "(((2,), (1,)), ((1,), (5,)))": -0.0005059176085856432,
    "(((2,), (1,)), ((1,), (6,)))": 2.5309364791084584e-18,
    "(((2,), (1,)), ((2,), (0,)))": 4.190742710069561e-17,
    "(((2,), (1,)), ((2,), (1,)))": -0.1616035829973625,
    "(((2,), (1,)), ((2,), (2,)))": 8.095176883650226e-18,
    "(((2,), (1,)), ((2,), (3,)))": -4.1313661144104354e-17,
    "(((2,), (1,)), ((2,), (4,)))": -3.944673362717758e-16,
    "(((2,), (1,)), ((2,), (5,)))": -2.023777041043828e-16,
    "(((2,), (1,)), ((2,), (6,)))": 2.4842849140207383e-17,
    "(((2,), (2,)), ((0,), (0,)))": -2.3991953233259577e-18,
    "(((2,), (2,)), ((0,), (1,)))": -9.535212070073681e-10,
    "(((2,), (2,)), ((0,), (2,)))": -0.0027381581679341085,
    "(((2,), (2,)), ((0,), (3,)))": -4.519762981986065e-19,
    "(((2,), (2,)), ((0,), (4,)))": 5.455840859687274e-14,
    "(((2,), (2,)), ((0,), (5,)))": -3.0014982956085295e-13,
    "(((2,), (2,)), ((0,), (6,)))": -1.6598323791958535e-18,
    "(((2,), (2,)), ((1,), (0,)))": 2.7814941628243756e-18,
    "(((2,), (2,)), ((1,), (1,)))": 1.8562623559439046e-18,
    "(((2,), (2,)), ((1,), (2,)))": 2.9534235928200153e-13,
    "(((2,), (2,)), ((1,), (3,)))": -1.602211688328694e-18,
    "(((2,), (2,)), ((1,), (4,)))": 0.0005059176085856418,
    "(((2,), (2,)), ((1,), (5,)))": -0.002783260754237992,
    "(((2,), (2,)), ((1,), (6,)))": 2.2754988420108156e-18,
    "(((2,), (2,)), ((2,), (0,)))": -1.830174414861383e-18,
    "(((2,), (2,)), ((2,), (1,)))": 8.328306437945233e-18,
    "(((2,), (2,)), ((2,), (2,)))": -0.1616035829973625,
    "(((2,), (2,)), ((2,), (3,)))": -2.866015189623444e-17,
    "(((2,), (2,)), ((2,), (4,)))": 3.277825926865495e-17,
    "(((2,), (2,)), ((2,), (5,)))": -2.881184189346277e-16,
    "(((2,), (2,)), ((2,), (6,)))": 2.2668111534103043e-17,
    "(((2,), (3,)), ((0,), (0,)))": 1.3299873875742625e-13,
    "(((2,), (3,)), ((0,), (1,)))": 1.4087203999615897e-18,
    "(((2,), (3,)), ((0,), (2,)))": -5.646946498297857e-19,
    "(((2,), (3,)), ((0,), (3,)))": -0.0032811833551954937,
    "(((2,), (3,)), ((0,), (4,)))": -8.861028480986136e-18,
    "(((2,), (3,)), ((0,), (5,)))": -7.078036085355674e-18,
    "(((2,), (3,)), ((0,), (6,)))": -3.701240099526907e-13,
    "(((2,), (3,)), ((1,), (0,)))": 0.00123365936587953,
    "(((2,), (3,)), ((1,), (1,)))": -2.1652649138426084e-19,
    "(((2,), (3,)), ((1,), (2,)))": -5.290984848712542e-19,
    "(((2,), (3,)), ((1,), (3,)))": 3.5388022691626484e-13,
    "(((2,), (3,)), ((1,), (4,)))": 4.9144853456041595e-18,
    "(((2,), (3,)), ((1,), (5,)))": -1.359171339111254e-18,
    "(((2,), (3,)), ((1,), (6,)))": -0.0034317306672499116,
    "(((2,), (3,)), ((2,), (0,)))": 4.983648679911501e-16,
    "(((2,), (3,)), ((2,), (1,)))": -4.131366114410411e-17,
    "(((2,), (3,)), ((2,), (2,)))": -2.8660151896234296e-17,
    "(((2,), (3,)), ((2,), (3,)))": -0.09417738591262897,
    "(((2,), (3,)), ((2,), (4,)))": -1.1904333297565596e-16,
    "(((2,), (3,)), ((2,), (5,)))": 9.50722125435789e-18,
    "(((2,), (3,)), ((2,), (6,)))": 1.6720788171265013e-16,
    "(((2,), (4,)), ((0,), (0,)))": 8.400435815711936e-18,
    "(((2,), (4,)), ((0,), (1,)))": -2.309544488063604e-13,
    "(((2,), (4,)), ((0,), (2,)))": 4.198032880912494e-14,
    "(((2,), (4,)), ((0,), (3,)))": -2.336193629324922e-18,
    "(((2,), (4,)), ((0,), (4,)))": -0.0027150986944819494,
    "(((2,), (4,)), ((0,), (5,)))": 9.424976106188464e-10,
    "(((2,), (4,)), ((0,), (6,)))": 4.672354500950113e-18,
    "(((2,), (4,)), ((1,), (0,)))": -7.428419936921695e-20,
    "(((2,), (4,)), ((1,), (1,)))": -0.0021416230420621294,
    "(((2,), (4,)), ((1,), (2,)))": 0.0003892843213708911,
    "(((2,), (4,)), ((1,), (3,)))": 6.771983583033848e-20,
    "(((2,), (4,)), ((1,), (4,)))": 2.927870466177295e-13,
    "(((2,), (4,)), ((1,), (5,)))": -3.1575305353643633e-18,
    "(((2,), (4,)), ((1,), (6,)))": -4.854431351703328e-18,
    "(((2,), (4,)), ((2,), (0,)))": -2.3175173789670415e-16,
    "(((2,), (4,)), ((2,), (1,)))": -4.066702579724652e-16,
    "(((2,), (4,)), ((2,), (2,)))": 3.512223723249496e-17,
    "(((2,), (4,)), ((2,), (3,)))": -1.1904333297565596e-16,
    "(((2,), (4,)), ((2,), (4,)))": -0.0010489202163214868,
    "(((2,), (4,)), ((2,), (5,)))": -4.160278731970404e-18,
    "(((2,), (4,)), ((2,), (6,)))": -8.305519484991711e-17,
    "(((2,), (5,)), ((0,), (0,)))": 2.1611958053575716e-18,
    "(((2,), (5,)), ((0,), (1,)))": -4.1981421303214805e-14,
    "(((2,), (5,)), ((0,), (2,)))": -2.309524034890857e-13,
    "(((2,), (5,)), ((0,), (3,)))": -5.841630161888536e-19,
    "(((2,), (5,)), ((0,), (4,)))": -9.424976117562861e-10,
    "(((2,), (5,)), ((0,), (5,)))": -0.002715098694481951,
    "(((2,), (5,)), ((0,), (6,)))": 2.108399572587419e-18,
    "(((2,), (5,)), ((1,), (0,)))": 6.145525138943711e-19,
    "(((2,), (5,)), ((1,), (1,)))": -0.0003892843213708915,
    "(((2,), (5,)), ((1,), (2,)))": -0.0021416230420621307,
    "(((2,), (5,)), ((1,), (3,)))": -5.574191457162028e-19,
    "(((2,), (5,)), ((1,), (4,)))": -3.4658552824529138e-18,
    "(((2,), (5,)), ((1,), (5,)))": 2.927912998915163e-13,
    "(((2,), (5,)), ((1,), (6,)))": 1.2657699072695975e-18,
    "(((2,), (5,)), ((2,), (0,)))": -1.1536075284240523e-16,
    "(((2,), (5,)), ((2,), (1,)))": -2.032553054448207e-16,
    "(((2,), (5,)), ((2,), (2,)))": -3.000848033664887e-16,
    "(((2,), (5,)), ((2,), (3,)))": 9.507221254357875e-18,
    "(((2,), (5,)), ((2,), (4,)))": -4.918457628728077e-18,
    "(((2,), (5,)), ((2,), (5,)))": -0.0010489202163214938,
    "(((2,), (5,)), ((2,), (6,)))": -3.5007633789121093e-17,
    "(((2,), (6,)), ((0,), (0,)))": 0.0021635572948065815,
    "(((2,), (6,)), ((0,), (1,)))": 1.4329593439779937e-18,
    "(((2,), (6,)), ((0,), (2,)))": -1.918252150004162e-18,
    "(((2,), (6,)), ((0,), (3,)))": -1.9221430330809412e-13,
    "(((2,), (6,)), ((0,), (4,)))": 4.184879735203193e-18,
    "(((2,), (6,)), ((0,), (5,)))": 1.5646229016643502e-18,
    "(((2,), (6,)), ((0,), (6,)))": -0.0011274726831268895,
    "(((2,), (6,)), ((1,), (0,)))": -2.332999611783952e-13,
    "(((2,), (6,)), ((1,), (1,)))": 1.4763589974443515e-18,
    "(((2,), (6,)), ((1,), (2,)))": 2.3225323842846216e-18,
    "(((2,), (6,)), ((1,), (3,)))": -0.0017821852096449207,
    "(((2,), (6,)), ((1,), (4,)))": -3.217726694258391e-18,
    "(((2,), (6,)), ((1,), (5,)))": 1.8532798482066964e-18,
    "(((2,), (6,)), ((1,), (6,)))": 1.2158530107133642e-13,
    "(((2,), (6,)), ((2,), (0,)))": -0.04960159249009036,
    "(((2,), (6,)), ((2,), (1,)))": 2.48428491402074e-17,
    "(((2,), (6,)), ((2,), (2,)))": 2.2668111534103055e-17,
    "(((2,), (6,)), ((2,), (3,)))": 1.5346694612483503e-16,
    "(((2,), (6,)), ((2,), (4,)))": -8.305519484991713e-17,
    "(((2,), (6,)), ((2,), (5,)))": -3.500763378912112e-17,
    "(((2,), (6,)), ((2,), (6,)))": -0.023623534000274154
  },
  "RSOPM": [
    [
      0.9991610610267554,
      0.9984301449004016,
      0.02108961889316987,
      0.24808479794447963,
      0.2888952368160956,
      0.2888952368160956,
      0.11871103019086879,
      0.0002599263140679606,
      0.0002599263140679611,
      0.033696203864263766,
      0.9984862649215178,
      0.9985026759184051,
      0.02169115824698419,
      0.24806276008295838,
      0.2888964744709038,
      0.2888964744709038,
      0.11871506033502846,
      0.0002586886592597605,
      0.00025868865925976096,
      0.033714937315045004
    ],
    [
      0.9984301449004016,
      0.9992690838736455,
      0.021197641740060166,
      0.2481284379327078,
      0.2889273777396158,
      0.2889273777396158,
      0.11878945363973065,
      0.0002497592627859403,
      0.0002497592627859409,
      0.033638215529587574,
      0.998502675918405,
      0.9987067327257767,
      0.021672935106891035,
      0.24814059244958617,
      0.2888900581784137,
      0.2888900581784137,
      0.11868581077306783,
      0.0002870788239880494,
      0.00028707882398805,
      0.03374423064240663
    ],
    [
      0.02108961889316987,
      0.021197641740060166,
      0.021928557866413956,
      0.00019824996002361457,
      0.00015828080244024517,
      0.00015828080244024528,
      0.00021249493118849657,
      0.00021765955796561643,
      0.00021765955796561686,
      0.0004072294875740269,
      0.02169115824698419,
      0.021672935106891035,
      0.0005082748754069262,
      0.000214004269937687,
      0.0001943627088341543,
      0.00019436270883415447,
      0.020656283657473073,
      0.00018157765157170733,
      0.0001815776515717077,
      0.00029113672173719415
    ],
    [
      0.24808479794447963,
      0.2481284379327078,
      0.00019824996002361457,
      0.24820574291860553,
      0.0,
      0.0,
      0.0,
      0.0,
      0.0,
      0.0,
      0.2480627600829583,
      0.2481405924495861,
      0.00021400426993768668,
      0.22082399409304942,
      2.006091570610872e-32,
      4.586714531759923e-34,
      4.049824797230189e-05,
      5.952638717585133e-31,
      1.4725142003064794e-31,
      0.027335379612312742
    ],
    [
      0.2888952368160956,
      0.2889273777396158,
      0.00015828080244024517,
      0.0,
      0.28899044767907583,
      0.0,
      0.0,
      0.0,
      0.0,
      0.0,
      0.2888964744709038,
      0.2888900581784137,
      0.00019436270883415433,
      2.0060915706108703e-32,
      0.2888297305996515,
      2.0099100114541252e-17,
      1.8914430314441475e-32,
      0.00015557669637771506,
      5.1403830465621305e-06,
      6.960752353539611e-33
    ],
    [
      0.2888952368160956,
      0.2889273777396158,
      0.00015828080244024528,
      0.0,
      0.0,
      0.28899044767907583,
      0.0,
      0.0,
      0.0,
      0.0,
      0.2888964744709038,
      0.2888900581784137,
      0.00019436270883415436,
      4.586714531759919e-34,
      2.0099100112853065e-17,
      0.2888297305996515,
      9.127662236956824e-33,
      5.140383046562106e-06,
      0.00015557669637771517,
      5.875530530901758e-33
    ],
    [
      0.11871103019086879,
      0.11878945363973065,
      0.00021249493118849657,
      0.0,
      0.0,
      0.0,
      0.11885648938089396,
      0.0,
      0.0,
      0.0,
      0.11871506033502847,
      0.11868581077306785,
      0.020656283657473073,
      4.049824797230198e-05,
      1.891443031444125e-32,
      9.127662236956732e-33,
      0.09828592315112669,
      1.578374577637714e-31,
      1.584200520578672e-33,
      0.00018589197801351312
    ],
    [
      0.0002599263140679606,
      0.0002497592627859403,
      0.00021765955796561643,
      0.0,
      0.0,
      0.0,
      0.0,
      0.0003636725674097587,
      0.0,
      0.0,
      0.0002586886592597606,
      0.0002870788239880494,
      0.0001815776515717074,
      5.95263871758507e-31,
      0.00015557669637771508,
      5.140383046562113e-06,
      1.578374577637714e-31,
      0.00020295548798546188,
      1.963705771739257e-17,
      7.715547066990057e-32
    ],
    [
      0.0002599263140679611,
      0.0002497592627859409,
      0.00021765955796561686,
      0.0,
      0.0,
      0.0,
      0.0,
      0.0,
      0.0003636725674097594,
      0.0,
      0.0002586886592597612,
      0.00028707882398805006,
      0.00018157765157170768,
      1.4725142003064665e-31,
      5.14038304656213e-06,
      0.00015557669637771527,
      1.5842005205786683e-33,
      1.9637057718383856e-17,
      0.00020295548798546242,
      1.3683901938760708e-32
    ],
    [
      0.033696203864263766,
      0.033638215529587574,
      0.0004072294875740269,
      0.0,
      0.0,
      0.0,
      0.0,
      0.0,
      0.0,
      0.03387082444071268,
      0.033714937315045046,
      0.03374423064240668,
      0.00029113672173719426,
      0.02733537961231279,
      6.96075235353962e-33,
      5.875530530901766e-33,
      0.00018589197801351334,
      7.715547066990063e-32,
      1.368390193876073e-32,
      0.0063408970526228235
    ],
    [
      0.9984862649215178,
      0.998502675918405,
      0.02169115824698419,
      0.2480627600829583,
      0.2888964744709038,
      0.2888964744709038,
      0.11871506033502847,
      0.0002586886592597606,
      0.0002586886592597612,
      0.033714937315045046,
      0.9991610610267552,
      0.9984301449004015,
      0.02108961889316987,
      0.24808479794447968,
      0.2888952368160956,
      0.2888952368160956,
      0.11871103019086879,
      0.00025992631406796055,
      0.0002599263140679611,
      0.033696203864263724
    ],
    [
      0.9985026759184051,
      0.9987067327257767,
      0.021672935106891035,
      0.2481405924495861,
      0.2888900581784137,
      0.2888900581784137,
      0.11868581077306785,
      0.0002870788239880494,
      0.00028707882398805006,
      0.03374423064240668,
      0.9984301449004015,
      0.9992690838736457,
      0.021197641740060166,
      0.24812843793270786,
      0.2889273777396158,
      0.2889273777396158,
      0.11878945363973065,
      0.00024975926278594026,
      0.00024975926278594085,
      0.033638215529587526
    ],
    [
      0.02169115824698419,
      0.021672935106891035,
      0.0005082748754069262,
      0.00021400426993768668,
      0.00019436270883415433,
      0.00019436270883415436,
      0.020656283657473073,
      0.0001815776515717074,
      0.00018157765157170768,
      0.00029113672173719426,
      0.02108961889316987,
      0.021197641740060166,
      0.021928557866413956,
      0.00019824996002361454,
      0.00015828080244024523,
      0.00015828080244024534,
      0.0002124949311884967,
      0.0002176595579656165,
      0.00021765955796561673,
      0.0004072294875740266
    ],
    [
      0.24806276008295838,
      0.24814059244958617,
      0.000214004269937687,
      0.22082399409304942,
      2.0060915706108703e-32,
      4.586714531759919e-34,
      4.049824797230198e-05,
      5.95263871758507e-31,
      1.4725142003064665e-31,
      0.02733537961231279,
      0.24808479794447968,
      0.24812843793270786,
      0.00019824996002361454,
      0.2482057429186056,
      0.0,
      0.0,
      0.0,
      0.0,
      0.0,
      0.0
    ],
    [
      0.2888964744709038,
      0.2888900581784137,
      0.0001943627088341543,
      2.006091570610872e-32,
      0.2888297305996515,
      2.0099100112853065e-17,
      1.891443031444125e-32,
      0.00015557669637771508,
      5.14038304656213e-06,
      6.96075235353962e-33,
      0.2888952368160956,
      0.2889273777396158,
      0.00015828080244024523,
      0.0,
      0.2889904476790758,
      0.0,
      0.0,
      0.0,
      0.0,
      0.0
    ],
    [
      0.2888964744709038,
      0.2888900581784137,
      0.00019436270883415447,
      4.586714531759923e-34,
      2.0099100114541252e-17,
      0.2888297305996515,
      9.127662236956732e-33,
      5.140383046562113e-06,
      0.00015557669637771527,
      5.875530530901766e-33,
      0.2888952368160956,
      0.2889273777396158,
      0.00015828080244024534,
      0.0,
      0.0,
      0.28899044767907583,
      0.0,
      0.0,
      0.0,
      0.0
    ],
    [
      0.11871506033502846,
      0.11868581077306783,
      0.020656283657473073,
      4.049824797230189e-05,
      1.8914430314441475e-32,
      9.127662236956824e-33,
      0.09828592315112669,
      1.578374577637714e-31,
      1.5842005205786683e-33,
      0.00018589197801351334,
      0.11871103019086879,
      0.11878945363973065,
      0.0002124949311884967,
      0.0,
      0.0,
      0.0,
      0.11885648938089396,
      0.0,
      0.0,
      0.0
    ],
    [
      0.0002586886592597605,
      0.0002870788239880494,
      0.00018157765157170733,
      5.952638717585133e-31,
      0.00015557669637771506,
      5.140383046562106e-06,
      1.578374577637714e-31,
      0.00020295548798546188,
      1.9637057718383856e-17,
      7.715547066990063e-32,
      0.00025992631406796055,
      0.00024975926278594026,
      0.0002176595579656165,
      0.0,
      0.0,
      0.0,
      0.0,
      0.00036367256740975866,
      0.0,
      0.0
    ],
    [
      0.00025868865925976096,
      0.00028707882398805,
      0.0001815776515717077,
      1.4725142003064794e-31,
      5.1403830465621305e-06,
      0.00015557669637771517,
      1.584200520578672e-33,
      1.963705771739257e-17,
      0.00020295548798546242,
      1.368390193876073e-32,
      0.0002599263140679611,
      0.00024975926278594085,
      0.00021765955796561673,
      0.0,
      0.0,
      0.0,
      0.0,
      0.0,
      0.0003636725674097593,
      0.0
    ],
    [
      0.033714937315045004,
      0.03374423064240663,
      0.00029113672173719415,
      0.027335379612312742,
      6.960752353539611e-33,
      5.875530530901758e-33,
      0.00018589197801351312,
      7.715547066990057e-32,
      1.3683901938760708e-32,
      0.0063408970526228235,
      0.033696203864263724,
      0.033638215529587526,
      0.0004072294875740266,
      0.0,
      0.0,
      0.0,
      0.0,
      0.0,
      0.0,
      0.033870824440712634
    ]
  ],
  "RNCS": [
    2.7061834856814757,
    2.8991114660868105,
    0.015395226264235257,
    0.055081977617264744,
    0.060287505191971937,
    0.060287505191971937,
    0.03669551463996655,
    0.00197581326043131,
    0.0019758132604313122,
    0.019185700994979415,
    2.706183485680939,
    2.8991114660870108,
    0.015395226264235257,
    0.05508197761726477,
    0.060287505191971937,
    0.060287505191971937,
    0.03669551463996655,
    0.00197581326043131,
    0.0019758132604313122,
    0.019185700994979404
  ]
}