{
  "E": -14.66726292269916,
  "sol": {
    "(((), ()), ((), ()))": 0.9536877988893222,
    "(((0,), (0,)), ((), ()))": 3.113518277545529e-14,
    "(((), ()), ((0,), (0,)))": 3.113518277545529e-14,
    "(((0,), (1,)), ((), ()))": -1.4203282364825934e-17,
    "(((), ()), ((0,), (1,)))": -1.4203282364825934e-17,
    "(((0,), (2,)), ((), ()))": -5.561241509239585e-18,
    "(((), ()), ((0,), (2,)))": -5.561241509239585e-18,
    "(((0,), (3,)), ((), ()))": 0.00025623863999528777,
    "(((), ()), ((0,), (3,)))": 0.00025623863999528777,
    "(((0,), (4,)), ((), ()))": -1.2717517982658798e-17,
    "(((), ()), ((0,), (4,)))": -1.2717517982658798e-17,
    "(((0,), (5,)), ((), ()))": -2.1347075361262248e-17,
    "(((), ()), ((0,), (5,)))": -2.1347075361262248e-17,
    "(((0,), (6,)), ((), ()))": -3.784331688828965e-14,
    "(((), ()), ((0,), (6,)))": -3.784331688828965e-14,
    "(((1,), (0,)), ((), ()))": 0.0007288037300010345,
    "(((), ()), ((1,), (0,)))": 0.0007288037300010345,
    "(((1,), (1,)), ((), ()))": -2.1694249429394326e-17,
    "(((), ()), ((1,), (1,)))": -2.1694249429394326e-17,
    "(((1,), (2,)), ((), ()))": -1.5390221412611837e-18,
    "(((), ()), ((1,), (2,)))": -1.5390221412611837e-18,
    "(((1,), (3,)), ((), ()))": -1.0915990231008172e-14,
    "(((), ()), ((1,), (3,)))": -1.0915990231008172e-14,
    "(((1,), (4,)), ((), ()))": -1.521610207697645e-17,
    "(((), ()), ((1,), (4,)))": -1.521610207697645e-17,
    "(((1,), (5,)), ((), ()))": -3.1912473068424796e-17,
    "(((), ()), ((1,), (5,)))": -3.1912473068424796e-17,
    "(((1,), (6,)), ((), ()))": -0.0008849315253173092,
    "(((), ()), ((1,), (6,)))": -0.0008849315253173092,
    "(((2,), (0,)), ((), ()))": 3.3415036216621975e-15,
    "(((), ()), ((2,), (0,)))": 3.3415036216621975e-15,
    "(((2,), (1,)), ((), ()))": 6.271723935025166e-16,
    "(((), ()), ((2,), (1,)))": 6.271723935025166e-16,
    "(((2,), (2,)), ((), ()))": -9.053693484506546e-17,
    "(((), ()), ((2,), (2,)))": -9.053693484506546e-17,
    "(((2,), (3,)), ((), ()))": -0.042901188736322,
    "(((), ()), ((2,), (3,)))": -0.042901188736322,
    "(((2,), (4,)), ((), ()))": 1.7907843552827558e-17,
    "(((), ()), ((2,), (4,)))": 1.7907843552827558e-17,
    "(((2,), (5,)), ((), ()))": -4.125083521437178e-17,
    "(((), ()), ((2,), (5,)))": -4.125083521437178e-17,
    "(((2,), (6,)), ((), ()))": -7.04679474697793e-16,
    "(((), ()), ((2,), (6,)))": -7.04679474697793e-16,
    "(((0,), (0,)), ((0,), (0,)))": -0.0018875623107873555,
    "(((0,), (0,)), ((0,), (1,)))": 1.1167857094946277e-18,
    "(((0,), (0,)), ((0,), (2,)))": 1.1024557150018995e-18,
    "(((0,), (0,)), ((0,), (3,)))": 6.316973467160306e-14,
    "(((0,), (0,)), ((0,), (4,)))": 4.7382248720423684e-20,
    "(((0,), (0,)), ((0,), (5,)))": -3.652267696979394e-19,
    "(((0,), (0,)), ((0,), (6,)))": 0.0009017616218629827,
    "(((0,), (0,)), ((1,), (0,)))": -1.0600837050604226e-15,
    "(((0,), (0,)), ((1,), (1,)))": -6.45389776368784e-18,
    "(((0,), (0,)), ((1,), (2,)))": 2.9485864578470314e-18,
    "(((0,), (0,)), ((1,), (3,)))": 0.0007092585807053326,
    "(((0,), (0,)), ((1,), (4,)))": 1.8738370314170943e-18,
    "(((0,), (0,)), ((1,), (5,)))": 2.0837737034699113e-18,
    "(((0,), (0,)), ((1,), (6,)))": -3.03733544309399e-15,
    "(((0,), (0,)), ((2,), (0,)))": 0.0011756048599374626,
    "(((0,), (0,)), ((2,), (1,)))": -5.325716133410272e-18,
    "(((0,), (0,)), ((2,), (2,)))": -1.9128110269828343e-18,
    "(((0,), (0,)), ((2,), (3,)))": 5.267365209680566e-14,
    "(((0,), (0,)), ((2,), (4,)))": -1.9238217956014912e-18,
    "(((0,), (0,)), ((2,), (5,)))": -1.396016262399848e-18,
    "(((0,), (0,)), ((2,), (6,)))": -0.002163558267216791,
    "(((0,), (1,)), ((0,), (0,)))": 1.1167857094946175e-18,
    "(((0,), (1,)), ((0,), (1,)))": -0.00040064292405618215,
    "(((0,), (1,)), ((0,), (2,)))": 1.1552349325696221e-19,
    "(((0,), (1,)), ((0,), (3,)))": 4.435944580721445e-18,
    "(((0,), (1,)), ((0,), (4,)))": 5.796304827639324e-14,
    "(((0,), (1,)), ((0,), (5,)))": 5.649331001152805e-14,
    "(((0,), (1,)), ((0,), (6,)))": -7.427954920582246e-19,
    "(((0,), (1,)), ((1,), (0,)))": -7.440214718954777e-18,
    "(((0,), (1,)), ((1,), (1,)))": 2.058423879143988e-15,
    "(((0,), (1,)), ((1,), (2,)))": 2.571026978520425e-18,
    "(((0,), (1,)), ((1,), (3,)))": -2.7941490067635366e-18,
    "(((0,), (1,)), ((1,), (4,)))": 0.0007001604882954207,
    "(((0,), (1,)), ((1,), (5,)))": 0.00068239896392798,
    "(((0,), (1,)), ((1,), (6,)))": -1.0108289274360649e-17,
    "(((0,), (1,)), ((2,), (0,)))": -5.9738138069079346e-18,
    "(((0,), (1,)), ((2,), (1,)))": -0.0027381577926106743,
    "(((0,), (1,)), ((2,), (2,)))": 7.549448657303678e-11,
    "(((0,), (1,)), ((2,), (3,)))": 7.014494250479419e-18,
    "(((0,), (1,)), ((2,), (4,)))": 6.653256882658923e-14,
    "(((0,), (1,)), ((2,), (5,)))": 6.484329489214658e-14,
    "(((0,), (1,)), ((2,), (6,)))": 3.2404869431438833e-18,
    "(((0,), (2,)), ((0,), (0,)))": 1.1024557150019037e-18,
    "(((0,), (2,)), ((0,), (1,)))": 3.681280908721875e-19,
    "(((0,), (2,)), ((0,), (2,)))": -0.0004006429240561817,
    "(((0,), (2,)), ((0,), (3,)))": -1.803788737164067e-18,
    "(((0,), (2,)), ((0,), (4,)))": 5.6492508299592204e-14,
    "(((0,), (2,)), ((0,), (5,)))": -5.796374492780027e-14,
    "(((0,), (2,)), ((0,), (6,)))": -5.599010533876207e-19,
    "(((0,), (2,)), ((1,), (0,)))": 3.408049936469068e-18,
    "(((0,), (2,)), ((1,), (1,)))": 2.536103885359747e-18,
    "(((0,), (2,)), ((1,), (2,)))": 2.059139369333624e-15,
    "(((0,), (2,)), ((1,), (3,)))": 4.010031477576944e-19,
    "(((0,), (2,)), ((1,), (4,)))": 0.0006823989639279791,
    "(((0,), (2,)), ((1,), (5,)))": -0.0007001604882954197,
    "(((0,), (2,)), ((1,), (6,)))": 3.865370968172571e-18,
    "(((0,), (2,)), ((2,), (0,)))": -1.3780969602310808e-18,
    "(((0,), (2,)), ((2,), (1,)))": -7.54944871452326e-11,
    "(((0,), (2,)), ((2,), (2,)))": -0.002738157792610673,
    "(((0,), (2,)), ((2,), (3,)))": -2.4535525906839994e-18,
    "(((0,), (2,)), ((2,), (4,)))": 6.484468268249406e-14,
    "(((0,), (2,)), ((2,), (5,)))": -6.65314310523533e-14,
    "(((0,), (2,)), ((2,), (6,)))": 1.3759193435276492e-18,
    "(((0,), (3,)), ((0,), (0,)))": 6.317001658032292e-14,
    "(((0,), (3,)), ((0,), (1,)))": 4.4359445807214465e-18,
    "(((0,), (3,)), ((0,), (2,)))": -1.803788737164068e-18,
    "(((0,), (3,)), ((0,), (3,)))": -0.0008351498391618538,
    "(((0,), (3,)), ((0,), (4,)))": 2.637837946738008e-19,
    "(((0,), (3,)), ((0,), (5,)))": 3.9282746397704155e-19,
    "(((0,), (3,)), ((0,), (6,)))": 8.230574000538982e-14,
    "(((0,), (3,)), ((1,), (0,)))": 0.0007709121425765532,
    "(((0,), (3,)), ((1,), (1,)))": -2.6653989664531663e-18,
    "(((0,), (3,)), ((1,), (2,)))": 2.856138872772236e-19,
    "(((0,), (3,)), ((1,), (3,)))": 5.1073862623999415e-15,
    "(((0,), (3,)), ((1,), (4,)))": 4.119853101345585e-18,
    "(((0,), (3,)), ((1,), (5,)))": 9.613106467750219e-18,
    "(((0,), (3,)), ((1,), (6,)))": 0.0010180260903676975,
    "(((0,), (3,)), ((2,), (0,)))": 4.364354553686249e-14,
    "(((0,), (3,)), ((2,), (1,)))": 5.479700817689943e-18,
    "(((0,), (3,)), ((2,), (2,)))": -2.245240279740605e-18,
    "(((0,), (3,)), ((2,), (3,)))": -0.0032811840277514447,
    "(((0,), (3,)), ((2,), (4,)))": -7.992572835631252e-19,
    "(((0,), (3,)), ((2,), (5,)))": -2.1806739782936404e-18,
    "(((0,), (3,)), ((2,), (6,)))": 7.605383505717095e-14,
    "(((0,), (4,)), ((0,), (0,)))": 4.7382248720424575e-20,
    "(((0,), (4,)), ((0,), (1,)))": 5.796292182217114e-14,
    "(((0,), (4,)), ((0,), (2,)))": 5.6492152631753385e-14,
    "(((0,), (4,)), ((0,), (3,)))": 2.637837946738007e-19,
    "(((0,), (4,)), ((0,), (4,)))": -0.0010818736575744937,
    "(((0,), (4,)), ((0,), (5,)))": -1.372727143319763e-19,
    "(((0,), (4,)), ((0,), (6,)))": -2.6019755513805277e-19,
    "(((0,), (4,)), ((1,), (0,)))": 1.70704899272063e-18,
    "(((0,), (4,)), ((1,), (1,)))": 0.000657875207207736,
    "(((0,), (4,)), ((1,), (2,)))": 0.0006411863686219021,
    "(((0,), (4,)), ((1,), (3,)))": 3.8672320436682046e-18,
    "(((0,), (4,)), ((1,), (4,)))": -3.367019742849135e-15,
    "(((0,), (4,)), ((1,), (5,)))": 4.444462627795224e-19,
    "(((0,), (4,)), ((1,), (6,)))": 9.283004295541638e-19,
    "(((0,), (4,)), ((2,), (0,)))": -2.029598143021058e-18,
    "(((0,), (4,)), ((2,), (1,)))": 8.646637493585605e-14,
    "(((0,), (4,)), ((2,), (2,)))": 8.427297588859433e-14,
    "(((0,), (4,)), ((2,), (3,)))": 2.1827227842286015e-19,
    "(((0,), (4,)), ((2,), (4,)))": -0.002715096702118531,
    "(((0,), (4,)), ((2,), (5,)))": -7.447602759769015e-11,
    "(((0,), (4,)), ((2,), (6,)))": 1.0887547836707325e-18,
    "(((0,), (5,)), ((0,), (0,)))": -3.6522676969794123e-19,
    "(((0,), (5,)), ((0,), (1,)))": 5.6493653167100076e-14,
    "(((0,), (5,)), ((0,), (2,)))": -5.796391317847052e-14,
    "(((0,), (5,)), ((0,), (3,)))": 3.9282746397704155e-19,
    "(((0,), (5,)), ((0,), (4,)))": -3.303466603946781e-19,
    "(((0,), (5,)), ((0,), (5,)))": -0.0010818736575744928,
    "(((0,), (5,)), ((0,), (6,)))": 6.771834597541252e-20,
    "(((0,), (5,)), ((1,), (0,)))": 1.7548691685883796e-18,
    "(((0,), (5,)), ((1,), (1,)))": 0.0006411863686219016,
    "(((0,), (5,)), ((1,), (2,)))": -0.0006578752072077346,
    "(((0,), (5,)), ((1,), (3,)))": 9.029067903981385e-18,
    "(((0,), (5,)), ((1,), (4,)))": 3.8780597798593224e-19,
    "(((0,), (5,)), ((1,), (5,)))": -3.3607309993726326e-15,
    "(((0,), (5,)), ((1,), (6,)))": 2.6975324283800218e-18,
    "(((0,), (5,)), ((2,), (0,)))": -2.4583309004085052e-18,
    "(((0,), (5,)), ((2,), (1,)))": 8.427177613473155e-14,
    "(((0,), (5,)), ((2,), (2,)))": -8.646551203144903e-14,
    "(((0,), (5,)), ((2,), (3,)))": -1.2794970977752115e-19,
    "(((0,), (5,)), ((2,), (4,)))": 7.447602683396971e-11,
    "(((0,), (5,)), ((2,), (5,)))": -0.0027150967021185284,
    "(((0,), (5,)), ((2,), (6,)))": 8.265213361214226e-19,
    "(((0,), (6,)), ((0,), (0,)))": 0.0009017616218629886,
    "(((0,), (6,)), ((0,), (1,)))": -7.4279549205822025e-19,
    "(((0,), (6,)), ((0,), (2,)))": -5.599010533876216e-19,
    "(((0,), (6,)), ((0,), (3,)))": 8.230721058091705e-14,
    "(((0,), (6,)), ((0,), (4,)))": -2.601975551380514e-19,
    "(((0,), (6,)), ((0,), (5,)))": 6.771834597541088e-20,
    "(((0,), (6,)), ((0,), (6,)))": -0.0025103177338124836,
    "(((0,), (6,)), ((1,), (0,)))": -3.034025260938579e-15,
    "(((0,), (6,)), ((1,), (1,)))": -9.263681817909204e-18,
    "(((0,), (6,)), ((1,), (2,)))": 3.54780735220024e-18,
    "(((0,), (6,)), ((1,), (3,)))": 0.0009103177896613777,
    "(((0,), (6,)), ((1,), (4,)))": 6.868026372824892e-19,
    "(((0,), (6,)), ((1,), (5,)))": 2.109432675900783e-18,
    "(((0,), (6,)), ((1,), (6,)))": -3.810421615825971e-15,
    "(((0,), (6,)), ((2,), (0,)))": -0.002565840052928589,
    "(((0,), (6,)), ((2,), (1,)))": 3.610282118443529e-18,
    "(((0,), (6,)), ((2,), (2,)))": 1.7162534568664859e-18,
    "(((0,), (6,)), ((2,), (3,)))": 1.4646152844298389e-13,
    "(((0,), (6,)), ((2,), (4,)))": 1.493828978760931e-18,
    "(((0,), (6,)), ((2,), (5,)))": 5.941466841880555e-19,
    "(((0,), (6,)), ((2,), (6,)))": -0.0011274717471093378,
    "(((1,), (0,)), ((0,), (0,)))": -1.0594282165492692e-15,
    "(((1,), (0,)), ((0,), (1,)))": -7.440214718954761e-18,
    "(((1,), (0,)), ((0,), (2,)))": 3.408049936469061e-18,
    "(((1,), (0,)), ((0,), (3,)))": 0.0007709121425765525,
    "(((1,), (0,)), ((0,), (4,)))": 1.7070489927206271e-18,
    "(((1,), (0,)), ((0,), (5,)))": 1.7548691685883788e-18,
    "(((1,), (0,)), ((0,), (6,)))": -3.0367285244429512e-15,
    "(((1,), (0,)), ((1,), (0,)))": -0.0019121461674928763,
    "(((1,), (0,)), ((1,), (1,)))": 1.3123425545421463e-18,
    "(((1,), (0,)), ((1,), (2,)))": 1.078833160764178e-18,
    "(((1,), (0,)), ((1,), (3,)))": -6.318416285566629e-14,
    "(((1,), (0,)), ((1,), (4,)))": 7.439760138999209e-20,
    "(((1,), (0,)), ((1,), (5,)))": -1.9037086589480385e-19,
    "(((1,), (0,)), ((1,), (6,)))": 0.00083081851092402,
    "(((1,), (0,)), ((2,), (0,)))": -5.0189697695064305e-14,
    "(((1,), (0,)), ((2,), (1,)))": -1.2312007053367906e-17,
    "(((1,), (0,)), ((2,), (2,)))": 6.2415231499517505e-18,
    "(((1,), (0,)), ((2,), (3,)))": 0.0012336596301993,
    "(((1,), (0,)), ((2,), (4,)))": 3.770139366398846e-18,
    "(((1,), (0,)), ((2,), (5,)))": 2.730357037437538e-18,
    "(((1,), (0,)), ((2,), (6,)))": 9.233863071687186e-14,
    "(((1,), (1,)), ((0,), (0,)))": -6.453897763687862e-18,
    "(((1,), (1,)), ((0,), (1,)))": 2.0583820886670268e-15,
    "(((1,), (1,)), ((0,), (2,)))": 2.574214793142133e-18,
    "(((1,), (1,)), ((0,), (3,)))": -2.665398966453169e-18,
    "(((1,), (1,)), ((0,), (4,)))": 0.0006578752072077357,
    "(((1,), (1,)), ((0,), (5,)))": 0.0006411863686219021,
    "(((1,), (1,)), ((0,), (6,)))": -9.263681817909198e-18,
    "(((1,), (1,)), ((1,), (0,)))": 1.3123425545421538e-18,
    "(((1,), (1,)), ((1,), (1,)))": -0.0003522121088560234,
    "(((1,), (1,)), ((1,), (2,)))": 4.4934105543265685e-19,
    "(((1,), (1,)), ((1,), (3,)))": 3.721745819089727e-18,
    "(((1,), (1,)), ((1,), (4,)))": -5.796248745204e-14,
    "(((1,), (1,)), ((1,), (5,)))": -5.6490824617684334e-14,
    "(((1,), (1,)), ((1,), (6,)))": -8.0517825639650165e-19,
    "(((1,), (1,)), ((2,), (0,)))": -1.1778361869555735e-17,
    "(((1,), (1,)), ((2,), (1,)))": 1.1683956886278397e-13,
    "(((1,), (1,)), ((2,), (2,)))": 6.802902308603447e-18,
    "(((1,), (1,)), ((2,), (3,)))": -4.250911358564062e-18,
    "(((1,), (1,)), ((2,), (4,)))": 0.0015588142689394353,
    "(((1,), (1,)), ((2,), (5,)))": 0.0015192702274486945,
    "(((1,), (1,)), ((2,), (6,)))": -1.6394311500303042e-17,
    "(((1,), (2,)), ((0,), (0,)))": 2.9485864578470368e-18,
    "(((1,), (2,)), ((0,), (1,)))": 2.5603131026979055e-18,
    "(((1,), (2,)), ((0,), (2,)))": 2.059076185033316e-15,
    "(((1,), (2,)), ((0,), (3,)))": 2.8561388727722197e-19,
    "(((1,), (2,)), ((0,), (4,)))": 0.0006411863686219016,
    "(((1,), (2,)), ((0,), (5,)))": -0.0006578752072077348,
    "(((1,), (2,)), ((0,), (6,)))": 3.547807352200242e-18,
    "(((1,), (2,)), ((1,), (0,)))": 1.078833160764181e-18,
    "(((1,), (2,)), ((1,), (1,)))": 6.063602542850304e-20,
    "(((1,), (2,)), ((1,), (2,)))": -0.00035221210885602323,
    "(((1,), (2,)), ((1,), (3,)))": -1.5037630936971582e-18,
    "(((1,), (2,)), ((1,), (4,)))": -5.6492271027599046e-14,
    "(((1,), (2,)), ((1,), (5,)))": 5.796153836411305e-14,
    "(((1,), (2,)), ((1,), (6,)))": -4.596867131202007e-19,
    "(((1,), (2,)), ((2,), (0,)))": 5.4398922541666964e-18,
    "(((1,), (2,)), ((2,), (1,)))": 6.9009146122703064e-18,
    "(((1,), (2,)), ((2,), (2,)))": 1.1684083193827098e-13,
    "(((1,), (2,)), ((2,), (3,)))": 8.03410743130788e-19,
    "(((1,), (2,)), ((2,), (4,)))": 0.0015192702274486945,
    "(((1,), (2,)), ((2,), (5,)))": -0.0015588142689394327,
    "(((1,), (2,)), ((2,), (6,)))": 6.19089220506323e-18,
    "(((1,), (3,)), ((0,), (0,)))": 0.0007092585807053336,
    "(((1,), (3,)), ((0,), (1,)))": -2.7941490067635355e-18,
    "(((1,), (3,)), ((0,), (2,)))": 4.0100314775769605e-19,
    "(((1,), (3,)), ((0,), (3,)))": 5.107340495628731e-15,
    "(((1,), (3,)), ((0,), (4,)))": 3.867232043668202e-18,
    "(((1,), (3,)), ((0,), (5,)))": 9.029067903981383e-18,
    "(((1,), (3,)), ((0,), (6,)))": 0.000910317789661378,
    "(((1,), (3,)), ((1,), (0,)))": -6.318213000095778e-14,
    "(((1,), (3,)), ((1,), (1,)))": 3.721745819089715e-18,
    "(((1,), (3,)), ((1,), (2,)))": -1.5037630936971503e-18,
    "(((1,), (3,)), ((1,), (3,)))": -0.0007157219551155036,
    "(((1,), (3,)), ((1,), (4,)))": 4.88547478808916e-19,
    "(((1,), (3,)), ((1,), (5,)))": 9.1782157436672e-19,
    "(((1,), (3,)), ((1,), (6,)))": -8.230338247512268e-14,
    "(((1,), (3,)), ((2,), (0,)))": 0.0010221004517775877,
    "(((1,), (3,)), ((2,), (1,)))": -7.191116313707876e-18,
    "(((1,), (3,)), ((2,), (2,)))": 1.789724004839208e-18,
    "(((1,), (3,)), ((2,), (3,)))": 1.4005796842115517e-13,
    "(((1,), (3,)), ((2,), (4,)))": 8.995704329172668e-18,
    "(((1,), (3,)), ((2,), (5,)))": 2.098684660902994e-17,
    "(((1,), (3,)), ((2,), (6,)))": 0.0017821862059651313,
    "(((1,), (4,)), ((0,), (0,)))": 1.8738370314170974e-18,
    "(((1,), (4,)), ((0,), (1,)))": 0.0007001604882954209,
    "(((1,), (4,)), ((0,), (2,)))": 0.0006823989639279797,
    "(((1,), (4,)), ((0,), (3,)))": 4.1198531013455866e-18,
    "(((1,), (4,)), ((0,), (4,)))": -3.366724547886984e-15,
    "(((1,), (4,)), ((0,), (5,)))": 4.398814417160047e-19,
    "(((1,), (4,)), ((0,), (6,)))": 6.868026372824895e-19,
    "(((1,), (4,)), ((1,), (0,)))": 7.439760138999052e-20,
    "(((1,), (4,)), ((1,), (1,)))": -5.796257051260963e-14,
    "(((1,), (4,)), ((1,), (2,)))": -5.649253564908765e-14,
    "(((1,), (4,)), ((1,), (3,)))": 4.885474788089163e-19,
    "(((1,), (4,)), ((1,), (4,)))": -0.0011608529007500804,
    "(((1,), (4,)), ((1,), (5,)))": -1.8071176401162057e-19,
    "(((1,), (4,)), ((1,), (6,)))": -2.6247399678874166e-19,
    "(((1,), (4,)), ((2,), (0,)))": 3.488617466080756e-18,
    "(((1,), (4,)), ((2,), (1,)))": 0.0020258425716556923,
    "(((1,), (4,)), ((2,), (2,)))": 0.001974451198350817,
    "(((1,), (4,)), ((2,), (3,)))": 1.2847715609411249e-17,
    "(((1,), (4,)), ((2,), (4,)))": 1.1589471886295516e-13,
    "(((1,), (4,)), ((2,), (5,)))": 1.0081888764703335e-18,
    "(((1,), (4,)), ((2,), (6,)))": 1.5598929452098115e-18,
    "(((1,), (5,)), ((0,), (0,)))": 2.0837737034699125e-18,
    "(((1,), (5,)), ((0,), (1,)))": 0.0006823989639279796,
    "(((1,), (5,)), ((0,), (2,)))": -0.0007001604882954197,
    "(((1,), (5,)), ((0,), (3,)))": 9.613106467750216e-18,
    "(((1,), (5,)), ((0,), (4,)))": 4.2190593382470704e-19,
    "(((1,), (5,)), ((0,), (5,)))": -3.360550892199024e-15,
    "(((1,), (5,)), ((0,), (6,)))": 2.109432675900784e-18,
    "(((1,), (5,)), ((1,), (0,)))": -1.9037086589480433e-19,
    "(((1,), (5,)), ((1,), (1,)))": -5.649107433092005e-14,
    "(((1,), (5,)), ((1,), (2,)))": 5.796129237704148e-14,
    "(((1,), (5,)), ((1,), (3,)))": 9.178215743667175e-19,
    "(((1,), (5,)), ((1,), (4,)))": -2.822204420571142e-19,
    "(((1,), (5,)), ((1,), (5,)))": -0.0011608529007500795,
    "(((1,), (5,)), ((1,), (6,)))": -2.0791316055742162e-20,
    "(((1,), (5,)), ((2,), (0,)))": 1.0058464117008043e-18,
    "(((1,), (5,)), ((2,), (1,)))": 0.001974451198350818,
    "(((1,), (5,)), ((2,), (2,)))": -0.0020258425716556915,
    "(((1,), (5,)), ((2,), (3,)))": 2.940324688668953e-17,
    "(((1,), (5,)), ((2,), (4,)))": 1.226611716980913e-18,
    "(((1,), (5,)), ((2,), (5,)))": 1.1591124211737306e-13,
    "(((1,), (5,)), ((2,), (6,)))": 5.71084270773313e-18,
    "(((1,), (6,)), ((0,), (0,)))": -3.034829999938003e-15,
    "(((1,), (6,)), ((0,), (1,)))": -1.0108289274360653e-17,
    "(((1,), (6,)), ((0,), (2,)))": 3.8653709681725745e-18,
    "(((1,), (6,)), ((0,), (3,)))": 0.0010180260903676973,
    "(((1,), (6,)), ((0,), (4,)))": 9.283004295541629e-19,
    "(((1,), (6,)), ((0,), (5,)))": 2.697532428380021e-18,
    "(((1,), (6,)), ((0,), (6,)))": -3.809924147473601e-15,
    "(((1,), (6,)), ((1,), (0,)))": 0.0008308185109240188,
    "(((1,), (6,)), ((1,), (1,)))": -8.051782563964877e-19,
    "(((1,), (6,)), ((1,), (2,)))": -4.596867131201912e-19,
    "(((1,), (6,)), ((1,), (3,)))": -8.230194565405008e-14,
    "(((1,), (6,)), ((1,), (4,)))": -2.6247399678874094e-19,
    "(((1,), (6,)), ((1,), (5,)))": -2.0791316055744425e-20,
    "(((1,), (6,)), ((1,), (6,)))": -0.002599629523283138,
    "(((1,), (6,)), ((2,), (0,)))": 1.0950572165981045e-13,
    "(((1,), (6,)), ((2,), (1,)))": -3.3547930779936966e-17,
    "(((1,), (6,)), ((2,), (2,)))": 1.2798627210199513e-17,
    "(((1,), (6,)), ((2,), (3,)))": 0.0034317300531749384,
    "(((1,), (6,)), ((2,), (4,)))": 3.111181108387373e-18,
    "(((1,), (6,)), ((2,), (5,)))": 8.832166991779056e-18,
    "(((1,), (6,)), ((2,), (6,)))": 4.810877182206093e-14,
    "(((2,), (0,)), ((0,), (0,)))": 0.001175604859937466,
    "(((2,), (0,)), ((0,), (1,)))": -5.973813806907958e-18,
    "(((2,), (0,)), ((0,), (2,)))": -1.378096960231068e-18,
    "(((2,), (0,)), ((0,), (3,)))": 4.364570226917991e-14,
    "(((2,), (0,)), ((0,), (4,)))": -2.029598143021055e-18,
    "(((2,), (0,)), ((0,), (5,)))": -2.4583309004084987e-18,
    "(((2,), (0,)), ((0,), (6,)))": -0.002565840052928587,
    "(((2,), (0,)), ((1,), (0,)))": -5.0186000153118854e-14,
    "(((2,), (0,)), ((1,), (1,)))": -1.1778361869555756e-17,
    "(((2,), (0,)), ((1,), (2,)))": 5.439892254166715e-18,
    "(((2,), (0,)), ((1,), (3,)))": 0.0010221004517775912,
    "(((2,), (0,)), ((1,), (4,)))": 3.488617466080762e-18,
    "(((2,), (0,)), ((1,), (5,)))": 1.0058464117008116e-18,
    "(((2,), (0,)), ((1,), (6,)))": 1.0950514934474476e-13,
    "(((2,), (0,)), ((2,), (0,)))": -0.14130958719280182,
    "(((2,), (0,)), ((2,), (1,)))": -6.669057413391361e-18,
    "(((2,), (0,)), ((2,), (2,)))": -3.535437538051128e-17,
    "(((2,), (0,)), ((2,), (3,)))": -3.2990582410124025e-16,
    "(((2,), (0,)), ((2,), (4,)))": 7.794980013358205e-17,
    "(((2,), (0,)), ((2,), (5,)))": 3.812616862140899e-17,
    "(((2,), (0,)), ((2,), (6,)))": 0.04960158835702265,
    "(((2,), (1,)), ((0,), (0,)))": -5.325716133410262e-18,
    "(((2,), (1,)), ((0,), (1,)))": -0.0027381577926106748,
    "(((2,), (1,)), ((0,), (2,)))": -7.549448669588947e-11,
    "(((2,), (1,)), ((0,), (3,)))": 5.479700817689955e-18,
    "(((2,), (1,)), ((0,), (4,)))": 8.646672926450399e-14,
    "(((2,), (1,)), ((0,), (5,)))": 8.427236147254783e-14,
    "(((2,), (1,)), ((0,), (6,)))": 3.6102821184435324e-18,
    "(((2,), (1,)), ((1,), (0,)))": -1.2312007053367884e-17,
    "(((2,), (1,)), ((1,), (1,)))": 1.168395290628601e-13,
    "(((2,), (1,)), ((1,), (2,)))": 7.238626819677074e-18,
    "(((2,), (1,)), ((1,), (3,)))": -7.191116313707876e-18,
    "(((2,), (1,)), ((1,), (4,)))": 0.002025842571655693,
    "(((2,), (1,)), ((1,), (5,)))": 0.001974451198350818,
    "(((2,), (1,)), ((1,), (6,)))": -3.354793077993703e-17,
    "(((2,), (1,)), ((2,), (0,)))": -6.669057413391318e-18,
    "(((2,), (1,)), ((2,), (1,)))": -0.16160358929981136,
    "(((2,), (1,)), ((2,), (2,)))": -1.745741264092475e-16,
    "(((2,), (1,)), ((2,), (3,)))": -7.232424664686003e-16,
    "(((2,), (1,)), ((2,), (4,)))": -1.6639251575070062e-16,
    "(((2,), (1,)), ((2,), (5,)))": -4.803489806164563e-16,
    "(((2,), (1,)), ((2,), (6,)))": -4.5961101367749265e-17,
    "(((2,), (2,)), ((0,), (0,)))": -1.9128110269828436e-18,
    "(((2,), (2,)), ((0,), (1,)))": 7.54944863871497e-11,
    "(((2,), (2,)), ((0,), (2,)))": -0.002738157792610672,
    "(((2,), (2,)), ((0,), (3,)))": -2.245240279740608e-18,
    "(((2,), (2,)), ((0,), (4,)))": 8.427330080958613e-14,
    "(((2,), (2,)), ((0,), (5,)))": -8.646619248646467e-14,
    "(((2,), (2,)), ((0,), (6,)))": 1.716253456866468e-18,
    "(((2,), (2,)), ((1,), (0,)))": 6.2415231499517205e-18,
    "(((2,), (2,)), ((1,), (1,)))": 6.54473096370427e-18,
    "(((2,), (2,)), ((1,), (2,)))": 1.168409712380045e-13,
    "(((2,), (2,)), ((1,), (3,)))": 1.7897240048392153e-18,
    "(((2,), (2,)), ((1,), (4,)))": 0.0019744511983508157,
    "(((2,), (2,)), ((1,), (5,)))": -0.0020258425716556915,
    "(((2,), (2,)), ((1,), (6,)))": 1.2798627210199528e-17,
    "(((2,), (2,)), ((2,), (0,)))": -3.5354375380511297e-17,
    "(((2,), (2,)), ((2,), (1,)))": -1.8476312834271683e-16,
    "(((2,), (2,)), ((2,), (2,)))": -0.16160358929981103,
    "(((2,), (2,)), ((2,), (3,)))": 2.8035400154894434e-16,
    "(((2,), (2,)), ((2,), (4,)))": -1.208738745171602e-16,
    "(((2,), (2,)), ((2,), (5,)))": 4.610111561621471e-16,
    "(((2,), (2,)), ((2,), (6,)))": -5.9443670413262986e-18,
    "(((2,), (3,)), ((0,), (0,)))": 5.267128054619789e-14,
    "(((2,), (3,)), ((0,), (1,)))": 7.0144942504794e-18,
    "(((2,), (3,)), ((0,), (2,)))": -2.45355259068399e-18,
    "(((2,), (3,)), ((0,), (3,)))": -0.0032811840277514447,
    "(((2,), (3,)), ((0,), (4,)))": 2.182722784228603e-19,
    "(((2,), (3,)), ((0,), (5,)))": -1.2794970977753873e-19,
    "(((2,), (3,)), ((0,), (6,)))": 1.4646144960124825e-13,
    "(((2,), (3,)), ((1,), (0,)))": 0.0012336596301992958,
    "(((2,), (3,)), ((1,), (1,)))": -4.250911358564054e-18,
    "(((2,), (3,)), ((1,), (2,)))": 8.034107431307849e-19,
    "(((2,), (3,)), ((1,), (3,)))": 1.4005714665378266e-13,
    "(((2,), (3,)), ((1,), (4,)))": 1.284771560941125e-17,
    "(((2,), (3,)), ((1,), (5,)))": 2.9403246886689534e-17,
    "(((2,), (3,)), ((1,), (6,)))": 0.0034317300531749462,
    "(((2,), (3,)), ((2,), (0,)))": -3.4882844328274617e-16,
    "(((2,), (3,)), ((2,), (1,)))": -7.232424664686004e-16,
    "(((2,), (3,)), ((2,), (2,)))": 2.8035400154894454e-16,
    "(((2,), (3,)), ((2,), (3,)))": -0.09417738328565756,
    "(((2,), (3,)), ((2,), (4,)))": -9.940300168557638e-17,
    "(((2,), (3,)), ((2,), (5,)))": -2.2457333782544566e-16,
    "(((2,), (3,)), ((2,), (6,)))": 2.983203239347255e-16,
    "(((2,), (4,)), ((0,), (0,)))": -1.9238217956014954e-18,
    "(((2,), (4,)), ((0,), (1,)))": 6.653228163512539e-14,
    "(((2,), (4,)), ((0,), (2,)))": 6.484454238669295e-14,
    "(((2,), (4,)), ((0,), (3,)))": -7.992572835631242e-19,
    "(((2,), (4,)), ((0,), (4,)))": -0.0027150967021185306,
    "(((2,), (4,)), ((0,), (5,)))": 7.447602670823816e-11,
    "(((2,), (4,)), ((0,), (6,)))": 1.493828978760925e-18,
    "(((2,), (4,)), ((1,), (0,)))": 3.770139366398839e-18,
    "(((2,), (4,)), ((1,), (1,)))": 0.0015588142689394345,
    "(((2,), (4,)), ((1,), (2,)))": 0.001519270227448695,
    "(((2,), (4,)), ((1,), (3,)))": 8.995704329172662e-18,
    "(((2,), (4,)), ((1,), (4,)))": 1.1589526035276614e-13,
    "(((2,), (4,)), ((1,), (5,)))": 1.1198825753948697e-18,
    "(((2,), (4,)), ((1,), (6,)))": 3.1111811083873773e-18,
    "(((2,), (4,)), ((2,), (0,)))": 7.794980013358202e-17,
    "(((2,), (4,)), ((2,), (1,)))": -1.5156283961121362e-16,
    "(((2,), (4,)), ((2,), (2,)))": -1.3380143875605013e-16,
    "(((2,), (4,)), ((2,), (3,)))": -9.940300168557633e-17,
    "(((2,), (4,)), ((2,), (4,)))": -0.0010489160691595015,
    "(((2,), (4,)), ((2,), (5,)))": 4.6007174743704544e-17,
    "(((2,), (4,)), ((2,), (6,)))": -2.3080382798087535e-17,
    "(((2,), (5,)), ((0,), (0,)))": -1.3960162623998502e-18,
    "(((2,), (5,)), ((0,), (1,)))": 6.484301370098966e-14,
    "(((2,), (5,)), ((0,), (2,)))": -6.653110189136447e-14,
    "(((2,), (5,)), ((0,), (3,)))": -2.1806739782936192e-18,
    "(((2,), (5,)), ((0,), (4,)))": -7.447602750884005e-11,
    "(((2,), (5,)), ((0,), (5,)))": -0.002715096702118528,
    "(((2,), (5,)), ((0,), (6,)))": 5.941466841880604e-19,
    "(((2,), (5,)), ((1,), (0,)))": 2.7303570374375316e-18,
    "(((2,), (5,)), ((1,), (1,)))": 0.001519270227448695,
    "(((2,), (5,)), ((1,), (2,)))": -0.0015588142689394332,
    "(((2,), (5,)), ((1,), (3,)))": 2.098684660902994e-17,
    "(((2,), (5,)), ((1,), (4,)))": 1.20346182409009e-18,
    "(((2,), (5,)), ((1,), (5,)))": 1.159114206814649e-13,
    "(((2,), (5,)), ((1,), (6,)))": 8.832166991779062e-18,
    "(((2,), (5,)), ((2,), (0,)))": 3.812616862140898e-17,
    "(((2,), (5,)), ((2,), (1,)))": -4.808876291264102e-16,
    "(((2,), (5,)), ((2,), (2,)))": 4.517089047655596e-16,
    "(((2,), (5,)), ((2,), (3,)))": -2.2457333782544566e-16,
    "(((2,), (5,)), ((2,), (4,)))": 4.6208241460799755e-17,
    "(((2,), (5,)), ((2,), (5,)))": -0.0010489160691595466,
    "(((2,), (5,)), ((2,), (6,)))": -4.210761296505747e-18,
    "(((2,), (6,)), ((0,), (0,)))": -0.0021635582672167985,
    "(((2,), (6,)), ((0,), (1,)))": 3.2404869431438725e-18,
    "(((2,), (6,)), ((0,), (2,)))": 1.3759193435276686e-18,
    "(((2,), (6,)), ((0,), (3,)))": 7.605561122897453e-14,
    "(((2,), (6,)), ((0,), (4,)))": 1.088754783670737e-18,
    "(((2,), (6,)), ((0,), (5,)))": 8.26521336121422e-19,
    "(((2,), (6,)), ((0,), (6,)))": -0.0011274717471093374,
    "(((2,), (6,)), ((1,), (0,)))": 9.233504906535829e-14,
    "(((2,), (6,)), ((1,), (1,)))": -1.6394311500303002e-17,
    "(((2,), (6,)), ((1,), (2,)))": 6.1908922050632144e-18,
    "(((2,), (6,)), ((1,), (3,)))": 0.0017821862059651233,
    "(((2,), (6,)), ((1,), (4,)))": 1.559892945209813e-18,
    "(((2,), (6,)), ((1,), (5,)))": 5.710842707733131e-18,
    "(((2,), (6,)), ((1,), (6,)))": 4.811524394332294e-14,
    "(((2,), (6,)), ((2,), (0,)))": 0.04960158835702269,
    "(((2,), (6,)), ((2,), (1,)))": -4.5961101367749284e-17,
    "(((2,), (6,)), ((2,), (2,)))": -5.94436704132635e-18,
    "(((2,), (6,)), ((2,), (3,)))": 2.9258414565125626e-16,
    "(((2,), (6,)), ((2,), (4,)))": -2.3080382798087532e-17,
    "(((2,), (6,)), ((2,), (5,)))": -4.210761296505634e-18,
    "(((2,), (6,)), ((2,), (6,)))": -0.023623535647257127
  },
  "red": [
    [
      0.999924098945825,
      -4.1704745020519294e-16,
      0.0008381181557668292,
      2.7356606743146414e-14,
      -1.5585923650827357e-17,
      -4.937771534627063e-18,
      0.0003845882457336195,
      -1.2187629984330034e-17,
      -2.0231920149625547e-17,
      -4.224679435820709e-14,
      0.0,
      0.0,
      0.0,
      0.0,
      0.0,
      0.0,
      0.0,
      0.0,
      0.0,
      0.0
    ],
    [
      -4.1704745020519294e-16,
      0.999933872061745,
      -3.576399450071874e-14,
      0.000640199367426102,
      -2.055551127190297e-17,
      -1.403017625823037e-18,
      -1.6393524711878633e-14,
      -1.3965641297385443e-17,
      -3.02408753975293e-17,
      -0.0009880143519133888,
      0.0,
      0.0,
      0.0,
      0.0,
      0.0,
      0.0,
      0.0,
      0.0,
      0.0,
      0.0
    ],
    [
      0.0008381181557668292,
      -3.576399450071874e-14,
      0.9115112660969751,
      2.6940340893552097e-15,
      5.277724972874857e-16,
      -8.369855124241593e-17,
      -0.03687727738638188,
      2.132254058994985e-17,
      -2.964189747922562e-17,
      -5.021553542874543e-16,
      0.0,
      0.0,
      0.0,
      0.0,
      0.0,
      0.0,
      0.0,
      0.0,
      0.0,
      0.0
    ],
    [
      2.7356606743146414e-14,
      0.000640199367426102,
      2.6940340893552097e-15,
      0.022455834044556183,
      -2.734654258625047e-19,
      1.041472995295931e-17,
      -4.823010893054226e-17,
      -1.2250737518497845e-17,
      -5.660741721468422e-18,
      -0.008182108327605388,
      0.0,
      0.0,
      0.0,
      0.0,
      0.0,
      0.0,
      0.0,
      0.0,
      0.0,
      0.0
    ],
    [
      -1.5585923650827357e-17,
      -2.055551127190297e-17,
      5.277724972874857e-16,
      -2.734654258625047e-19,
      0.026145738788648565,
      5.807571373755723e-17,
      1.5794527684868544e-16,
      2.4624177987357777e-17,
      7.819582493953164e-17,
      8.2130152469157e-18,
      0.0,
      0.0,
      0.0,
      0.0,
      0.0,
      0.0,
      0.0,
      0.0,
      0.0,
      0.0
    ],
    [
      -4.937771534627063e-18,
      -1.403017625823037e-18,
      -8.369855124241593e-17,
      1.041472995295931e-17,
      5.807571373755723e-17,
      0.026145738788648457,
      -6.777542704434147e-17,
      2.170505386317602e-17,
      -7.345454116847758e-17,
      -6.637352745034248e-19,
      0.0,
      0.0,
      0.0,
      0.0,
      0.0,
      0.0,
      0.0,
      0.0,
      0.0,
      0.0
    ],
    [
      0.0003845882457336195,
      -1.6393524711878633e-14,
      -0.03687727738638188,
      -4.823010893054226e-17,
      1.5794527684868544e-16,
      -6.777542704434147e-17,
      0.010753262956317731,
      8.702576518068303e-18,
      2.318383351208596e-17,
      -2.1714542090468458e-17,
      0.0,
      0.0,
      0.0,
      0.0,
      0.0,
      0.0,
      0.0,
      0.0,
      0.0,
      0.0
    ],
    [
      -1.2187629984330034e-17,
      -1.3965641297385443e-17,
      2.132254058994985e-17,
      -1.2250737518497845e-17,
      2.4624177987357777e-17,
      2.170505386317602e-17,
      8.702576518068303e-18,
      3.29023976993792e-05,
      -8.529202232780974e-20,
      4.4515895805420005e-18,
      0.0,
      0.0,
      0.0,
      0.0,
      0.0,
      0.0,
      0.0,
      0.0,
      0.0,
      0.0
    ],
    [
      -2.0231920149625547e-17,
      -3.02408753975293e-17,
      -2.964189747922562e-17,
      -5.660741721468422e-18,
      7.819582493953164e-17,
      -7.345454116847758e-17,
      2.318383351208596e-17,
      -8.529202232780974e-20,
      3.2902397699379245e-05,
      2.0381901869807814e-18,
      0.0,
      0.0,
      0.0,
      0.0,
      0.0,
      0.0,
      0.0,
      0.0,
      0.0,
      0.0
    ],
    [
      -4.224679435820709e-14,
      -0.0009880143519133888,
      -5.021553542874543e-16,
      -0.008182108327605388,
      8.2130152469157e-18,
      -6.637352745034248e-19,
      -2.1714542090468458e-17,
      4.4515895805420005e-18,
      2.0381901869807814e-18,
      0.0030643835218868327,
      0.0,
      0.0,
      0.0,
      0.0,
      0.0,
      0.0,
      0.0,
      0.0,
      0.0,
      0.0
    ],
    [
      0.0,
      0.0,
      0.0,
      0.0,
      0.0,
      0.0,
      0.0,
      0.0,
      0.0,
      0.0,
      0.999924098945825,
      -4.1703646961008515e-16,
      0.0008381181557668287,
      2.7356706819060075e-14,
      -1.5585923650827357e-17,
      -4.9377715346270626e-18,
      0.0003845882457336195,
      -1.2187629984330034e-17,
      -2.0231920149625544e-17,
      -4.224679376299061e-14
    ],
    [
      0.0,
      0.0,
      0.0,
      0.0,
      0.0,
      0.0,
      0.0,
      0.0,
      0.0,
      0.0,
      -4.1703646961008515e-16,
      0.999933872061745,
      -3.576478879065742e-14,
      0.0006401993674261022,
      -2.055551127190297e-17,
      -1.4030176258230364e-18,
      -1.6393492198147486e-14,
      -1.3965641297385443e-17,
      -3.02408753975293e-17,
      -0.000988014351913389
    ],
    [
      0.0,
      0.0,
      0.0,
      0.0,
      0.0,
      0.0,
      0.0,
      0.0,
      0.0,
      0.0,
      0.0008381181557668287,
      -3.576478879065742e-14,
      0.9115112660969751,
      2.694842144474077e-15,
      5.277724972874857e-16,
      -8.369855124241593e-17,
      -0.03687727738638188,
      2.1322540589949843e-17,
      -2.964189747922562e-17,
      -5.023935623839952e-16
    ],
    [
      0.0,
      0.0,
      0.0,
      0.0,
      0.0,
      0.0,
      0.0,
      0.0,
      0.0,
      0.0,
      2.7356706819060075e-14,
      0.0006401993674261022,
      2.694842144474077e-15,
      0.022455834044556186,
      -2.7346542586249277e-19,
      1.04147299529593e-17,
      -4.9385441440786677e-17,
      -1.2250737518497847e-17,
      -5.6607417214684136e-18,
      -0.008182108327605382
    ],
    [
      0.0,
      0.0,
      0.0,
      0.0,
      0.0,
      0.0,
      0.0,
      0.0,
      0.0,
      0.0,
      -1.5585923650827357e-17,
      -2.055551127190297e-17,
      5.277724972874857e-16,
      -2.7346542586249277e-19,
      0.02614573878864856,
      5.807639051201725e-17,
      1.5794527684868542e-16,
      2.700445410714886e-17,
      7.810977218082709e-17,
      8.213015246915694e-18
    ],
    [
      0.0,
      0.0,
      0.0,
      0.0,
      0.0,
      0.0,
      0.0,
      0.0,
      0.0,
      0.0,
      -4.9377715346270626e-18,
      -1.4030176258230364e-18,
      -8.369855124241593e-17,
      1.04147299529593e-17,
      5.807639051201725e-17,
      0.026145738788648454,
      -6.777542704434147e-17,
      1.9630383085858583e-17,
      -7.494713452458505e-17,
      -6.637352745034286e-19
    ],
    [
      0.0,
      0.0,
      0.0,
      0.0,
      0.0,
      0.0,
      0.0,
      0.0,
      0.0,
      0.0,
      0.0003845882457336195,
      -1.6393492198147486e-14,
      -0.03687727738638188,
      -4.9385441440786677e-17,
      1.5794527684868542e-16,
      -6.777542704434147e-17,
      0.010753262956317731,
      8.702576518068325e-18,
      2.318383351208596e-17,
      -2.120643929761353e-17
    ],
    [
      0.0,
      0.0,
      0.0,
      0.0,
      0.0,
      0.0,
      0.0,
      0.0,
      0.0,
      0.0,
      -1.2187629984330034e-17,
      -1.3965641297385443e-17,
      2.1322540589949843e-17,
      -1.2250737518497847e-17,
      2.700445410714886e-17,
      1.9630383085858583e-17,
      8.702576518068325e-18,
      3.290239769937919e-05,
      -7.761258028447584e-20,
      4.451589580541999e-18
    ],
    [
      0.0,
      0.0,
      0.0,
      0.0,
      0.0,
      0.0,
      0.0,
      0.0,
      0.0,
      0.0,
      -2.0231920149625544e-17,
      -3.02408753975293e-17,
      -2.964189747922562e-17,
      -5.6607417214684136e-18,
      7.810977218082709e-17,
      -7.494713452458505e-17,
      2.318383351208596e-17,
      -7.761258028447584e-20,
      3.2902397699379245e-05,
      2.0381901869807767e-18
    ],
    [
      0.0,
      0.0,
      0.0,
      0.0,
      0.0,
      0.0,
      0.0,
      0.0,
      0.0,
      0.0,
      -4.224679376299061e-14,
      -0.000988014351913389,
      -5.023935623839952e-16,
      -0.008182108327605382,
      8.213015246915694e-18,
      -6.637352745034286e-19,
      -2.120643929761353e-17,
      4.451589580541999e-18,
      2.0381901869807767e-18,
      0.003064383521886829
    ]
  ],
  "CSRM": [
    [
      1.0087556971080884,
      1.515909024251019e-05,
      0.0006314748346818431,
      -0.0018161692015229312,
      -0.00038548944070376757,
      -0.0003854894407037671,
      -0.0008035620375943507,
      -0.0010409540419389707,
      -0.0010409540419389698,
      -0.00241537019897654
    ],
    [
      1.515909024251019e-05,
      1.0087758208211866,
      0.000603035015592385,
      -0.0018398232251003546,
      -0.0003388904201212433,
      -0.00033889042012124314,
      -0.0006886512642818886,
      -0.0011169460598953252,
      -0.0011169460598953243,
      -0.002501303956205377
    ],
    [
      0.0006314748346818431,
      0.000603035015592385,
      0.9176629401165145,
      -0.13596484665580827,
      -0.1554912704415311,
      -0.1554912704415308,
      -0.09061532010145151,
      -0.0010092430055966472,
      -0.0010092430055966908,
      -0.02273002466113602
    ],
    [
      -0.0018161692015229312,
      -0.0018398232251003546,
      -0.13596484665580827,
      0.02015622100546111,
      0.023034360329654238,
      0.02303436032965419,
      0.013421818030704673,
      0.00014740047333064741,
      0.00014740047333065387,
      0.003375068622154116
    ],
    [
      -0.00038548944070376757,
      -0.0003388904201212433,
      -0.1554912704415311,
      0.023034360329654238,
      0.026363605682399375,
      0.02636360568239932,
      0.015373599883146967,
      0.0001868683787228003,
      0.00018686837872280762,
      0.003859798901222943
    ],
    [
      -0.0003854894407037671,
      -0.00033889042012124314,
      -0.1554912704415308,
      0.02303436032965419,
      0.02636360568239932,
      0.026363605682399267,
      0.015373599883146936,
      0.00018686837872279995,
      0.0001868683787228073,
      0.0038597989012229346
    ],
    [
      -0.0008035620375943507,
      -0.0006886512642818886,
      -0.09061532010145151,
      0.013421818030704673,
      0.015373599883146967,
      0.015373599883146936,
      0.008971275129794534,
      0.0001193893812605665,
      0.00011938938126057077,
      0.0022560640059500416
    ],
    [
      -0.0010409540419389707,
      -0.0011169460598953252,
      -0.0010092430055966472,
      0.00014740047333064741,
      0.0001868683787228003,
      0.00018686837872279995,
      0.0001193893812605665,
      1.852520300934499e-05,
      1.8525203009345025e-05,
      3.6961238809388125e-05
    ],
    [
      -0.0010409540419389698,
      -0.0011169460598953243,
      -0.0010092430055966908,
      0.00014740047333065387,
      0.00018686837872280762,
      0.0001868683787228073,
      0.00011938938126057077,
      1.8525203009345025e-05,
      1.8525203009345055e-05,
      3.696123880938919e-05
    ],
    [
      -0.00241537019897654,
      -0.002501303956205377,
      -0.02273002466113602,
      0.003375068622154116,
      0.003859798901222943,
      0.0038597989012229346,
