{
  "E": -14.638123140791405,
  "sol": {
    "(((), ()), ((), ()))": 0.8526175157335696,
    "(((0,), (0,)), ((), ()))": -0.001265179557133981,
    "(((), ()), ((0,), (0,)))": -0.001265179557133981,
    "(((0,), (1,)), ((), ()))": -1.803732315013699e-15,
    "(((), ()), ((0,), (1,)))": -1.803732315013699e-15,
    "(((0,), (2,)), ((), ()))": -1.6716500449505608e-17,
    "(((), ()), ((0,), (2,)))": -1.6716500449505608e-17,
    "(((0,), (3,)), ((), ()))": -5.047077318736857e-17,
    "(((), ()), ((0,), (3,)))": -5.047077318736857e-17,
    "(((0,), (4,)), ((), ()))": -3.873489178055117e-17,
    "(((), ()), ((0,), (4,)))": -3.873489178055117e-17,
    "(((0,), (5,)), ((), ()))": 7.751975606937898e-18,
    "(((), ()), ((0,), (5,)))": 7.751975606937898e-18,
    "(((0,), (6,)), ((), ()))": -0.0010420746749871626,
    "(((), ()), ((0,), (6,)))": -0.0010420746749871626,
    "(((1,), (0,)), ((), ()))": -3.810346511088428e-15,
    "(((), ()), ((1,), (0,)))": -3.810346511088428e-15,
    "(((1,), (1,)), ((), ()))": 0.0005297953891624107,
    "(((), ()), ((1,), (1,)))": 0.0005297953891624107,
    "(((1,), (2,)), ((), ()))": 1.4981734914020707e-17,
    "(((), ()), ((1,), (2,)))": 1.4981734914020707e-17,
    "(((1,), (3,)), ((), ()))": 4.144552678029576e-17,
    "(((), ()), ((1,), (3,)))": 4.144552678029576e-17,
    "(((1,), (4,)), ((), ()))": 3.585505153340391e-17,
    "(((), ()), ((1,), (4,)))": 3.585505153340391e-17,
    "(((1,), (5,)), ((), ()))": -1.711321230008803e-17,
    "(((), ()), ((1,), (5,)))": -1.711321230008803e-17,
    "(((1,), (6,)), ((), ()))": -3.3058023088730816e-15,
    "(((), ()), ((1,), (6,)))": -3.3058023088730816e-15,
    "(((2,), (0,)), ((), ()))": 1.5127460494444768e-15,
    "(((), ()), ((2,), (0,)))": 1.5127460494444768e-15,
    "(((2,), (1,)), ((), ()))": 0.09035199328219794,
    "(((), ()), ((2,), (1,)))": 0.09035199328219794,
    "(((2,), (2,)), ((), ()))": 3.090036704770192e-16,
    "(((), ()), ((2,), (2,)))": 3.090036704770192e-16,
    "(((2,), (3,)), ((), ()))": -5.906803766912734e-16,
    "(((), ()), ((2,), (3,)))": -5.906803766912734e-16,
    "(((2,), (4,)), ((), ()))": -2.477703386821677e-18,
    "(((), ()), ((2,), (4,)))": -2.477703386821677e-18,
    "(((2,), (5,)), ((), ()))": -4.817869697204111e-16,
    "(((), ()), ((2,), (5,)))": -4.817869697204111e-16,
    "(((2,), (6,)), ((), ()))": 2.8457511098531737e-16,
    "(((), ()), ((2,), (6,)))": 2.8457511098531737e-16,
    "(((0,), (0,)), ((0,), (0,)))": -0.001118407812736112,
    "(((0,), (0,)), ((0,), (1,)))": 3.0585561893887894e-15,
    "(((0,), (0,)), ((0,), (2,)))": -2.6765345117296615e-19,
    "(((0,), (0,)), ((0,), (3,)))": -9.853473541436193e-19,
    "(((0,), (0,)), ((0,), (4,)))": -2.0171409782809812e-19,
    "(((0,), (0,)), ((0,), (5,)))": -8.412654629114867e-19,
    "(((0,), (0,)), ((0,), (6,)))": -0.0002710936301785091,
    "(((0,), (0,)), ((1,), (0,)))": 2.790490134939973e-17,
    "(((0,), (0,)), ((1,), (1,)))": -0.00047949223961452964,
    "(((0,), (0,)), ((1,), (2,)))": -2.1306067785626714e-18,
    "(((0,), (0,)), ((1,), (3,)))": 2.327623544431781e-18,
    "(((0,), (0,)), ((1,), (4,)))": -1.0510514162762236e-18,
    "(((0,), (0,)), ((1,), (5,)))": 1.691383005580721e-18,
    "(((0,), (0,)), ((1,), (6,)))": 4.1634177179247736e-17,
    "(((0,), (0,)), ((2,), (0,)))": 7.033936230422919e-15,
    "(((0,), (0,)), ((2,), (1,)))": -9.960776696228929e-05,
    "(((0,), (0,)), ((2,), (2,)))": -1.9125498364879344e-20,
    "(((0,), (0,)), ((2,), (3,)))": -4.255637525566029e-18,
    "(((0,), (0,)), ((2,), (4,)))": 5.537143630260087e-19,
    "(((0,), (0,)), ((2,), (5,)))": -3.705086428365668e-18,
    "(((0,), (0,)), ((2,), (6,)))": 3.787176036666808e-15,
    "(((0,), (1,)), ((0,), (0,)))": 3.058605715357345e-15,
    "(((0,), (1,)), ((0,), (1,)))": -0.000629806700113894,
    "(((0,), (1,)), ((0,), (2,)))": 1.447899192540506e-19,
    "(((0,), (1,)), ((0,), (3,)))": 1.2906331889947516e-19,
    "(((0,), (1,)), ((0,), (4,)))": 2.941917694302788e-19,
    "(((0,), (1,)), ((0,), (5,)))": 1.3584738940593082e-19,
    "(((0,), (1,)), ((0,), (6,)))": -4.64979131486108e-15,
    "(((0,), (1,)), ((1,), (0,)))": -0.00047628258185073097,
    "(((0,), (1,)), ((1,), (1,)))": 4.721100659506592e-17,
    "(((0,), (1,)), ((1,), (2,)))": 1.5671468991195587e-18,
    "(((0,), (1,)), ((1,), (3,)))": -1.9787230019355722e-20,
    "(((0,), (1,)), ((1,), (4,)))": 4.026440466073669e-18,
    "(((0,), (1,)), ((1,), (5,)))": -2.891221755427204e-19,
    "(((0,), (1,)), ((1,), (6,)))": 0.0007139804724965075,
    "(((0,), (1,)), ((2,), (0,)))": 0.00021958467358419866,
    "(((0,), (1,)), ((2,), (1,)))": -7.84419942049718e-15,
    "(((0,), (1,)), ((2,), (2,)))": -4.855703975030278e-18,
    "(((0,), (1,)), ((2,), (3,)))": -1.4269238165875827e-18,
    "(((0,), (1,)), ((2,), (4,)))": -1.1829665664806586e-17,
    "(((0,), (1,)), ((2,), (5,)))": -9.281744865001349e-19,
    "(((0,), (1,)), ((2,), (6,)))": -0.002297277721165908,
    "(((0,), (2,)), ((0,), (0,)))": -2.676534511729625e-19,
    "(((0,), (2,)), ((0,), (1,)))": 1.4478991925405002e-19,
    "(((0,), (2,)), ((0,), (2,)))": -0.0006758014133630071,
    "(((0,), (2,)), ((0,), (3,)))": -1.5943040758129448e-20,
    "(((0,), (2,)), ((0,), (4,)))": 5.190978581957238e-15,
    "(((0,), (2,)), ((0,), (5,)))": 5.28743661770299e-16,
    "(((0,), (2,)), ((0,), (6,)))": -2.429346198314471e-19,
    "(((0,), (2,)), ((1,), (0,)))": -1.9637776039095305e-18,
    "(((0,), (2,)), ((1,), (1,)))": 1.5597448100807447e-18,
    "(((0,), (2,)), ((1,), (2,)))": 7.754332772519243e-18,
    "(((0,), (2,)), ((1,), (3,)))": -8.102859264697649e-19,
    "(((0,), (2,)), ((1,), (4,)))": -0.0008045132805670883,
    "(((0,), (2,)), ((1,), (5,)))": -8.19293054845123e-05,
    "(((0,), (2,)), ((1,), (6,)))": 3.71518580336797e-18,
    "(((0,), (2,)), ((2,), (0,)))": 2.0493498252844042e-18,
    "(((0,), (2,)), ((2,), (1,)))": -6.695936118149739e-18,
    "(((0,), (2,)), ((2,), (2,)))": -7.712859418570578e-15,
    "(((0,), (2,)), ((2,), (3,)))": 2.372708592954901e-18,
    "(((0,), (2,)), ((2,), (4,)))": 0.0023442020099126294,
    "(((0,), (2,)), ((2,), (5,)))": 0.00023872381726616792,
    "(((0,), (2,)), ((2,), (6,)))": -1.1415939505525426e-17,
    "(((0,), (3,)), ((0,), (0,)))": -9.853473541436193e-19,
    "(((0,), (3,)), ((0,), (1,)))": 1.2906331889947448e-19,
    "(((0,), (3,)), ((0,), (2,)))": -1.3690648282742282e-20,
    "(((0,), (3,)), ((0,), (3,)))": -0.0006758014133630071,
    "(((0,), (3,)), ((0,), (4,)))": -5.287414239036262e-16,
    "(((0,), (3,)), ((0,), (5,)))": 5.191372552242946e-15,
    "(((0,), (3,)), ((0,), (6,)))": -9.455466162388301e-19,
    "(((0,), (3,)), ((1,), (0,)))": 1.5869997601286255e-18,
    "(((0,), (3,)), ((1,), (1,)))": -9.748820482858525e-20,
    "(((0,), (3,)), ((1,), (2,)))": -8.23287171765192e-19,
    "(((0,), (3,)), ((1,), (3,)))": 1.387808840325258e-17,
    "(((0,), (3,)), ((1,), (4,)))": 8.192930548451208e-05,
    "(((0,), (3,)), ((1,), (5,)))": -0.0008045132805670884,
    "(((0,), (3,)), ((1,), (6,)))": -1.346578168293599e-19,
    "(((0,), (3,)), ((2,), (0,)))": -5.578484830999874e-18,
    "(((0,), (3,)), ((2,), (1,)))": -6.821720508059135e-18,
    "(((0,), (3,)), ((2,), (2,)))": 2.519232597087755e-18,
    "(((0,), (3,)), ((2,), (3,)))": -7.731220430989912e-15,
    "(((0,), (3,)), ((2,), (4,)))": -0.00023872381726616727,
    "(((0,), (3,)), ((2,), (5,)))": 0.00234420200991263,
    "(((0,), (3,)), ((2,), (6,)))": -2.0200459430712587e-19,
    "(((0,), (4,)), ((0,), (0,)))": -2.0171409782809744e-19,
    "(((0,), (4,)), ((0,), (1,)))": 2.941917694302767e-19,
    "(((0,), (4,)), ((0,), (2,)))": 5.1907523272360654e-15,
    "(((0,), (4,)), ((0,), (3,)))": -5.287525046427606e-16,
    "(((0,), (4,)), ((0,), (4,)))": -0.0008592785141799597,
    "(((0,), (4,)), ((0,), (5,)))": -2.459783273500358e-19,
    "(((0,), (4,)), ((0,), (6,)))": -2.28819790579765e-19,
    "(((0,), (4,)), ((1,), (0,)))": -7.897300901522556e-19,
    "(((0,), (4,)), ((1,), (1,)))": 4.09472678269842e-18,
    "(((0,), (4,)), ((1,), (2,)))": -0.000816154446505384,
    "(((0,), (4,)), ((1,), (3,)))": 8.311477542270745e-05,
    "(((0,), (4,)), ((1,), (4,)))": -9.265340461138586e-17,
    "(((0,), (4,)), ((1,), (5,)))": 1.722382453000218e-18,
    "(((0,), (4,)), ((1,), (6,)))": 1.5040376933927059e-18,
    "(((0,), (4,)), ((2,), (0,)))": 1.8826815549561015e-18,
    "(((0,), (4,)), ((2,), (1,)))": -1.6851631182192057e-17,
    "(((0,), (4,)), ((2,), (2,)))": 0.0024677888230835937,
    "(((0,), (4,)), ((2,), (3,)))": -0.0002513094338489719,
    "(((0,), (4,)), ((2,), (4,)))": -7.882865245593939e-15,
    "(((0,), (4,)), ((2,), (5,)))": -5.033803924219961e-18,
    "(((0,), (4,)), ((2,), (6,)))": -4.467861380393699e-18,
    "(((0,), (5,)), ((0,), (0,)))": -8.412654629114836e-19,
    "(((0,), (5,)), ((0,), (1,)))": 1.3584738940593515e-19,
    "(((0,), (5,)), ((0,), (2,)))": 5.287129075590985e-16,
    "(((0,), (5,)), ((0,), (3,)))": 5.191374903173232e-15,
    "(((0,), (5,)), ((0,), (4,)))": -1.6720987152827909e-19,
    "(((0,), (5,)), ((0,), (5,)))": -0.0008592785141799603,
    "(((0,), (5,)), ((0,), (6,)))": -7.494275753490877e-19,
    "(((0,), (5,)), ((1,), (0,)))": 9.230343603571377e-19,
    "(((0,), (5,)), ((1,), (1,)))": -3.5432972844954095e-19,
    "(((0,), (5,)), ((1,), (2,)))": -8.31147754227077e-05,
    "(((0,), (5,)), ((1,), (3,)))": -0.0008161544465053843,
    "(((0,), (5,)), ((1,), (4,)))": 1.7098381513112622e-18,
    "(((0,), (5,)), ((1,), (5,)))": -9.896567235124818e-17,
    "(((0,), (5,)), ((1,), (6,)))": 4.61513874212238e-19,
    "(((0,), (5,)), ((2,), (0,)))": -5.8076897191708085e-18,
    "(((0,), (5,)), ((2,), (1,)))": -7.143283472039528e-20,
    "(((0,), (5,)), ((2,), (2,)))": 0.0002513094338489727,
    "(((0,), (5,)), ((2,), (3,)))": 0.0024677888230835946,
    "(((0,), (5,)), ((2,), (4,)))": -5.185602512278245e-18,
    "(((0,), (5,)), ((2,), (5,)))": -7.86455971462712e-15,
    "(((0,), (5,)), ((2,), (6,)))": -2.422187321826897e-18,
    "(((0,), (6,)), ((0,), (0,)))": -0.00027109363017850934,
    "(((0,), (6,)), ((0,), (1,)))": -4.649791432962297e-15,
    "(((0,), (6,)), ((0,), (2,)))": -2.429346198314496e-19,
    "(((0,), (6,)), ((0,), (3,)))": -9.455466162388278e-19,
    "(((0,), (6,)), ((0,), (4,)))": -2.288197905797658e-19,
    "(((0,), (6,)), ((0,), (5,)))": -7.494275753490877e-19,
    "(((0,), (6,)), ((0,), (6,)))": -0.0011267815039589263,
    "(((0,), (6,)), ((1,), (0,)))": 4.0911264843665674e-17,
    "(((0,), (6,)), ((1,), (1,)))": 0.0007377571966819784,
    "(((0,), (6,)), ((1,), (2,)))": 3.771556659477467e-18,
    "(((0,), (6,)), ((1,), (3,)))": 3.930011286468893e-20,
    "(((0,), (6,)), ((1,), (4,)))": 1.4444132065989999e-18,
    "(((0,), (6,)), ((1,), (5,)))": 6.770499107564366e-19,
    "(((0,), (6,)), ((1,), (6,)))": -9.934840960355126e-17,
    "(((0,), (6,)), ((2,), (0,)))": 4.306556850770084e-15,
    "(((0,), (6,)), ((2,), (1,)))": -0.0028296868045782314,
    "(((0,), (6,)), ((2,), (2,)))": -1.3836076314166343e-17,
    "(((0,), (6,)), ((2,), (3,)))": 1.0284922459954679e-18,
    "(((0,), (6,)), ((2,), (4,)))": -5.2594248541219224e-18,
    "(((0,), (6,)), ((2,), (5,)))": -1.1307908166617477e-18,
    "(((0,), (6,)), ((2,), (6,)))": -7.194072926946265e-15,
    "(((1,), (0,)), ((0,), (0,)))": 2.8488190781374074e-17,
    "(((1,), (0,)), ((0,), (1,)))": -0.0004762825818507307,
    "(((1,), (0,)), ((0,), (2,)))": -1.9637776039095293e-18,
    "(((1,), (0,)), ((0,), (3,)))": 1.5869997601286226e-18,
    "(((1,), (0,)), ((0,), (4,)))": -7.897300901522556e-19,
    "(((1,), (0,)), ((0,), (5,)))": 9.230343603571384e-19,
    "(((1,), (0,)), ((0,), (6,)))": 4.097810834924384e-17,
    "(((1,), (0,)), ((1,), (0,)))": -0.0011285163276460453,
    "(((1,), (0,)), ((1,), (1,)))": -3.063866082777539e-15,
    "(((1,), (0,)), ((1,), (2,)))": -2.325801127155739e-19,
    "(((1,), (0,)), ((1,), (3,)))": -1.301481330786765e-18,
    "(((1,), (0,)), ((1,), (4,)))": -1.5624947269534492e-19,
    "(((1,), (0,)), ((1,), (5,)))": -1.149752877598314e-18,
    "(((1,), (0,)), ((1,), (6,)))": -0.00028379597206942863,
    "(((1,), (0,)), ((2,), (0,)))": -0.002158212807214765,
    "(((1,), (0,)), ((2,), (1,)))": -3.0233706586628586e-16,
    "(((1,), (0,)), ((2,), (2,)))": -1.3062201258882058e-18,
    "(((1,), (0,)), ((2,), (3,)))": -1.8048570132538767e-18,
    "(((1,), (0,)), ((2,), (4,)))": -1.3352479330466824e-18,
    "(((1,), (0,)), ((2,), (5,)))": -2.8964693104381283e-18,
    "(((1,), (0,)), ((2,), (6,)))": -0.0011743564242004236,
    "(((1,), (1,)), ((0,), (0,)))": -0.00047949223961452937,
    "(((1,), (1,)), ((0,), (1,)))": 4.73186754087414e-17,
    "(((1,), (1,)), ((0,), (2,)))": 1.559744810080745e-18,
    "(((1,), (1,)), ((0,), (3,)))": -9.748820482858573e-20,
    "(((1,), (1,)), ((0,), (4,)))": 4.09472678269842e-18,
    "(((1,), (1,)), ((0,), (5,)))": -3.5432972844954e-19,
    "(((1,), (1,)), ((0,), (6,)))": 0.0007377571966819784,
    "(((1,), (1,)), ((1,), (0,)))": -3.063782713603311e-15,
    "(((1,), (1,)), ((1,), (1,)))": -0.0006445140413513877,
    "(((1,), (1,)), ((1,), (2,)))": 9.065452550931863e-20,
    "(((1,), (1,)), ((1,), (3,)))": 1.5575788617387973e-19,
    "(((1,), (1,)), ((1,), (4,)))": 2.545876957515438e-19,
    "(((1,), (1,)), ((1,), (5,)))": 1.2089477238381507e-19,
    "(((1,), (1,)), ((1,), (6,)))": 4.648745467130546e-15,
    "(((1,), (1,)), ((2,), (0,)))": 6.955264269104646e-16,
    "(((1,), (1,)), ((2,), (1,)))": 0.0024478536711402647,
    "(((1,), (1,)), ((2,), (2,)))": 3.773560202548339e-19,
    "(((1,), (1,)), ((2,), (3,)))": -8.22013545654018e-19,
    "(((1,), (1,)), ((2,), (4,)))": 5.660181428440916e-20,
    "(((1,), (1,)), ((2,), (5,)))": -6.618686512627521e-19,
    "(((1,), (1,)), ((2,), (6,)))": -7.361320920474617e-15,
    "(((1,), (2,)), ((0,), (0,)))": -2.130606778562673e-18,
    "(((1,), (2,)), ((0,), (1,)))": 1.5671468991195581e-18,
    "(((1,), (2,)), ((0,), (2,)))": 7.958410340404451e-18,
    "(((1,), (2,)), ((0,), (3,)))": -8.297112460553814e-19,
    "(((1,), (2,)), ((0,), (4,)))": -0.0008161544465053834,
    "(((1,), (2,)), ((0,), (5,)))": -8.311477542270774e-05,
    "(((1,), (2,)), ((0,), (6,)))": 3.771556659477471e-18,
    "(((1,), (2,)), ((1,), (0,)))": -2.325801127155757e-19,
    "(((1,), (2,)), ((1,), (1,)))": 9.065452550931651e-20,
    "(((1,), (2,)), ((1,), (2,)))": -0.0006754295190344347,
    "(((1,), (2,)), ((1,), (3,)))": -9.977177375328854e-21,
    "(((1,), (2,)), ((1,), (4,)))": -5.189592435458055e-15,
    "(((1,), (2,)), ((1,), (5,)))": -5.284165512746184e-16,
    "(((1,), (2,)), ((1,), (6,)))": -2.38335928812742e-19,
    "(((1,), (2,)), ((2,), (0,)))": -2.959679132643795e-18,
    "(((1,), (2,)), ((2,), (1,)))": 1.8313554870123072e-18,
    "(((1,), (2,)), ((2,), (2,)))": 0.0024023003331262735,
    "(((1,), (2,)), ((2,), (3,)))": 3.892386227096385e-10,
    "(((1,), (2,)), ((2,), (4,)))": 7.50818346752847e-15,
    "(((1,), (2,)), ((2,), (5,)))": 7.643320945345744e-16,
    "(((1,), (2,)), ((2,), (6,)))": -6.671939008183364e-19,
    "(((1,), (3,)), ((0,), (0,)))": 2.327623544431784e-18,
    "(((1,), (3,)), ((0,), (1,)))": -1.9787230019356107e-20,
    "(((1,), (3,)), ((0,), (2,)))": -8.070289595222513e-19,
    "(((1,), (3,)), ((0,), (3,)))": 1.3932353531974913e-17,
    "(((1,), (3,)), ((0,), (4,)))": 8.311477542270747e-05,
    "(((1,), (3,)), ((0,), (5,)))": -0.0008161544465053838,
    "(((1,), (3,)), ((0,), (6,)))": 3.930011286469124e-20,
    "(((1,), (3,)), ((1,), (0,)))": -1.3014813307867649e-18,
    "(((1,), (3,)), ((1,), (1,)))": 1.557578861738795e-19,
    "(((1,), (3,)), ((1,), (2,)))": -2.4610777154280434e-20,
    "(((1,), (3,)), ((1,), (3,)))": -0.0006754295190344347,
    "(((1,), (3,)), ((1,), (4,)))": 5.284429309327615e-16,
    "(((1,), (3,)), ((1,), (5,)))": -5.189876424132056e-15,
    "(((1,), (3,)), ((1,), (6,)))": -1.0502472574881663e-18,
    "(((1,), (3,)), ((2,), (0,)))": -3.800418502654239e-18,
    "(((1,), (3,)), ((2,), (1,)))": 3.136388493821495e-18,
    "(((1,), (3,)), ((2,), (2,)))": -3.89238622622535e-10,
    "(((1,), (3,)), ((2,), (3,)))": 0.002402300333126273,
    "(((1,), (3,)), ((2,), (4,)))": -7.650880006475171e-16,
    "(((1,), (3,)), ((2,), (5,)))": 7.508645472220151e-15,
    "(((1,), (3,)), ((2,), (6,)))": -4.850009425485002e-19,
    "(((1,), (4,)), ((0,), (0,)))": -1.0510514162762236e-18,
    "(((1,), (4,)), ((0,), (1,)))": 4.026440466073673e-18,
    "(((1,), (4,)), ((0,), (2,)))": -0.0008045132805670892,
    "(((1,), (4,)), ((0,), (3,)))": 8.192930548451204e-05,
    "(((1,), (4,)), ((0,), (4,)))": -9.274321909317127e-17,
    "(((1,), (4,)), ((0,), (5,)))": 1.7312100778493936e-18,
    "(((1,), (4,)), ((0,), (6,)))": 1.4444132065990006e-18,
    "(((1,), (4,)), ((1,), (0,)))": -1.5624947269534747e-19,
    "(((1,), (4,)), ((1,), (1,)))": 2.5458769575154686e-19,
    "(((1,), (4,)), ((1,), (2,)))": -5.190595400049477e-15,
    "(((1,), (4,)), ((1,), (3,)))": 5.284604491258457e-16,
    "(((1,), (4,)), ((1,), (4,)))": -0.0008335622762178678,
    "(((1,), (4,)), ((1,), (5,)))": -2.601853149909171e-19,
    "(((1,), (4,)), ((1,), (6,)))": -2.326955959268146e-19,
    "(((1,), (4,)), ((2,), (0,)))": -3.129819232397553e-18,
    "(((1,), (4,)), ((2,), (1,)))": 3.919566947346183e-18,
    "(((1,), (4,)), ((2,), (2,)))": 7.904303980597967e-15,
    "(((1,), (4,)), ((2,), (3,)))": -8.054083477269505e-16,
    "(((1,), (4,)), ((2,), (4,)))": 0.0024701861706420978,
    "(((1,), (4,)), ((2,), (5,)))": 3.6568185640283076e-10,
    "(((1,), (4,)), ((2,), (6,)))": -4.344154986394238e-19,
    "(((1,), (5,)), ((0,), (0,)))": 1.6913830055807194e-18,
    "(((1,), (5,)), ((0,), (1,)))": -2.891221755427219e-19,
    "(((1,), (5,)), ((0,), (2,)))": -8.192930548451229e-05,
    "(((1,), (5,)), ((0,), (3,)))": -0.0008045132805670895,
    "(((1,), (5,)), ((0,), (4,)))": 1.7067977425677828e-18,
    "(((1,), (5,)), ((0,), (5,)))": -9.890979304836712e-17,
    "(((1,), (5,)), ((0,), (6,)))": 6.770499107564346e-19,
    "(((1,), (5,)), ((1,), (0,)))": -1.149752877598314e-18,
    "(((1,), (5,)), ((1,), (1,)))": 1.2089477238381786e-19,
    "(((1,), (5,)), ((1,), (2,)))": -5.284350067468231e-16,
    "(((1,), (5,)), ((1,), (3,)))": -5.189668093208021e-15,
    "(((1,), (5,)), ((1,), (4,)))": -1.2048237014395765e-19,
    "(((1,), (5,)), ((1,), (5,)))": -0.0008335622762178687,
    "(((1,), (5,)), ((1,), (6,)))": -8.459274791823795e-19,
    "(((1,), (5,)), ((2,), (0,)))": -4.2024808295933486e-18,
    "(((1,), (5,)), ((2,), (1,)))": -2.986232901567517e-18,
    "(((1,), (5,)), ((2,), (2,)))": 8.047485899796489e-16,
    "(((1,), (5,)), ((2,), (3,)))": 7.905070871172678e-15,
    "(((1,), (5,)), ((2,), (4,)))": -3.6568185519800803e-10,
    "(((1,), (5,)), ((2,), (5,)))": 0.0024701861706420995,
    "(((1,), (5,)), ((2,), (6,)))": -8.691410564488513e-19,
    "(((1,), (6,)), ((0,), (0,)))": 4.159787018116853e-17,
    "(((1,), (6,)), ((0,), (1,)))": 0.0007139804724965075,
    "(((1,), (6,)), ((0,), (2,)))": 3.715185803367966e-18,
    "(((1,), (6,)), ((0,), (3,)))": -1.3465781682936124e-19,
    "(((1,), (6,)), ((0,), (4,)))": 1.504037693392705e-18,
    "(((1,), (6,)), ((0,), (5,)))": 4.615138742122396e-19,
    "(((1,), (6,)), ((0,), (6,)))": -9.914229531339894e-17,
    "(((1,), (6,)), ((1,), (0,)))": -0.00028379597206942895,
    "(((1,), (6,)), ((1,), (1,)))": 4.649008622715346e-15,
    "(((1,), (6,)), ((1,), (2,)))": -2.3833592881274217e-19,
    "(((1,), (6,)), ((1,), (3,)))": -1.0502472574881697e-18,
    "(((1,), (6,)), ((1,), (4,)))": -2.3269559592681483e-19,
    "(((1,), (6,)), ((1,), (5,)))": -8.459274791823823e-19,
    "(((1,), (6,)), ((1,), (6,)))": -0.0010965614015543855,
    "(((1,), (6,)), ((2,), (0,)))": -0.0013380069142358848,
    "(((1,), (6,)), ((2,), (1,)))": -9.063635057849092e-15,
    "(((1,), (6,)), ((2,), (2,)))": -2.749524638328193e-19,
    "(((1,), (6,)), ((2,), (3,)))": -7.627211757336113e-20,
    "(((1,), (6,)), ((2,), (4,)))": -8.117639025169054e-20,
    "(((1,), (6,)), ((2,), (5,)))": -7.642518463061495e-19,
    "(((1,), (6,)), ((2,), (6,)))": 0.00224965093666828,
    "(((2,), (0,)), ((0,), (0,)))": 7.038194807248185e-15,
    "(((2,), (0,)), ((0,), (1,)))": 0.00021958467358419882,
    "(((2,), (0,)), ((0,), (2,)))": 2.049349825284408e-18,
    "(((2,), (0,)), ((0,), (3,)))": -5.57848483099987e-18,
    "(((2,), (0,)), ((0,), (4,)))": 1.8826815549561053e-18,
    "(((2,), (0,)), ((0,), (5,)))": -5.8076897191708146e-18,
    "(((2,), (0,)), ((0,), (6,)))": 4.307362650986426e-15,
    "(((2,), (0,)), ((1,), (0,)))": -0.0021582128072147634,
    "(((2,), (0,)), ((1,), (1,)))": 6.975272202640385e-16,
    "(((2,), (0,)), ((1,), (2,)))": -2.9596791326437965e-18,
    "(((2,), (0,)), ((1,), (3,)))": -3.800418502654242e-18,
    "(((2,), (0,)), ((1,), (4,)))": -3.129819232397549e-18,
    "(((2,), (0,)), ((1,), (5,)))": -4.202480829593352e-18,
    "(((2,), (0,)), ((1,), (6,)))": -0.0013380069142358828,
    "(((2,), (0,)), ((2,), (0,)))": -0.477606431299016,
    "(((2,), (0,)), ((2,), (1,)))": 2.1041673539954227e-16,
    "(((2,), (0,)), ((2,), (2,)))": 6.2843853305719095e-18,
    "(((2,), (0,)), ((2,), (3,)))": -5.592955279743054e-16,
    "(((2,), (0,)), ((2,), (4,)))": -5.181015519611727e-17,
    "(((2,), (0,)), ((2,), (5,)))": -6.457065663199313e-16,
    "(((2,), (0,)), ((2,), (6,)))": -0.10080103563167112,
    "(((2,), (1,)), ((0,), (0,)))": -9.960776696228875e-05,
    "(((2,), (1,)), ((0,), (1,)))": -7.843744411795672e-15,
    "(((2,), (1,)), ((0,), (2,)))": -6.695936118149731e-18,
    "(((2,), (1,)), ((0,), (3,)))": -6.821720508059133e-18,
    "(((2,), (1,)), ((0,), (4,)))": -1.6851631182192048e-17,
    "(((2,), (1,)), ((0,), (5,)))": -7.143283472039779e-20,
    "(((2,), (1,)), ((0,), (6,)))": -0.002829686804578231,
    "(((2,), (1,)), ((1,), (0,)))": -3.038789450516139e-16,
    "(((2,), (1,)), ((1,), (1,)))": 0.0024478536711402647,
    "(((2,), (1,)), ((1,), (2,)))": 1.831355487012309e-18,
    "(((2,), (1,)), ((1,), (3,)))": 3.136388493821492e-18,
    "(((2,), (1,)), ((1,), (4,)))": 3.919566947346194e-18,
    "(((2,), (1,)), ((1,), (5,)))": -2.986232901567519e-18,
    "(((2,), (1,)), ((1,), (6,)))": -9.065094416450188e-15,
    "(((2,), (1,)), ((2,), (0,)))": 2.037854230536449e-16,
    "(((2,), (1,)), ((2,), (1,)))": -0.05811643285453097,
    "(((2,), (1,)), ((2,), (2,)))": -6.458847917257002e-17,
    "(((2,), (1,)), ((2,), (3,)))": -2.454299719320935e-18,
    "(((2,), (1,)), ((2,), (4,)))": -1.2036752904484177e-16,
    "(((2,), (1,)), ((2,), (5,)))": 3.0351728349426125e-18,
    "(((2,), (1,)), ((2,), (6,)))": 1.858075107926539e-17,
    "(((2,), (2,)), ((0,), (0,)))": -1.912549836488358e-20,
    "(((2,), (2,)), ((0,), (1,)))": -4.855703975030281e-18,
    "(((2,), (2,)), ((0,), (2,)))": -7.713145418241455e-15,
    "(((2,), (2,)), ((0,), (3,)))": 2.521865247090369e-18,
    "(((2,), (2,)), ((0,), (4,)))": 0.0024677888230835946,
    "(((2,), (2,)), ((0,), (5,)))": 0.0002513094338489727,
    "(((2,), (2,)), ((0,), (6,)))": -1.3836076314166337e-17,
    "(((2,), (2,)), ((1,), (0,)))": -1.306220125888197e-18,
    "(((2,), (2,)), ((1,), (1,)))": 3.7735602025483277e-19,
    "(((2,), (2,)), ((1,), (2,)))": 0.0024023003331262735,
    "(((2,), (2,)), ((1,), (3,)))": -3.8923862262204063e-10,
    "(((2,), (2,)), ((1,), (4,)))": 7.904419275514959e-15,
    "(((2,), (2,)), ((1,), (5,)))": 8.046924802653245e-16,
    "(((2,), (2,)), ((1,), (6,)))": -2.749524638328114e-19,
    "(((2,), (2,)), ((2,), (0,)))": 6.284385330571885e-18,
    "(((2,), (2,)), ((2,), (1,)))": -6.458847917257002e-17,
    "(((2,), (2,)), ((2,), (2,)))": -0.04694329034828436,
    "(((2,), (2,)), ((2,), (3,)))": -5.828943827045305e-19,
    "(((2,), (2,)), ((2,), (4,)))": -7.947710847804779e-17,
    "(((2,), (2,)), ((2,), (5,)))": -1.9061748642418088e-17,
    "(((2,), (2,)), ((2,), (6,)))": 2.1175564137343265e-17,
    "(((2,), (3,)), ((0,), (0,)))": -4.255637525566036e-18,
    "(((2,), (3,)), ((0,), (1,)))": -1.4269238165875857e-18,
    "(((2,), (3,)), ((0,), (2,)))": 2.3749970210306296e-18,
    "(((2,), (3,)), ((0,), (3,)))": -7.731190283636544e-15,
    "(((2,), (3,)), ((0,), (4,)))": -0.00025130943384897195,
    "(((2,), (3,)), ((0,), (5,)))": 0.0024677888230835963,
    "(((2,), (3,)), ((0,), (6,)))": 1.028492245995462e-18,
    "(((2,), (3,)), ((1,), (0,)))": -1.8048570132538706e-18,
    "(((2,), (3,)), ((1,), (1,)))": -8.220135456540157e-19,
    "(((2,), (3,)), ((1,), (2,)))": 3.8923862270860963e-10,
    "(((2,), (3,)), ((1,), (3,)))": 0.002402300333126273,
    "(((2,), (3,)), ((1,), (4,)))": -8.054365719127075e-16,
    "(((2,), (3,)), ((1,), (5,)))": 7.905302122480658e-15,
    "(((2,), (3,)), ((1,), (6,)))": -7.627211757336113e-20,
    "(((2,), (3,)), ((2,), (0,)))": -5.592955279743054e-16,
    "(((2,), (3,)), ((2,), (1,)))": -2.4542997193209034e-18,
    "(((2,), (3,)), ((2,), (2,)))": -5.259119761337835e-19,
    "(((2,), (3,)), ((2,), (3,)))": -0.0469432903482843,
    "(((2,), (3,)), ((2,), (4,)))": 9.828943041973526e-17,
    "(((2,), (3,)), ((2,), (5,)))": -3.0848092171648833e-16,
    "(((2,), (3,)), ((2,), (6,)))": -5.088352258779706e-17,
    "(((2,), (4,)), ((0,), (0,)))": 5.537143630260095e-19,
    "(((2,), (4,)), ((0,), (1,)))": -1.1829665664806593e-17,
    "(((2,), (4,)), ((0,), (2,)))": 0.002344202009912628,
    "(((2,), (4,)), ((0,), (3,)))": -0.00023872381726616727,
    "(((2,), (4,)), ((0,), (4,)))": -7.882197746243816e-15,
    "(((2,), (4,)), ((0,), (5,)))": -5.2097430515815445e-18,
    "(((2,), (4,)), ((0,), (6,)))": -5.2594248541219255e-18,
    "(((2,), (4,)), ((1,), (0,)))": -1.3352479330466818e-18,
    "(((2,), (4,)), ((1,), (1,)))": 5.660181428439932e-20,
    "(((2,), (4,)), ((1,), (2,)))": 7.508734821612435e-15,
    "(((2,), (4,)), ((1,), (3,)))": -7.651031722435928e-16,
    "(((2,), (4,)), ((1,), (4,)))": 0.002470186170642099,
    "(((2,), (4,)), ((1,), (5,)))": -3.6568185522110084e-10,
    "(((2,), (4,)), ((1,), (6,)))": -8.117639025168842e-20,
    "(((2,), (4,)), ((2,), (0,)))": -5.181015519611728e-17,
    "(((2,), (4,)), ((2,), (1,)))": -1.203675290448418e-16,
    "(((2,), (4,)), ((2,), (2,)))": -7.461606115739812e-17,
    "(((2,), (4,)), ((2,), (3,)))": 9.846033344312788e-17,
    "(((2,), (4,)), ((2,), (4,)))": 9.618039086570218e-06,
    "(((2,), (4,)), ((2,), (5,)))": 3.529048307797993e-18,
    "(((2,), (4,)), ((2,), (6,)))": -1.2210928009615575e-17,
    "(((2,), (5,)), ((0,), (0,)))": -3.7050864283656505e-18,
    "(((2,), (5,)), ((0,), (1,)))": -9.281744865001302e-19,
    "(((2,), (5,)), ((0,), (2,)))": 0.00023872381726616795,
    "(((2,), (5,)), ((0,), (3,)))": 0.0023442020099126285,
    "(((2,), (5,)), ((0,), (4,)))": -4.970030314893404e-18,
    "(((2,), (5,)), ((0,), (5,)))": -7.865046092727118e-15,
    "(((2,), (5,)), ((0,), (6,)))": -1.1307908166617522e-18,
    "(((2,), (5,)), ((1,), (0,)))": -2.8964693104381152e-18,
    "(((2,), (5,)), ((1,), (1,)))": -6.618686512627523e-19,
    "(((2,), (5,)), ((1,), (2,)))": 7.643965748499777e-16,
    "(((2,), (5,)), ((1,), (3,)))": 7.508439834371482e-15,
    "(((2,), (5,)), ((1,), (4,)))": 3.656818564630026e-10,
    "(((2,), (5,)), ((1,), (5,)))": 0.0024701861706420995,
    "(((2,), (5,)), ((1,), (6,)))": -7.642518463061399e-19,
    "(((2,), (5,)), ((2,), (0,)))": -6.457065663199313e-16,
    "(((2,), (5,)), ((2,), (1,)))": 3.035172834942636e-18,
    "(((2,), (5,)), ((2,), (2,)))": -1.950228752089942e-17,
    "(((2,), (5,)), ((2,), (3,)))": -3.0148564738704733e-16,
    "(((2,), (5,)), ((2,), (4,)))": 3.284384433483256e-18,
    "(((2,), (5,)), ((2,), (5,)))": 9.618039086591035e-06,
    "(((2,), (5,)), ((2,), (6,)))": -1.2109899065533833e-16,
    "(((2,), (6,)), ((0,), (0,)))": 3.788827888757953e-15,
    "(((2,), (6,)), ((0,), (1,)))": -0.002297277721165909,
    "(((2,), (6,)), ((0,), (2,)))": -1.1415939505525432e-17,
    "(((2,), (6,)), ((0,), (3,)))": -2.020045943071224e-19,
    "(((2,), (6,)), ((0,), (4,)))": -4.467861380393694e-18,
    "(((2,), (6,)), ((0,), (5,)))": -2.42218732182689e-18,
    "(((2,), (6,)), ((0,), (6,)))": -7.194189421852789e-15,
    "(((2,), (6,)), ((1,), (0,)))": -0.0011743564242004264,
    "(((2,), (6,)), ((1,), (1,)))": -7.360938861155943e-15,
    "(((2,), (6,)), ((1,), (2,)))": -6.671939008183423e-19,
    "(((2,), (6,)), ((1,), (3,)))": -4.850009425485025e-19,
    "(((2,), (6,)), ((1,), (4,)))": -4.344154986394254e-19,
    "(((2,), (6,)), ((1,), (5,)))": -8.691410564488583e-19,
    "(((2,), (6,)), ((1,), (6,)))": 0.00224965093666828,
    "(((2,), (6,)), ((2,), (0,)))": -0.1008010356316711,
    "(((2,), (6,)), ((2,), (1,)))": 2.1372631803794145e-17,
    "(((2,), (6,)), ((2,), (2,)))": 2.1175564137343305e-17,
    "(((2,), (6,)), ((2,), (3,)))": -5.08835225877971e-17,
    "(((2,), (6,)), ((2,), (4,)))": -1.221092800961558e-17,
    "(((2,), (6,)), ((2,), (5,)))": -1.2109899065533833e-16,
    "(((2,), (6,)), ((2,), (6,)))": -0.017810705711307807
  },
  "red": [
    [
      0.9999509407867022,
      -1.1392842194552779e-17,
      -2.970003663580596e-15,
      -0.0010862715217798548,
      -2.245365101594642e-15,
      -1.4993336456808337e-17,
      -4.472448156591905e-17,
      -3.361049174384526e-17,
      5.182927120173462e-18,
      -0.0011422519447553427,
      0.0,
      0.0,
      0.0,
      0.0,
      0.0,
      0.0,
      0.0,
      0.0,
      0.0,
      0.0
    ],
    [
      -1.1392842194552779e-17,
      0.9999475740731973,
      0.0009041444915942124,
      -3.2752915299542257e-15,
      0.0006723782689810724,
      1.3701151404486096e-17,
      3.416115649292002e-17,
      3.089807816867562e-17,
      -1.5997496845582873e-17,
      -3.6329572860700546e-15,
      0.0,
      0.0,
      0.0,
      0.0,
      0.0,
      0.0,
      0.0,
      0.0,
      0.0,
      0.0
    ],
    [
      -2.970003663580596e-15,
      0.0009041444915942124,
      0.7352252158002299,
      5.568501623363743e-16,
      0.07178919185684246,
      2.4307780235664425e-16,
      -4.759858221623617e-16,
      -1.292177424993813e-17,
      -4.1066983551709734e-16,
      8.699503054032058e-17,
      0.0,
      0.0,
      0.0,
      0.0,
      0.0,
      0.0,
      0.0,
      0.0,
      0.0,
      0.0
    ],
    [
      -0.0010862715217798548,
      -3.2752915299542257e-15,
      5.568501623363743e-16,
      0.2382862426577271,
      2.5436222491080056e-17,
      -5.40572201723816e-18,
      2.9855005200702843e-16,
      2.60303284568836e-17,
      3.205631481648877e-16,
      0.04994001722779608,
      0.0,
      0.0,
      0.0,
      0.0,
      0.0,
      0.0,
      0.0,
      0.0,
      0.0,
      0.0
    ],
    [
      -2.245365101594642e-15,
      0.0006723782689810724,
      0.07178919185684246,
      2.5436222491080056e-17,
      0.011568943003636218,
      3.472025347288492e-17,
      -5.307782736579425e-17,
      6.808339154749616e-18,
      -4.374926378748644e-17,
      3.6603678913419365e-18,
      0.0,
      0.0,
      0.0,
      0.0,
      0.0,
      0.0,
      0.0,
      0.0,
      0.0,
      0.0
    ],
    [
      -1.4993336456808337e-17,
      1.3701151404486096e-17,
      2.4307780235664425e-16,
      -5.40572201723816e-18,
      3.472025347288492e-17,
      0.0022291618742724217,
      5.702359061790802e-20,
      3.55188965285387e-18,
      9.137007185414308e-19,
      -1.979491873594747e-18,
      0.0,
      0.0,
      0.0,
      0.0,
      0.0,
      0.0,
      0.0,
      0.0,
      0.0,
      0.0
    ],
    [
      -4.472448156591905e-17,
      3.416115649292002e-17,
      -4.759858221623617e-16,
      2.9855005200702843e-16,
      -5.307782736579425e-17,
      5.702359061790802e-20,
      0.0022291618742724165,
      -4.635307562994428e-18,
      1.4209175054945984e-17,
      5.974949009038634e-17,
      0.0,
      0.0,
      0.0,
      0.0,
      0.0,
      0.0,
      0.0,
      0.0,
      0.0,
      0.0
    ],
    [
      -3.361049174384526e-17,
      3.089807816867562e-17,
      -1.292177424993813e-17,
      2.60303284568836e-17,
      6.808339154749616e-18,
      3.55188965285387e-18,
      -4.635307562994428e-18,
      2.6669321656178613e-05,
      1.0438922264617984e-20,
      5.498145200388506e-18,
      0.0,
      0.0,
      0.0,
      0.0,
      0.0,
      0.0,
      0.0,
      0.0,
      0.0,
      0.0
    ],
    [
      5.182927120173462e-18,
      -1.5997496845582873e-17,
      -4.1066983551709734e-16,
      3.205631481648877e-16,
      -4.374926378748644e-17,
      9.137007185414308e-19,
      1.4209175054945984e-17,
      1.0438922264617984e-20,
      2.6669321656178633e-05,
      6.723774363726747e-17,
      0.0,
      0.0,
      0.0,
      0.0,
      0.0,
      0.0,
      0.0,
      0.0,
      0.0,
      0.0
    ],
    [
      -0.0011422519447553427,
      -3.6329572860700546e-15,
      8.699503054032058e-17,
      0.04994001722779608,
      3.6603678913419365e-18,
      -1.979491873594747e-18,
      5.974949009038634e-17,
      5.498145200388506e-18,
      6.723774363726747e-17,
      0.010509421286648987,
      0.0,
      0.0,
      0.0,
      0.0,
      0.0,
      0.0,
      0.0,
      0.0,
      0.0,
      0.0
    ],
    [
      0.0,
      0.0,
      0.0,
      0.0,
      0.0,
      0.0,
      0.0,
      0.0,
      0.0,
      0.0,
      0.9999509407867022,
      -1.1398859703825233e-17,
      -2.9722884533330674e-15,
      -0.0010862715217798545,
      -2.245323870790146e-15,
      -1.4993336456808337e-17,
      -4.472448156591905e-17,
      -3.361049174384526e-17,
      5.182927120173462e-18,
      -0.0011422519447553427
    ],
    [
      0.0,
      0.0,
      0.0,
      0.0,
      0.0,
      0.0,
      0.0,
      0.0,
      0.0,
      0.0,
      -1.1398859703825233e-17,
      0.9999475740731973,
      0.0009041444915942121,
      -3.2754299901445348e-15,
      0.0006723782689810724,
      1.3701151404486096e-17,
      3.416115649292002e-17,
      3.089807816867562e-17,
      -1.5997496845582873e-17,
      -3.633089112712601e-15
    ],
    [
      0.0,
      0.0,
      0.0,
      0.0,
      0.0,
      0.0,
      0.0,
      0.0,
      0.0,
      0.0,
      -2.9722884533330674e-15,
      0.0009041444915942121,
      0.7352252158002299,
      5.562561770778259e-16,
      0.07178919185684246,
      2.4307780235664425e-16,
      -4.759858221623618e-16,
      -1.292177424993813e-17,
      -4.1066983551709734e-16,
      8.674454440934228e-17
    ],
    [
      0.0,
      0.0,
      0.0,
      0.0,
      0.0,
      0.0,
      0.0,
      0.0,
      0.0,
      0.0,
      -0.0010862715217798545,
      -3.2754299901445348e-15,
      5.562561770778259e-16,
      0.2382862426577271,
      2.235392264807096e-17,
      -5.4057220172381736e-18,
      2.9855005200702847e-16,
      2.60303284568836e-17,
      3.205631481648877e-16,
      0.049940017227796084
    ],
    [
      0.0,
      0.0,
      0.0,
      0.0,
      0.0,
      0.0,
      0.0,
      0.0,
      0.0,
      0.0,
      -2.245323870790146e-15,
      0.0006723782689810724,
      0.07178919185684246,
      2.235392264807096e-17,
      0.011568943003636216,
      3.4720253472884914e-17,
      -5.307782736579426e-17,
      6.808339154749614e-18,
      -4.374926378748645e-17,
      3.099504063824876e-18
    ],
    [
      0.0,
      0.0,
      0.0,
      0.0,
      0.0,
      0.0,
      0.0,
      0.0,
      0.0,
      0.0,
      -1.4993336456808337e-17,
      1.3701151404486096e-17,
      2.4307780235664425e-16,
      -5.4057220172381736e-18,
      3.4720253472884914e-17,
      0.0022291618742724217,
      5.685708659018913e-20,
      3.7802638148692034e-18,
      8.927829776240413e-19,
      -1.979491873594748e-18
    ],
    [
      0.0,
      0.0,
      0.0,
      0.0,
      0.0,
      0.0,
      0.0,
      0.0,
      0.0,
      0.0,
      -4.472448156591905e-17,
      3.416115649292002e-17,
      -4.759858221623618e-16,
      2.9855005200702847e-16,
      -5.307782736579426e-17,
      5.685708659018913e-20,
      0.0022291618742724165,
      -4.627026772203648e-18,
      1.4537650394149466e-17,
      5.974949009038634e-17
    ],
    [
      0.0,
      0.0,
      0.0,
      0.0,
      0.0,
      0.0,
      0.0,
      0.0,
      0.0,
      0.0,
      -3.361049174384526e-17,
      3.089807816867562e-17,
      -1.292177424993813e-17,
      2.60303284568836e-17,
      6.808339154749614e-18,
      3.7802638148692034e-18,
      -4.627026772203648e-18,
      2.666932165617862e-05,
      1.0015406116131077e-20,
      5.498145200388506e-18
    ],
    [
      0.0,
      0.0,
      0.0,
      0.0,
      0.0,
      0.0,
      0.0,
      0.0,
      0.0,
      0.0,
      5.182927120173462e-18,
      -1.5997496845582873e-17,
      -4.1066983551709734e-16,
      3.205631481648877e-16,
      -4.374926378748645e-17,
      8.927829776240413e-19,
      1.4537650394149466e-17,
      1.0015406116131077e-20,
      2.6669321656178646e-05,
      6.723774363726746e-17
    ],
    [
      0.0,
      0.0,
      0.0,
      0.0,
      0.0,
      0.0,
      0.0,
      0.0,
      0.0,
      0.0,
      -0.0011422519447553427,
      -3.633089112712601e-15,
      8.674454440934228e-17,
      0.049940017227796084,
      3.099504063824876e-18,
      -1.979491873594748e-18,
      5.974949009038634e-17,
      5.498145200388506e-18,
      6.723774363726746e-17,
      0.01050942128664899
    ]
  ],
  "CSRM": [
    [
      1.0381335158939047,
      5.609511540528055e-06,
      0.0007360171202374967,
      -0.0009900298426659933,
      -0.000557513476858077,
      -0.0005982286240547742,
      -0.0005982286240547742,
      -0.0007606450549720714,
      -0.0007606450549720719,
      -0.0009974423482918035
    ],
    [
      5.609511540528055e-06,
      1.0381264215279298,
      0.0007439811651395725,
      -0.0009989780378698383,
      -0.0005705326158211437,
      -0.0005978994181252269,
      -0.0005978994181252269,
      -0.0007378806905482525,
      -0.0007378806905482532,
      -0.0009706911016640432
    ],
    [
      0.0007360171202374967,
      0.0007439811651395725,
      0.7547746797437173,
      -0.4227837240142732,
      -0.051445458642245645,
      -0.04155484057647747,
      -0.041554840576477424,
      8.514019318532099e-06,
      8.514019318550527e-06,
      -0.015766279502284652
    ],
    [
      -0.0009900298426659933,
      -0.0009989780378698383,
      -0.4227837240142732,
      0.23684090811385372,
      0.028808458294819914,
      0.023268374689782254,
      0.023268374689782226,
      -1.3864843223253955e-05,
      -1.386484322326428e-05,
      0.008824228348169835
    ],
    [
      -0.000557513476858077,
      -0.0005705326158211437,
      -0.051445458642245645,
      0.028808458294819914,
      0.003519929754770919,
      0.0028455809808191936,
      0.0028455809808191905,
      1.3094958515005047e-05,
      1.3094958515003798e-05,
      0.0010875722637609026
    ],
    [
      -0.0005982286240547742,
      -0.0005978994181252269,
      -0.04155484057647747,
      0.023268374689782254,
      0.0028455809808191936,
      0.0023008514976384257,
      0.0023008514976384227,
      1.3040664778130148e-05,
      1.304066477812914e-05,
      0.0008808389633355202
    ],
    [
      -0.0005982286240547742,
      -0.0005978994181252269,
      -0.041554840576477424,
      0.023268374689782226,
      0.0028455809808191905,
      0.0023008514976384227,
      0.00230085149763842,
      1.3040664778130146e-05,
      1.3040664778129136e-05,
      0.0008808389633355192
    ],
    [
      -0.0007606450549720714,
      -0.0007378806905482525,
      8.514019318532099e-06,
      -1.3864843223253955e-05,
      1.3094958515005047e-05,
      1.3040664778130148e-05,
      1.3040664778130146e-05,
      1.4158265719112463e-05,
      1.4158265719112468e-05,
      1.3315391647453752e-05
    ],
    [
      -0.0007606450549720719,
      -0.0007378806905482532,
      8.514019318550527e-06,
      -1.386484322326428e-05,
      1.3094958515003798e-05,
      1.304066477812914e-05,
      1.3040664778129136e-05,
      1.4158265719112468e-05,
      1.4158265719112477e-05,
      1.3315391647453376e-05
    ],
    [
      -0.0009974423482918035,
      -0.0009706911016640432,
      -0.015766279502284652,
      0.008824228348169835,
