{
  "E": -14.660780630267585,
  "sol": {
    "(((), ()), ((), ()))": 0.9487105313153417,
    "(((0,), (0,)), ((), ()))": 0.0007811991467377941,
    "(((), ()), ((0,), (0,)))": 0.0007811991467377941,
    "(((0,), (1,)), ((), ()))": -3.3786141036633926e-17,
    "(((), ()), ((0,), (1,)))": -3.3786141036633926e-17,
    "(((0,), (2,)), ((), ()))": -7.797873560234712e-17,
    "(((), ()), ((0,), (2,)))": -7.797873560234712e-17,
    "(((0,), (3,)), ((), ()))": 3.3416069301794207e-16,
    "(((), ()), ((0,), (3,)))": 3.3416069301794207e-16,
    "(((0,), (4,)), ((), ()))": -5.885071793716711e-17,
    "(((), ()), ((0,), (4,)))": -5.885071793716711e-17,
    "(((0,), (5,)), ((), ()))": -3.7762236636102594e-19,
    "(((), ()), ((0,), (5,)))": -3.7762236636102594e-19,
    "(((0,), (6,)), ((), ()))": -0.0010239383844575756,
    "(((), ()), ((0,), (6,)))": -0.0010239383844575756,
    "(((1,), (0,)), ((), ()))": 8.482317302202114e-16,
    "(((), ()), ((1,), (0,)))": 8.482317302202114e-16,
    "(((1,), (1,)), ((), ()))": 3.4700345544445975e-17,
    "(((), ()), ((1,), (1,)))": 3.4700345544445975e-17,
    "(((1,), (2,)), ((), ()))": 7.647331654058736e-17,
    "(((), ()), ((1,), (2,)))": 7.647331654058736e-17,
    "(((1,), (3,)), ((), ()))": -0.0003174090218657682,
    "(((), ()), ((1,), (3,)))": -0.0003174090218657682,
    "(((1,), (4,)), ((), ()))": 6.260070713242081e-17,
    "(((), ()), ((1,), (4,)))": 6.260070713242081e-17,
    "(((1,), (5,)), ((), ()))": 2.5402969764756453e-18,
    "(((), ()), ((1,), (5,)))": 2.5402969764756453e-18,
    "(((1,), (6,)), ((), ()))": -1.0517980823732778e-15,
    "(((), ()), ((1,), (6,)))": -1.0517980823732778e-15,
    "(((2,), (0,)), ((), ()))": 1.4599860085735347e-16,
    "(((), ()), ((2,), (0,)))": 1.4599860085735347e-16,
    "(((2,), (1,)), ((), ()))": -3.9896042820842515e-16,
    "(((), ()), ((2,), (1,)))": -3.9896042820842515e-16,
    "(((2,), (2,)), ((), ()))": -3.7322257580863864e-16,
    "(((), ()), ((2,), (2,)))": -3.7322257580863864e-16,
    "(((2,), (3,)), ((), ()))": -0.0632297427606419,
    "(((), ()), ((2,), (3,)))": -0.0632297427606419,
    "(((2,), (4,)), ((), ()))": -6.507872827553122e-17,
    "(((), ()), ((2,), (4,)))": -6.507872827553122e-17,
    "(((2,), (5,)), ((), ()))": 1.5090883186442585e-16,
    "(((), ()), ((2,), (5,)))": 1.5090883186442585e-16,
    "(((2,), (6,)), ((), ()))": 1.2762013452140624e-15,
    "(((), ()), ((2,), (6,)))": 1.2762013452140624e-15,
    "(((0,), (0,)), ((0,), (0,)))": -0.0018655892321242137,
    "(((0,), (0,)), ((0,), (1,)))": 6.831074624999096e-19,
    "(((0,), (0,)), ((0,), (2,)))": 1.0695025524291578e-18,
    "(((0,), (0,)), ((0,), (3,)))": 1.7654539141236061e-15,
    "(((0,), (0,)), ((0,), (4,)))": 4.493905626681755e-19,
    "(((0,), (0,)), ((0,), (5,)))": -1.9003369945566924e-19,
    "(((0,), (0,)), ((0,), (6,)))": 0.0007782646756025864,
    "(((0,), (0,)), ((1,), (0,)))": 6.252643427155523e-18,
    "(((0,), (0,)), ((1,), (1,)))": -6.668008173317895e-18,
    "(((0,), (0,)), ((1,), (2,)))": -2.6401270295008335e-18,
    "(((0,), (0,)), ((1,), (3,)))": -0.0008326780776736168,
    "(((0,), (0,)), ((1,), (4,)))": 4.3159851242617245e-20,
    "(((0,), (0,)), ((1,), (5,)))": 2.7907492972926434e-19,
    "(((0,), (0,)), ((1,), (6,)))": -4.041420755821441e-17,
    "(((0,), (0,)), ((2,), (0,)))": 1.6418721762950045e-15,
    "(((0,), (0,)), ((2,), (1,)))": 5.5930888618201455e-18,
    "(((0,), (0,)), ((2,), (2,)))": 2.1869270284231428e-18,
    "(((0,), (0,)), ((2,), (3,)))": 0.0007083582295123304,
    "(((0,), (0,)), ((2,), (4,)))": 4.746164050925672e-19,
    "(((0,), (0,)), ((2,), (5,)))": 1.1690498719964905e-19,
    "(((0,), (0,)), ((2,), (6,)))": -2.3299458023093965e-15,
    "(((0,), (1,)), ((0,), (0,)))": 6.831074624999044e-19,
    "(((0,), (1,)), ((0,), (1,)))": -0.0005211063988846279,
    "(((0,), (1,)), ((0,), (2,)))": 1.4894331264790473e-19,
    "(((0,), (1,)), ((0,), (3,)))": -1.3202702558470067e-18,
    "(((0,), (1,)), ((0,), (4,)))": 1.7539819201430712e-15,
    "(((0,), (1,)), ((0,), (5,)))": 9.438413309368604e-16,
    "(((0,), (1,)), ((0,), (6,)))": -4.68485851512045e-19,
    "(((0,), (1,)), ((1,), (0,)))": -6.672522164582644e-18,
    "(((0,), (1,)), ((1,), (1,)))": 2.9541149197306337e-17,
    "(((0,), (1,)), ((1,), (2,)))": 3.797382618593572e-19,
    "(((0,), (1,)), ((1,), (3,)))": -1.6557483252520777e-19,
    "(((0,), (1,)), ((1,), (4,)))": -0.000793328310405361,
    "(((0,), (1,)), ((1,), (5,)))": -0.0004269743012459889,
    "(((0,), (1,)), ((1,), (6,)))": -5.188064598396415e-18,
    "(((0,), (1,)), ((2,), (0,)))": 3.1684601232963664e-18,
    "(((0,), (1,)), ((2,), (1,)))": -2.8239726453300913e-15,
    "(((0,), (1,)), ((2,), (2,)))": -6.836105752729832e-19,
    "(((0,), (1,)), ((2,), (3,)))": 3.699735352625438e-18,
    "(((0,), (1,)), ((2,), (4,)))": 0.0020420563328220455,
    "(((0,), (1,)), ((2,), (5,)))": 0.0010990436725461057,
    "(((0,), (1,)), ((2,), (6,)))": 1.751870822758044e-17,
    "(((0,), (2,)), ((0,), (0,)))": 1.0695025524291528e-18,
    "(((0,), (2,)), ((0,), (1,)))": -3.128945878092393e-20,
    "(((0,), (2,)), ((0,), (2,)))": -0.0005211063988846281,
    "(((0,), (2,)), ((0,), (3,)))": -5.508472692314571e-19,
    "(((0,), (2,)), ((0,), (4,)))": 9.445722125791824e-16,
    "(((0,), (2,)), ((0,), (5,)))": -1.7544847966522431e-15,
    "(((0,), (2,)), ((0,), (6,)))": -9.25692046401879e-19,
    "(((0,), (2,)), ((1,), (0,)))": -2.8304991513768997e-18,
    "(((0,), (2,)), ((1,), (1,)))": 1.6489359763888595e-19,
    "(((0,), (2,)), ((1,), (2,)))": 3.180554194566459e-17,
    "(((0,), (2,)), ((1,), (3,)))": 2.7284467141394665e-19,
    "(((0,), (2,)), ((1,), (4,)))": -0.00042697430124598876,
    "(((0,), (2,)), ((1,), (5,)))": 0.0007933283104053617,
    "(((0,), (2,)), ((1,), (6,)))": -2.0267669973617862e-18,
    "(((0,), (2,)), ((2,), (0,)))": 6.847073753331781e-19,
    "(((0,), (2,)), ((2,), (1,)))": -7.954531929721901e-19,
    "(((0,), (2,)), ((2,), (2,)))": -2.8296573503574435e-15,
    "(((0,), (2,)), ((2,), (3,)))": 6.1146504258979955e-18,
    "(((0,), (2,)), ((2,), (4,)))": 0.0010990436725461057,
    "(((0,), (2,)), ((2,), (5,)))": -0.0020420563328220473,
    "(((0,), (2,)), ((2,), (6,)))": 7.299512788212821e-18,
    "(((0,), (3,)), ((0,), (0,)))": 1.7652087240580673e-15,
    "(((0,), (3,)), ((0,), (1,)))": -1.3202702558470127e-18,
    "(((0,), (3,)), ((0,), (2,)))": -5.508472692314606e-19,
    "(((0,), (3,)), ((0,), (3,)))": -0.000696810996052634,
    "(((0,), (3,)), ((0,), (4,)))": -7.976731358088439e-20,
    "(((0,), (3,)), ((0,), (5,)))": -7.861377832798194e-20,
    "(((0,), (3,)), ((0,), (6,)))": 1.5907312047782631e-15,
    "(((0,), (3,)), ((1,), (0,)))": -0.0008050368187170352,
    "(((0,), (3,)), ((1,), (1,)))": -1.5011175438505544e-19,
    "(((0,), (3,)), ((1,), (2,)))": 3.299797114244565e-19,
    "(((0,), (3,)), ((1,), (3,)))": 4.9325569049310617e-17,
    "(((0,), (3,)), ((1,), (4,)))": 7.660328449027352e-18,
    "(((0,), (3,)), ((1,), (5,)))": 8.235889970404116e-19,
    "(((0,), (3,)), ((1,), (6,)))": -0.0006985424850543104,
    "(((0,), (3,)), ((2,), (0,)))": 0.0006062028007868577,
    "(((0,), (3,)), ((2,), (1,)))": 1.2827391170206659e-18,
    "(((0,), (3,)), ((2,), (2,)))": 1.5128130230450213e-19,
    "(((0,), (3,)), ((2,), (3,)))": -3.0364320922322294e-15,
    "(((0,), (3,)), ((2,), (4,)))": -1.935134776786313e-17,
    "(((0,), (3,)), ((2,), (5,)))": -2.3616986619400586e-18,
    "(((0,), (3,)), ((2,), (6,)))": 0.002171616832624672,
    "(((0,), (4,)), ((0,), (0,)))": 4.493905626681753e-19,
    "(((0,), (4,)), ((0,), (1,)))": 1.7543718590222385e-15,
    "(((0,), (4,)), ((0,), (2,)))": 9.443487796362869e-16,
    "(((0,), (4,)), ((0,), (3,)))": -7.976731358088699e-20,
    "(((0,), (4,)), ((0,), (4,)))": -0.001055227520771479,
    "(((0,), (4,)), ((0,), (5,)))": 3.485950669817305e-19,
    "(((0,), (4,)), ((0,), (6,)))": -6.27334936117749e-19,
    "(((0,), (4,)), ((1,), (0,)))": -3.660546449872227e-19,
    "(((0,), (4,)), ((1,), (1,)))": -0.0008238888049936882,
    "(((0,), (4,)), ((1,), (2,)))": -0.0004434220665490649,
    "(((0,), (4,)), ((1,), (3,)))": 7.891273473457154e-18,
    "(((0,), (4,)), ((1,), (4,)))": -7.03627654993861e-17,
    "(((0,), (4,)), ((1,), (5,)))": 1.3623276009385214e-18,
    "(((0,), (4,)), ((1,), (6,)))": 6.260237671713932e-19,
    "(((0,), (4,)), ((2,), (0,)))": -1.0473001178139632e-18,
    "(((0,), (4,)), ((2,), (1,)))": 0.0024210769085896084,
    "(((0,), (4,)), ((2,), (2,)))": 0.0013030351026722662,
    "(((0,), (4,)), ((2,), (3,)))": -1.8227462923594933e-17,
    "(((0,), (4,)), ((2,), (4,)))": -2.887266148146845e-15,
    "(((0,), (4,)), ((2,), (5,)))": -3.321662167984912e-18,
    "(((0,), (4,)), ((2,), (6,)))": -5.823556495954246e-19,
    "(((0,), (5,)), ((0,), (0,)))": -1.9003369945566985e-19,
    "(((0,), (5,)), ((0,), (1,)))": 9.44179341463933e-16,
    "(((0,), (5,)), ((0,), (2,)))": -1.7543328136488266e-15,
    "(((0,), (5,)), ((0,), (3,)))": -7.861377832798011e-20,
    "(((0,), (5,)), ((0,), (4,)))": -7.191310912651332e-20,
    "(((0,), (5,)), ((0,), (5,)))": -0.0010552275207714797,
    "(((0,), (5,)), ((0,), (6,)))": 2.0128765481133962e-19,
    "(((0,), (5,)), ((1,), (0,)))": 3.98896616074642e-19,
    "(((0,), (5,)), ((1,), (1,)))": -0.00044342206654906456,
    "(((0,), (5,)), ((1,), (2,)))": 0.0008238888049936885,
    "(((0,), (5,)), ((1,), (3,)))": 8.645614561733009e-19,
    "(((0,), (5,)), ((1,), (4,)))": 1.1064306286600567e-18,
    "(((0,), (5,)), ((1,), (5,)))": -7.17812012269956e-17,
    "(((0,), (5,)), ((1,), (6,)))": 2.0733738978297078e-19,
    "(((0,), (5,)), ((2,), (0,)))": 4.844787389359363e-19,
    "(((0,), (5,)), ((2,), (1,)))": 0.0013030351026722662,
    "(((0,), (5,)), ((2,), (2,)))": -0.002421076908589609,
    "(((0,), (5,)), ((2,), (3,)))": -2.9239020010808374e-18,
    "(((0,), (5,)), ((2,), (4,)))": -3.2293816819035406e-18,
    "(((0,), (5,)), ((2,), (5,)))": -2.8834203744465874e-15,
    "(((0,), (5,)), ((2,), (6,)))": -1.2808049371534435e-18,
    "(((0,), (6,)), ((0,), (0,)))": 0.0007782646756025864,
    "(((0,), (6,)), ((0,), (1,)))": -4.684858515120452e-19,
    "(((0,), (6,)), ((0,), (2,)))": -9.256920464018815e-19,
    "(((0,), (6,)), ((0,), (3,)))": 1.589509342067089e-15,
    "(((0,), (6,)), ((0,), (4,)))": -6.2733493611774815e-19,
    "(((0,), (6,)), ((0,), (5,)))": 2.012876548113404e-19,
    "(((0,), (6,)), ((0,), (6,)))": -0.0021144860817744705,
    "(((0,), (6,)), ((1,), (0,)))": -4.2115100227703334e-17,
    "(((0,), (6,)), ((1,), (1,)))": -5.887322376794892e-18,
    "(((0,), (6,)), ((1,), (2,)))": -2.4303380198583565e-18,
    "(((0,), (6,)), ((1,), (3,)))": -0.0007658248663785039,
    "(((0,), (6,)), ((1,), (4,)))": 3.535925557000432e-19,
    "(((0,), (6,)), ((1,), (5,)))": 3.3031118782181053e-19,
    "(((0,), (6,)), ((1,), (6,)))": -6.429693542038855e-17,
    "(((0,), (6,)), ((2,), (0,)))": -2.617274457206746e-15,
    "(((0,), (6,)), ((2,), (1,)))": 2.6016740454911075e-17,
    "(((0,), (6,)), ((2,), (2,)))": 1.0723995549913808e-17,
    "(((0,), (6,)), ((2,), (3,)))": 0.00332829676346115,
    "(((0,), (6,)), ((2,), (4,)))": -1.4029379837487065e-18,
    "(((0,), (6,)), ((2,), (5,)))": -1.4449501011042564e-18,
    "(((0,), (6,)), ((2,), (6,)))": -1.6851651537388577e-15,
    "(((1,), (0,)), ((0,), (0,)))": 7.0448322396219e-18,
    "(((1,), (0,)), ((0,), (1,)))": -6.672522164582656e-18,
    "(((1,), (0,)), ((0,), (2,)))": -2.830499151376898e-18,
    "(((1,), (0,)), ((0,), (3,)))": -0.0008050368187170346,
    "(((1,), (0,)), ((0,), (4,)))": -3.660546449872223e-19,
    "(((1,), (0,)), ((0,), (5,)))": 3.9889661607464193e-19,
    "(((1,), (0,)), ((0,), (6,)))": -4.1087042133606023e-17,
    "(((1,), (0,)), ((1,), (0,)))": -0.0018624896709718394,
    "(((1,), (0,)), ((1,), (1,)))": 6.102288750586357e-19,
    "(((1,), (0,)), ((1,), (2,)))": 1.0233680034704305e-18,
    "(((1,), (0,)), ((1,), (3,)))": -1.781879232064221e-15,
    "(((1,), (0,)), ((1,), (4,)))": 3.764363296407248e-19,
    "(((1,), (0,)), ((1,), (5,)))": -1.4648095054263345e-19,
    "(((1,), (0,)), ((1,), (6,)))": 0.0008239070301771308,
    "(((1,), (0,)), ((2,), (0,)))": -0.0015120680207434123,
    "(((1,), (0,)), ((2,), (1,)))": 2.9539481482967084e-18,
    "(((1,), (0,)), ((2,), (2,)))": 2.857318717126639e-18,
    "(((1,), (0,)), ((2,), (3,)))": 7.368562133740346e-16,
    "(((1,), (0,)), ((2,), (4,)))": 2.67809846158483e-18,
    "(((1,), (0,)), ((2,), (5,)))": -8.932460226113346e-19,
    "(((1,), (0,)), ((2,), (6,)))": 0.0021302586424064365,
    "(((1,), (1,)), ((0,), (0,)))": -6.668008173317883e-18,
    "(((1,), (1,)), ((0,), (1,)))": 2.958634959130393e-17,
    "(((1,), (1,)), ((0,), (2,)))": 3.7653514849344234e-19,
    "(((1,), (1,)), ((0,), (3,)))": -1.5011175438504875e-19,
    "(((1,), (1,)), ((0,), (4,)))": -0.0008238888049936886,
    "(((1,), (1,)), ((0,), (5,)))": -0.0004434220665490648,
    "(((1,), (1,)), ((0,), (6,)))": -5.887322376794892e-18,
    "(((1,), (1,)), ((1,), (0,)))": 6.102288750586268e-19,
    "(((1,), (1,)), ((1,), (1,)))": -0.0005407943501640623,
    "(((1,), (1,)), ((1,), (2,)))": 5.639820774630552e-20,
    "(((1,), (1,)), ((1,), (3,)))": -1.6914002186261858e-18,
    "(((1,), (1,)), ((1,), (4,)))": -1.7490025145577941e-15,
    "(((1,), (1,)), ((1,), (5,)))": -9.415102973492841e-16,
    "(((1,), (1,)), ((1,), (6,)))": -4.380676105444373e-19,
    "(((1,), (1,)), ((2,), (0,)))": 3.859413876524454e-18,
    "(((1,), (1,)), ((2,), (1,)))": 0.0025891776265004685,
    "(((1,), (1,)), ((2,), (2,)))": -1.038181500632496e-09,
    "(((1,), (1,)), ((2,), (3,)))": -8.443192605265176e-19,
    "(((1,), (1,)), ((2,), (4,)))": 2.2082119069351737e-15,
    "(((1,), (1,)), ((2,), (5,)))": 1.1884774943014643e-15,
    "(((1,), (1,)), ((2,), (6,)))": -2.3134188079083478e-18,
    "(((1,), (2,)), ((0,), (0,)))": -2.6401270295008335e-18,
    "(((1,), (2,)), ((0,), (1,)))": 1.3594925322597793e-19,
    "(((1,), (2,)), ((0,), (2,)))": 3.1692000716917636e-17,
    "(((1,), (2,)), ((0,), (3,)))": 3.29979711424458e-19,
    "(((1,), (2,)), ((0,), (4,)))": -0.0004434220665490645,
    "(((1,), (2,)), ((0,), (5,)))": 0.0008238888049936894,
    "(((1,), (2,)), ((0,), (6,)))": -2.430338019858354e-18,
    "(((1,), (2,)), ((1,), (0,)))": 1.0233680034704261e-18,
    "(((1,), (2,)), ((1,), (1,)))": 1.601768348714583e-19,
    "(((1,), (2,)), ((1,), (2,)))": -0.0005407943501640618,
    "(((1,), (2,)), ((1,), (3,)))": -7.103233536805352e-19,
    "(((1,), (2,)), ((1,), (4,)))": -9.411677443166953e-16,
    "(((1,), (2,)), ((1,), (5,)))": 1.7487743995319164e-15,
    "(((1,), (2,)), ((1,), (6,)))": -8.765932906240891e-19,
    "(((1,), (2,)), ((2,), (0,)))": 4.335333838157898e-18,
    "(((1,), (2,)), ((2,), (1,)))": 1.0381814999903386e-09,
    "(((1,), (2,)), ((2,), (2,)))": 0.0025891776265004694,
    "(((1,), (2,)), ((2,), (3,)))": -4.592364845747351e-18,
    "(((1,), (2,)), ((2,), (4,)))": 1.1883755801904657e-15,
    "(((1,), (2,)), ((2,), (5,)))": -2.208849086566335e-15,
    "(((1,), (2,)), ((2,), (6,)))": -1.8405123172472935e-18,
    "(((1,), (3,)), ((0,), (0,)))": -0.0008326780776736168,
    "(((1,), (3,)), ((0,), (1,)))": -1.655748325252123e-19,
    "(((1,), (3,)), ((0,), (2,)))": 2.7284467141394564e-19,
    "(((1,), (3,)), ((0,), (3,)))": 4.960670403698389e-17,
    "(((1,), (3,)), ((0,), (4,)))": 7.891273473457153e-18,
    "(((1,), (3,)), ((0,), (5,)))": 8.645614561733001e-19,
    "(((1,), (3,)), ((0,), (6,)))": -0.000765824866378503,
    "(((1,), (3,)), ((1,), (0,)))": -1.7815309674020434e-15,
    "(((1,), (3,)), ((1,), (1,)))": -1.6914002186261888e-18,
    "(((1,), (3,)), ((1,), (2,)))": -7.103233536805325e-19,
    "(((1,), (3,)), ((1,), (3,)))": -0.0007576285888415749,
    "(((1,), (3,)), ((1,), (4,)))": -1.032580193005014e-19,
    "(((1,), (3,)), ((1,), (5,)))": -2.193241420933688e-20,
    "(((1,), (3,)), ((1,), (6,)))": -1.5811584494382187e-15,
    "(((1,), (3,)), ((2,), (0,)))": 6.284556128335514e-16,
    "(((1,), (3,)), ((2,), (1,)))": 1.905906337305152e-18,
    "(((1,), (3,)), ((2,), (2,)))": 8.464780824245215e-19,
    "(((1,), (3,)), ((2,), (3,)))": 0.002826184422144305,
    "(((1,), (3,)), ((2,), (4,)))": 2.098006589737942e-19,
    "(((1,), (3,)), ((2,), (5,)))": -5.473359668359007e-20,
    "(((1,), (3,)), ((2,), (6,)))": 2.3649517769549744e-15,
    "(((1,), (4,)), ((0,), (0,)))": 4.315985124261686e-20,
    "(((1,), (4,)), ((0,), (1,)))": -0.0007933283104053607,
    "(((1,), (4,)), ((0,), (2,)))": -0.00042697430124598876,
    "(((1,), (4,)), ((0,), (3,)))": 7.660328449027353e-18,
    "(((1,), (4,)), ((0,), (4,)))": -7.028466094035442e-17,
    "(((1,), (4,)), ((0,), (5,)))": 1.233997038678667e-18,
    "(((1,), (4,)), ((0,), (6,)))": 3.53592555700043e-19,
    "(((1,), (4,)), ((1,), (0,)))": 3.7643632964072563e-19,
    "(((1,), (4,)), ((1,), (1,)))": -1.7487781051045059e-15,
    "(((1,), (4,)), ((1,), (2,)))": -9.406887470601094e-16,
    "(((1,), (4,)), ((1,), (3,)))": -1.032580193005014e-19,
    "(((1,), (4,)), ((1,), (4,)))": -0.000998727743754551,
    "(((1,), (4,)), ((1,), (5,)))": -2.2234907716011223e-20,
    "(((1,), (4,)), ((1,), (6,)))": -6.010216517593502e-19,
    "(((1,), (4,)), ((2,), (0,)))": 4.300222581873392e-18,
    "(((1,), (4,)), ((2,), (1,)))": 2.619045772377436e-15,
    "(((1,), (4,)), ((2,), (2,)))": 1.4096738751437085e-15,
    "(((1,), (4,)), ((2,), (3,)))": -4.2688520779145945e-18,
    "(((1,), (4,)), ((2,), (4,)))": 0.002686787234946812,
    "(((1,), (4,)), ((2,), (5,)))": 9.730415860994712e-10,
    "(((1,), (4,)), ((2,), (6,)))": -1.9698937185977024e-18,
    "(((1,), (5,)), ((0,), (0,)))": 2.7907492972926463e-19,
    "(((1,), (5,)), ((0,), (1,)))": -0.0004269743012459884,
    "(((1,), (5,)), ((0,), (2,)))": 0.0007933283104053607,
    "(((1,), (5,)), ((0,), (3,)))": 8.235889970404127e-19,
    "(((1,), (5,)), ((0,), (4,)))": 1.1261588429042017e-18,
    "(((1,), (5,)), ((0,), (5,)))": -7.15202987638473e-17,
    "(((1,), (5,)), ((0,), (6,)))": 3.3031118782181135e-19,
    "(((1,), (5,)), ((1,), (0,)))": -1.4648095054263232e-19,
    "(((1,), (5,)), ((1,), (1,)))": -9.411763701148373e-16,
    "(((1,), (5,)), ((1,), (2,)))": 1.7485414715703189e-15,
    "(((1,), (5,)), ((1,), (3,)))": -2.1932414209338698e-20,
    "(((1,), (5,)), ((1,), (4,)))": 1.742578462439091e-19,
    "(((1,), (5,)), ((1,), (5,)))": -0.0009987277437545513,
    "(((1,), (5,)), ((1,), (6,)))": 1.888896372749996e-19,
    "(((1,), (5,)), ((2,), (0,)))": -1.9695366790491052e-18,
    "(((1,), (5,)), ((2,), (1,)))": 1.4095961801649027e-15,
    "(((1,), (5,)), ((2,), (2,)))": -2.619725637638246e-15,
    "(((1,), (5,)), ((2,), (3,)))": -3.230162534079391e-19,
    "(((1,), (5,)), ((2,), (4,)))": -9.730415862414551e-10,
    "(((1,), (5,)), ((2,), (5,)))": 0.0026867872349468132,
    "(((1,), (5,)), ((2,), (6,)))": 8.745643643388288e-19,
    "(((1,), (6,)), ((0,), (0,)))": -4.145081162975886e-17,
    "(((1,), (6,)), ((0,), (1,)))": -5.188064598396407e-18,
    "(((1,), (6,)), ((0,), (2,)))": -2.0267669973617874e-18,
    "(((1,), (6,)), ((0,), (3,)))": -0.0006985424850543106,
    "(((1,), (6,)), ((0,), (4,)))": 6.26023767171393e-19,
    "(((1,), (6,)), ((0,), (5,)))": 2.0733738978297015e-19,
    "(((1,), (6,)), ((0,), (6,)))": -6.463229136736807e-17,
    "(((1,), (6,)), ((1,), (0,)))": 0.0008239070301771308,
    "(((1,), (6,)), ((1,), (1,)))": -4.380676105444352e-19,
    "(((1,), (6,)), ((1,), (2,)))": -8.765932906240868e-19,
    "(((1,), (6,)), ((1,), (3,)))": -1.5805335095375433e-15,
    "(((1,), (6,)), ((1,), (4,)))": -6.010216517593495e-19,
    "(((1,), (6,)), ((1,), (5,)))": 1.888896372750009e-19,
    "(((1,), (6,)), ((1,), (6,)))": -0.0020526903913341433,
    "(((1,), (6,)), ((2,), (0,)))": 0.002379543151780802,
    "(((1,), (6,)), ((2,), (1,)))": -2.1116972505510293e-18,
    "(((1,), (6,)), ((2,), (2,)))": -1.3748601685234519e-18,
    "(((1,), (6,)), ((2,), (3,)))": 3.614481789100904e-15,
    "(((1,), (6,)), ((2,), (4,)))": -1.5673041959617362e-18,
    "(((1,), (6,)), ((2,), (5,)))": 2.755486262023648e-19,
    "(((1,), (6,)), ((2,), (6,)))": 0.001547006709925582,
    "(((2,), (0,)), ((0,), (0,)))": 1.6410390634671878e-15,
    "(((2,), (0,)), ((0,), (1,)))": 3.16846012329639e-18,
    "(((2,), (0,)), ((0,), (2,)))": 6.847073753331789e-19,
    "(((2,), (0,)), ((0,), (3,)))": 0.0006062028007868595,
    "(((2,), (0,)), ((0,), (4,)))": -1.0473001178139655e-18,
    "(((2,), (0,)), ((0,), (5,)))": 4.844787389359352e-19,
    "(((2,), (0,)), ((0,), (6,)))": -2.6128272194430303e-15,
    "(((2,), (0,)), ((1,), (0,)))": -0.0015120680207434108,
    "(((2,), (0,)), ((1,), (1,)))": 3.859413876524425e-18,
    "(((2,), (0,)), ((1,), (2,)))": 4.335333838157895e-18,
    "(((2,), (0,)), ((1,), (3,)))": 6.247269346007537e-16,
    "(((2,), (0,)), ((1,), (4,)))": 4.30022258187339e-18,
    "(((2,), (0,)), ((1,), (5,)))": -1.9695366790491037e-18,
    "(((2,), (0,)), ((1,), (6,)))": 0.0023795431517808037,
    "(((2,), (0,)), ((2,), (0,)))": -0.20479860393785532,
    "(((2,), (0,)), ((2,), (1,)))": 3.1224336682551984e-17,
    "(((2,), (0,)), ((2,), (2,)))": 4.8124172109940996e-18,
    "(((2,), (0,)), ((2,), (3,)))": -2.535921125374337e-16,
    "(((2,), (0,)), ((2,), (4,)))": 1.1479556954064434e-16,
    "(((2,), (0,)), ((2,), (5,)))": -4.0948180305879595e-18,
    "(((2,), (0,)), ((2,), (6,)))": 0.07307987098990541,
    "(((2,), (1,)), ((0,), (0,)))": 5.59308886182012e-18,
    "(((2,), (1,)), ((0,), (1,)))": -2.823408170263669e-15,
    "(((2,), (1,)), ((0,), (2,)))": -2.8041882540720994e-19,
    "(((2,), (1,)), ((0,), (3,)))": 1.282739117020667e-18,
    "(((2,), (1,)), ((0,), (4,)))": 0.0024210769085896084,
    "(((2,), (1,)), ((0,), (5,)))": 0.0013030351026722662,
    "(((2,), (1,)), ((0,), (6,)))": 2.6016740454911103e-17,
    "(((2,), (1,)), ((1,), (0,)))": 2.9539481482967288e-18,
    "(((2,), (1,)), ((1,), (1,)))": 0.0025891776265004694,
    "(((2,), (1,)), ((1,), (2,)))": 1.038181499992277e-09,
    "(((2,), (1,)), ((1,), (3,)))": 1.9059063373051446e-18,
    "(((2,), (1,)), ((1,), (4,)))": 2.6187305256983862e-15,
    "(((2,), (1,)), ((1,), (5,)))": 1.4099146413091415e-15,
    "(((2,), (1,)), ((1,), (6,)))": -2.1116972505510327e-18,
    "(((2,), (1,)), ((2,), (0,)))": 3.1224336682552e-17,
    "(((2,), (1,)), ((2,), (1,)))": -0.12048959766571808,
    "(((2,), (1,)), ((2,), (2,)))": 1.442269613527935e-17,
    "(((2,), (1,)), ((2,), (3,)))": 1.7727639791670485e-16,
    "(((2,), (1,)), ((2,), (4,)))": -3.0516840455996977e-16,
    "(((2,), (1,)), ((2,), (5,)))": -1.6186331772126834e-16,
    "(((2,), (1,)), ((2,), (6,)))": -5.065342891620887e-18,
    "(((2,), (2,)), ((0,), (0,)))": 2.1869270284231416e-18,
    "(((2,), (2,)), ((0,), (1,)))": -1.0327273486015523e-18,
    "(((2,), (2,)), ((0,), (2,)))": -2.829394918966913e-15,
    "(((2,), (2,)), ((0,), (3,)))": 1.5128130230450232e-19,
    "(((2,), (2,)), ((0,), (4,)))": 0.0013030351026722654,
    "(((2,), (2,)), ((0,), (5,)))": -0.002421076908589608,
    "(((2,), (2,)), ((0,), (6,)))": 1.0723995549913802e-17,
    "(((2,), (2,)), ((1,), (0,)))": 2.857318717126637e-18,
    "(((2,), (2,)), ((1,), (1,)))": -1.038181500662569e-09,
    "(((2,), (2,)), ((1,), (2,)))": 0.0025891776265004694,
    "(((2,), (2,)), ((1,), (3,)))": 8.464780824245246e-19,
    "(((2,), (2,)), ((1,), (4,)))": 1.4091048711087407e-15,
    "(((2,), (2,)), ((1,), (5,)))": -2.61891940331539e-15,
    "(((2,), (2,)), ((1,), (6,)))": -1.3748601685234436e-18,
    "(((2,), (2,)), ((2,), (0,)))": 4.8124172109938716e-18,
    "(((2,), (2,)), ((2,), (1,)))": 4.362116782930636e-18,
    "(((2,), (2,)), ((2,), (2,)))": -0.1204895976657183,
    "(((2,), (2,)), ((2,), (3,)))": 9.411047936323208e-17,
    "(((2,), (2,)), ((2,), (4,)))": -2.570358205626998e-16,
    "(((2,), (2,)), ((2,), (5,)))": 4.2456809582475345e-16,
    "(((2,), (2,)), ((2,), (6,)))": -1.9096255673736792e-17,
    "(((2,), (3,)), ((0,), (0,)))": 0.0007083582295123295,
    "(((2,), (3,)), ((0,), (1,)))": 3.699735352625437e-18,
    "(((2,), (3,)), ((0,), (2,)))": 6.114650425897993e-18,
    "(((2,), (3,)), ((0,), (3,)))": -3.035617378762737e-15,
    "(((2,), (3,)), ((0,), (4,)))": -1.8227462923594933e-17,
    "(((2,), (3,)), ((0,), (5,)))": -2.9239020010808397e-18,
    "(((2,), (3,)), ((0,), (6,)))": 0.00332829676346115,
    "(((2,), (3,)), ((1,), (0,)))": 7.40071537383938e-16,
    "(((2,), (3,)), ((1,), (1,)))": -8.44319260526508e-19,
    "(((2,), (3,)), ((1,), (2,)))": -4.592364845747355e-18,
    "(((2,), (3,)), ((1,), (3,)))": 0.0028261844221443046,
    "(((2,), (3,)), ((1,), (4,)))": -4.268852077914599e-18,
    "(((2,), (3,)), ((1,), (5,)))": -3.2301625340793636e-19,
    "(((2,), (3,)), ((1,), (6,)))": 3.6131137186404986e-15,
    "(((2,), (3,)), ((2,), (0,)))": -2.5134625160572333e-16,
    "(((2,), (3,)), ((2,), (1,)))": 1.772763979167047e-16,
    "(((2,), (3,)), ((2,), (2,)))": 9.411047936323197e-17,
    "(((2,), (3,)), ((2,), (3,)))": -0.09476706620823305,
    "(((2,), (3,)), ((2,), (4,)))": 4.494567913850538e-17,
    "(((2,), (3,)), ((2,), (5,)))": 1.1152941636653807e-18,
    "(((2,), (3,)), ((2,), (6,)))": 5.561016922484248e-16,
    "(((2,), (4,)), ((0,), (0,)))": 4.746164050925688e-19,
    "(((2,), (4,)), ((0,), (1,)))": 0.0020420563328220455,
    "(((2,), (4,)), ((0,), (2,)))": 0.0010990436725461057,
    "(((2,), (4,)), ((0,), (3,)))": -1.9351347767863135e-17,
    "(((2,), (4,)), ((0,), (4,)))": -2.8874582975651044e-15,
    "(((2,), (4,)), ((0,), (5,)))": -2.7612945971543862e-18,
    "(((2,), (4,)), ((0,), (6,)))": -1.402937983748709e-18,
    "(((2,), (4,)), ((1,), (0,)))": 2.6780984615848316e-18,
    "(((2,), (4,)), ((1,), (1,)))": 2.208782282418649e-15,
    "(((2,), (4,)), ((1,), (2,)))": 1.1889382190819886e-15,
    "(((2,), (4,)), ((1,), (3,)))": 2.0980065897379467e-19,
    "(((2,), (4,)), ((1,), (4,)))": 0.002686787234946812,
    "(((2,), (4,)), ((1,), (5,)))": -9.730415861081655e-10,
    "(((2,), (4,)), ((1,), (6,)))": -1.567304195961741e-18,
    "(((2,), (4,)), ((2,), (0,)))": 1.1479556954064434e-16,
    "(((2,), (4,)), ((2,), (1,)))": -2.9834423864027656e-16,
    "(((2,), (4,)), ((2,), (2,)))": -2.524904442495769e-16,
    "(((2,), (4,)), ((2,), (3,)))": 4.494567913850515e-17,
    "(((2,), (4,)), ((2,), (4,)))": -0.0035400251456050927,
    "(((2,), (4,)), ((2,), (5,)))": -2.0900743569978447e-17,
    "(((2,), (4,)), ((2,), (6,)))": -3.920356960567643e-17,
    "(((2,), (5,)), ((0,), (0,)))": 1.1690498719965069e-19,
    "(((2,), (5,)), ((0,), (1,)))": 0.0010990436725461052,
    "(((2,), (5,)), ((0,), (2,)))": -0.002042056332822047,
    "(((2,), (5,)), ((0,), (3,)))": -2.3616986619400574e-18,
    "(((2,), (5,)), ((0,), (4,)))": -4.13982446314622e-18,
    "(((2,), (5,)), ((0,), (5,)))": -2.883929629346514e-15,
    "(((2,), (5,)), ((0,), (6,)))": -1.4449501011042556e-18,
    "(((2,), (5,)), ((1,), (0,)))": -8.932460226113365e-19,
    "(((2,), (5,)), ((1,), (1,)))": 1.1883269544586384e-15,
    "(((2,), (5,)), ((1,), (2,)))": -2.2098703302891283e-15,
    "(((2,), (5,)), ((1,), (3,)))": -5.473359668359518e-20,
    "(((2,), (5,)), ((1,), (4,)))": 9.730415858234166e-10,
    "(((2,), (5,)), ((1,), (5,)))": 0.0026867872349468137,
    "(((2,), (5,)), ((1,), (6,)))": 2.7554862620236523e-19,
    "(((2,), (5,)), ((2,), (0,)))": -4.094818030588027e-18,
    "(((2,), (5,)), ((2,), (1,)))": -1.7407477647294182e-16,
    "(((2,), (5,)), ((2,), (2,)))": 4.26657126208333e-16,
    "(((2,), (5,)), ((2,), (3,)))": 1.1152941636653938e-18,
    "(((2,), (5,)), ((2,), (4,)))": -2.2523128634226836e-17,
    "(((2,), (5,)), ((2,), (5,)))": -0.0035400251456050025,
    "(((2,), (5,)), ((2,), (6,)))": 4.312404190496529e-18,
    "(((2,), (6,)), ((0,), (0,)))": -2.333490030367097e-15,
    "(((2,), (6,)), ((0,), (1,)))": 1.7518708227580425e-17,
    "(((2,), (6,)), ((0,), (2,)))": 7.299512788212832e-18,
    "(((2,), (6,)), ((0,), (3,)))": 0.002171616832624675,
    "(((2,), (6,)), ((0,), (4,)))": -5.823556495954231e-19,
    "(((2,), (6,)), ((0,), (5,)))": -1.2808049371534439e-18,
    "(((2,), (6,)), ((0,), (6,)))": -1.683928054224774e-15,
    "(((2,), (6,)), ((1,), (0,)))": 0.002130258642406436,
    "(((2,), (6,)), ((1,), (1,)))": -2.3134188079083528e-18,
    "(((2,), (6,)), ((1,), (2,)))": -1.8405123172473066e-18,
    "(((2,), (6,)), ((1,), (3,)))": 2.3654741681483236e-15,
    "(((2,), (6,)), ((1,), (4,)))": -1.969893718597704e-18,
    "(((2,), (6,)), ((1,), (5,)))": 8.745643643388293e-19,
    "(((2,), (6,)), ((1,), (6,)))": 0.0015470067099255783,
    "(((2,), (6,)), ((2,), (0,)))": 0.07307987098990541,
    "(((2,), (6,)), ((2,), (1,)))": -5.065342891621032e-18,
    "(((2,), (6,)), ((2,), (2,)))": -1.9096255673736746e-17,
    "(((2,), (6,)), ((2,), (3,)))": 5.533521310199749e-16,
    "(((2,), (6,)), ((2,), (4,)))": -3.920356960567644e-17,
    "(((2,), (6,)), ((2,), (5,)))": 4.312404190496522e-18,
    "(((2,), (6,)), ((2,), (6,)))": -0.03251750512553955
  },
  "red": [
    [
      0.9999375949148781,
      -7.057641041842266e-18,
      3.4570277572537424e-16,
      0.0006943550406940344,
      -3.228643114600021e-17,
      -7.472821313771113e-17,
      5.114298768742297e-16,
      -5.613412453586169e-17,
      2.577534032148443e-19,
      -0.0011788565313532915,
      0.0,
      0.0,
      0.0,
      0.0,
      0.0,
      0.0,
      0.0,
      0.0,
      0.0,
      0.0
    ],
    [
      -7.057641041842266e-18,
      0.9999312025917431,
      -0.0003232001290060984,
      7.585334796067301e-16,
      3.1972348922030436e-17,
      7.186041169942923e-17,
      -0.0004794557627919618,
      5.948251057905504e-17,
      2.78581344805831e-18,
      -1.2209174088559572e-15,
      0.0,
      0.0,
      0.0,
      0.0,
      0.0,
      0.0,
      0.0,
      0.0,
      0.0,
      0.0
    ],
    [
      3.4570277572537424e-16,
      -0.0003232001290060984,
      0.9041858687724876,
      2.180863190418471e-16,
      -3.4171374574827776e-16,
      -3.149497666128913e-16,
      -0.053998570466446155,
      -6.433738820050478e-17,
      1.4269508578388948e-16,
      1.1449880932295747e-15,
      0.0,
      0.0,
      0.0,
      0.0,
      0.0,
      0.0,
      0.0,
      0.0,
      0.0,
      0.0
    ],
    [
      0.0006943550406940344,
      7.585334796067301e-16,
      2.180863190418471e-16,
      0.04730913266379355,
      -1.0557129433867315e-17,
      -3.0254324699455046e-18,
      1.0678088839837508e-16,
      -2.6831114938274505e-17,
      1.1689867439864611e-18,
      -0.017345184210734305,
      0.0,
      0.0,
      0.0,
      0.0,
      0.0,
      0.0,
      0.0,
      0.0,
      0.0,
      0.0
    ],
    [
      -3.228643114600021e-17,
      3.1972348922030436e-17,
      -3.4171374574827776e-16,
      -1.0557129433867315e-17,
      0.0145463913742984,
      -2.2718944228165146e-18,
      -1.2889059285595554e-17,
      3.6991006238123596e-17,
      2.1527795234020538e-17,
      3.0988584698491006e-18,
      0.0,
      0.0,
      0.0,
      0.0,
      0.0,
      0.0,
      0.0,
      0.0,
      0.0,
      0.0
    ],
    [
      -7.472821313771113e-17,
      7.186041169942923e-17,
      -3.149497666128913e-16,
      -3.0254324699455046e-18,
      -2.2718944228165146e-18,
      0.014546391374298454,
      3.3206471284935628e-18,
      3.131188717141602e-17,
      -5.2891179044222486e-17,
      3.3868990013913544e-18,
      0.0,
      0.0,
      0.0,
      0.0,
      0.0,
      0.0,
      0.0,
      0.0,
      0.0,
      0.0
    ],
    [
      5.114298768742297e-16,
      -0.0004794557627919618,
      -0.053998570466446155,
      1.0678088839837508e-16,
      -1.2889059285595554e-17,
      3.3206471284935628e-18,
      0.013015057318537348,
      -3.346070717783524e-19,
      -9.668970077114475e-18,
      -1.696069312695006e-16,
      0.0,
      0.0,
      0.0,
      0.0,
      0.0,
      0.0,
      0.0,
      0.0,
      0.0,
      0.0
    ],
    [
      -5.613412453586169e-17,
      5.948251057905504e-17,
      -6.433738820050478e-17,
      -2.6831114938274505e-17,
      3.6991006238123596e-17,
      3.131188717141602e-17,
      -3.346070717783524e-19,
      4.370504559342003e-05,
      1.4829840453515987e-19,
      9.886152168321778e-18,
      0.0,
      0.0,
      0.0,
      0.0,
      0.0,
      0.0,
      0.0,
      0.0,
      0.0,
      0.0
    ],
    [
      2.577534032148443e-19,
      2.78581344805831e-18,
      1.4269508578388948e-16,
      1.1689867439864611e-18,
      2.1527795234020538e-17,
      -5.2891179044222486e-17,
      -9.668970077114475e-18,
      1.4829840453515987e-19,
      4.3705045593419417e-05,
      -4.601587889621642e-19,
      0.0,
      0.0,
      0.0,
      0.0,
      0.0,
      0.0,
      0.0,
      0.0,
      0.0,
      0.0
    ],
    [
      -0.0011788565313532915,
      -1.2209174088559572e-15,
      1.1449880932295747e-15,
      -0.017345184210734305,
      3.0988584698491006e-18,
      3.3868990013913544e-18,
      -1.696069312695006e-16,
      9.886152168321778e-18,
      -4.601587889621642e-19,
      0.006440950898777505,
      0.0,
      0.0,
      0.0,
      0.0,
      0.0,
      0.0,
      0.0,
      0.0,
      0.0,
      0.0
    ],
    [
      0.0,
      0.0,
      0.0,
      0.0,
      0.0,
      0.0,
      0.0,
      0.0,
      0.0,
      0.0,
      0.9999375949148781,
      -7.051505634641366e-18,
      3.4572628404015594e-16,
      0.0006943550406940344,
      -3.228643114600021e-17,
      -7.472821313771113e-17,
      5.11379715991301e-16,
      -5.613412453586169e-17,
      2.577534032148441e-19,
      -0.0011788565313532915
    ],
    [
      0.0,
      0.0,
      0.0,
      0.0,
      0.0,
      0.0,
      0.0,
      0.0,
      0.0,
      0.0,
      -7.051505634641366e-18,
      0.9999312025917431,
      -0.0003232001290060987,
      7.583304980391092e-16,
      3.1972348922030436e-17,
      7.186041169942923e-17,
      -0.0004794557627919618,
      5.948251057905504e-17,
      2.7858134480583094e-18,
      -1.2208302410288767e-15
    ],
    [
      0.0,
      0.0,
      0.0,
      0.0,
      0.0,
      0.0,
      0.0,
      0.0,
      0.0,
      0.0,
      3.4572628404015594e-16,
      -0.0003232001290060987,
      0.9041858687724876,
      2.1794833434759608e-16,
      -3.417137457482778e-16,
      -3.149497666128913e-16,
      -0.053998570466446155,
      -6.433738820050479e-17,
      1.4269508578388948e-16,
      1.1448184398467587e-15
    ],
    [
      0.0,
      0.0,
      0.0,
      0.0,
      0.0,
      0.0,
      0.0,
      0.0,
      0.0,
      0.0,
      0.0006943550406940344,
      7.583304980391092e-16,
      2.1794833434759608e-16,
      0.04730913266379355,
      -1.0557129433867323e-17,
      -3.02543246994552e-18,
      1.0684041723276377e-16,
      -2.6831114938274502e-17,
      1.1689867439864475e-18,
      -0.017345184210734308
    ],
    [
      0.0,
      0.0,
      0.0,
      0.0,
      0.0,
      0.0,
      0.0,
      0.0,
      0.0,
      0.0,
      -3.228643114600021e-17,
      3.1972348922030436e-17,
      -3.417137457482778e-16,
      -1.0557129433867323e-17,
      0.014546391374298402,
      -2.2679307162760897e-18,
      -1.2889059285595562e-17,
      3.7786981344854436e-17,
      2.0103677730639978e-17,
      3.0988584698490868e-18
    ],
    [
      0.0,
      0.0,
      0.0,
      0.0,
      0.0,
      0.0,
      0.0,
      0.0,
      0.0,
      0.0,
      -7.472821313771113e-17,
      7.186041169942923e-17,
      -3.149497666128913e-16,
      -3.02543246994552e-18,
      -2.2679307162760897e-18,
      0.014546391374298456,
      3.3206471284935643e-18,
      3.1847678866909495e-17,
      -5.264504555600721e-17,
      3.3868990013913755e-18
    ],
    [
      0.0,
      0.0,
      0.0,
      0.0,
      0.0,
      0.0,
      0.0,
      0.0,
      0.0,
      0.0,
      5.11379715991301e-16,
      -0.0004794557627919618,
      -0.053998570466446155,
      1.0684041723276377e-16,
      -1.2889059285595562e-17,
      3.3206471284935643e-18,
      0.013015057318537348,
      -3.3460707177837614e-19,
      -9.668970077114471e-18,
      -1.6995654654780025e-16
    ],
    [
      0.0,
      0.0,
      0.0,
      0.0,
      0.0,
      0.0,
      0.0,
      0.0,
      0.0,
      0.0,
      -5.613412453586169e-17,
      5.948251057905504e-17,
      -6.433738820050479e-17,
      -2.6831114938274502e-17,
      3.7786981344854436e-17,
      3.1847678866909495e-17,
      -3.3460707177837614e-19,
      4.370504559342003e-05,
      1.5253357283568867e-19,
      9.886152168321779e-18
    ],
    [
      0.0,
      0.0,
      0.0,
      0.0,
      0.0,
      0.0,
      0.0,
      0.0,
      0.0,
      0.0,
      2.577534032148441e-19,
      2.7858134480583094e-18,
      1.4269508578388948e-16,
      1.1689867439864475e-18,
      2.0103677730639978e-17,
      -5.264504555600721e-17,
      -9.668970077114471e-18,
      1.5253357283568867e-19,
      4.370504559341942e-05,
      -4.601587889621591e-19
    ],
    [
      0.0,
      0.0,
      0.0,
      0.0,
      0.0,
      0.0,
      0.0,
      0.0,
      0.0,
      0.0,
      -0.0011788565313532915,
      -1.2208302410288767e-15,
      1.1448184398467587e-15,
      -0.017345184210734308,
      3.0988584698490868e-18,
      3.3868990013913755e-18,
      -1.6995654654780025e-16,
      9.886152168321779e-18,
      -4.601587889621591e-19,
      0.006440950898777505
    ]
  ],
  "CSRM": [
    [
      1.0191303917573242,
      1.25334738123446e-05,
      0.0007783598336560023,
      -0.001803972315648578,
      -0.0005038952310122485,
      -0.0005038952310122487,
      -0.0006737966345824019,
      -0.001020375333113784,
      -0.0010203753331137846,
      -0.002044648568753857
    ],
    [
      1.25334738123446e-05,
      1.0191171321047805,
      0.0007927666246030316,
      -0.0018009751271929092,
      -0.000522932926153476,
      -0.0005229329261534756,
      -0.0007326055362454519,
      -0.000965741637858799,
      -0.0009657416378587993,
      -0.001984893874172023
    ],
    [
      0.0007783598336560023,
      0.0007927666246030316,
      0.9174168761054677,
      -0.19803448981462085,
      -0.11651005203599869,
      -0.1165100520359989,
      -0.09163708759201593,
      -0.003423104748573194,
      -0.0034231047485731064,
      -0.03144351286464135
    ],
    [
      -0.001803972315648578,
      -0.0018009751271929092,
      -0.19803448981462085,
      0.04276154543150176,
      0.02514511836714132,
      0.025145118367141363,
      0.01977579462225893,
      0.0007345681175117004,
      0.0007345681175116815,
      0.006790875406447858
    ],
    [
      -0.0005038952310122485,
      -0.000522932926153476,
      -0.11651005203599869,
      0.02514511836714132,
      0.014811429896866207,
      0.014811429896866235,
      0.011653939088583134,
      0.00045003834726793613,
      0.0004500383472679251,
      0.004003857184426473
    ],
    [
      -0.0005038952310122487,
      -0.0005229329261534756,
      -0.1165100520359989,
      0.025145118367141363,
      0.014811429896866235,
      0.014811429896866261,
      0.011653939088583155,
      0.00045003834726793694,
      0.0004500383472679259,
      0.0040038571844264815
    ],
    [
      -0.0006737966345824019,
      -0.0007326055362454519,
      -0.09163708759201593,
      0.01977579462225893,
      0.011653939088583134,
      0.011653939088583155,
      0.009171026605090398,
      0.0003589349850512563,
      0.00035893498505124765,
      0.003152904241001738
    ],
    [
      -0.001020375333113784,
      -0.000965741637858799,
      -0.003423104748573194,
      0.0007345681175117004,
      0.00045003834726793613,
      0.00045003834726793694,
      0.0003589349850512563,
      2.9640148160715593e-05,
      2.9640148160715278e-05,
      0.00013016526597016382
    ],
    [
      -0.0010203753331137846,
      -0.0009657416378587993,
      -0.0034231047485731064,
      0.0007345681175116815,
      0.0004500383472679251,
      0.0004500383472679259,
      0.00035893498505124765,
      2.9640148160715278e-05,
      2.964014816071496e-05,
      0.0001301652659701608
    ],
    [
      -0.002044648568753857,
      -0.001984893874172023,
      -0.03144351286464135,
