{
  "E": -14.663227559855063,
  "sol": {
    "(((), ()), ((), ()))": 0.9517428407604619,
    "(((0,), (0,)), ((), ()))": 0.0007587831703214794,
    "(((), ()), ((0,), (0,)))": 0.0007587831703214794,
    "(((0,), (1,)), ((), ()))": -1.0957311512104987e-17,
    "(((), ()), ((0,), (1,)))": -1.0957311512104987e-17,
    "(((0,), (2,)), ((), ()))": 1.625530171794381e-17,
    "(((), ()), ((0,), (2,)))": 1.625530171794381e-17,
    "(((0,), (3,)), ((), ()))": 7.997599525210323e-16,
    "(((), ()), ((0,), (3,)))": 7.997599525210323e-16,
    "(((0,), (4,)), ((), ()))": 3.824197737196433e-17,
    "(((), ()), ((0,), (4,)))": 3.824197737196433e-17,
    "(((0,), (5,)), ((), ()))": -9.401370181586202e-19,
    "(((), ()), ((0,), (5,)))": -9.401370181586202e-19,
    "(((0,), (6,)), ((), ()))": -0.0009973852785702501,
    "(((), ()), ((0,), (6,)))": -0.0009973852785702501,
    "(((1,), (0,)), ((), ()))": 2.1435419976406844e-15,
    "(((), ()), ((1,), (0,)))": 2.1435419976406844e-15,
    "(((1,), (1,)), ((), ()))": 4.875333576918587e-18,
    "(((), ()), ((1,), (1,)))": 4.875333576918587e-18,
    "(((1,), (2,)), ((), ()))": -1.5743766470316113e-17,
    "(((), ()), ((1,), (2,)))": -1.5743766470316113e-17,
    "(((1,), (3,)), ((), ()))": -0.0002966927754989169,
    "(((), ()), ((1,), (3,)))": -0.0002966927754989169,
    "(((1,), (4,)), ((), ()))": -4.1221409808619324e-17,
    "(((), ()), ((1,), (4,)))": -4.1221409808619324e-17,
    "(((1,), (5,)), ((), ()))": 9.544902557649727e-19,
    "(((), ()), ((1,), (5,)))": 9.544902557649727e-19,
    "(((1,), (6,)), ((), ()))": -2.732986334930348e-15,
    "(((), ()), ((1,), (6,)))": -2.732986334930348e-15,
    "(((2,), (0,)), ((), ()))": 2.2111059316468944e-15,
    "(((), ()), ((2,), (0,)))": 2.2111059316468944e-15,
    "(((2,), (1,)), ((), ()))": -7.084973063048308e-16,
    "(((), ()), ((2,), (1,)))": -7.084973063048308e-16,
    "(((2,), (2,)), ((), ()))": 1.6913319252702213e-16,
    "(((), ()), ((2,), (2,)))": 1.6913319252702213e-16,
    "(((2,), (3,)), ((), ()))": -0.058232321512726996,
    "(((), ()), ((2,), (3,)))": -0.058232321512726996,
    "(((2,), (4,)), ((), ()))": 2.2807836567396413e-17,
    "(((), ()), ((2,), (4,)))": 2.2807836567396413e-17,
    "(((2,), (5,)), ((), ()))": 8.624576932998827e-17,
    "(((), ()), ((2,), (5,)))": 8.624576932998827e-17,
    "(((2,), (6,)), ((), ()))": 1.606511915974872e-16,
    "(((), ()), ((2,), (6,)))": 1.606511915974872e-16,
    "(((0,), (0,)), ((0,), (0,)))": -0.0018909480746167086,
    "(((0,), (0,)), ((0,), (1,)))": -1.1268918828966703e-18,
    "(((0,), (0,)), ((0,), (2,)))": -3.364411648705777e-19,
    "(((0,), (0,)), ((0,), (3,)))": 4.670285935734993e-15,
    "(((0,), (0,)), ((0,), (4,)))": -3.4874726243178974e-19,
    "(((0,), (0,)), ((0,), (5,)))": -2.9354258339844507e-19,
    "(((0,), (0,)), ((0,), (6,)))": 0.0008119169218742498,
    "(((0,), (0,)), ((1,), (0,)))": -1.6864203358377873e-17,
    "(((0,), (0,)), ((1,), (1,)))": -1.1277025429691339e-17,
    "(((0,), (0,)), ((1,), (2,)))": 1.9662908789222026e-20,
    "(((0,), (0,)), ((1,), (3,)))": -0.0008350120948082554,
    "(((0,), (0,)), ((1,), (4,)))": 1.990446613689187e-18,
    "(((0,), (0,)), ((1,), (5,)))": 4.871718808323108e-19,
    "(((0,), (0,)), ((1,), (6,)))": -1.4375837634254139e-16,
    "(((0,), (0,)), ((2,), (0,)))": 4.020226120448499e-15,
    "(((0,), (0,)), ((2,), (1,)))": 1.1234070877028817e-17,
    "(((0,), (0,)), ((2,), (2,)))": 1.1598714978670108e-19,
    "(((0,), (0,)), ((2,), (3,)))": 0.0008271553716847749,
    "(((0,), (0,)), ((2,), (4,)))": -3.2404278956460343e-18,
    "(((0,), (0,)), ((2,), (5,)))": -4.264664060230121e-19,
    "(((0,), (0,)), ((2,), (6,)))": -6.1855910056881015e-15,
    "(((0,), (1,)), ((0,), (0,)))": -1.126891882896666e-18,
    "(((0,), (1,)), ((0,), (1,)))": -0.0004870477088822301,
    "(((0,), (1,)), ((0,), (2,)))": 7.273698786598977e-20,
    "(((0,), (1,)), ((0,), (3,)))": -2.834917019702091e-18,
    "(((0,), (1,)), ((0,), (4,)))": 5.120829571507466e-15,
    "(((0,), (1,)), ((0,), (5,)))": 1.3305279605203888e-15,
    "(((0,), (1,)), ((0,), (6,)))": 3.2475003622657648e-19,
    "(((0,), (1,)), ((1,), (0,)))": -1.0936841818386256e-17,
    "(((0,), (1,)), ((1,), (1,)))": 7.600661615717551e-17,
    "(((0,), (1,)), ((1,), (2,)))": 2.519580107893938e-19,
    "(((0,), (1,)), ((1,), (3,)))": -2.2159049237567258e-18,
    "(((0,), (1,)), ((1,), (4,)))": -0.0008770637664273434,
    "(((0,), (1,)), ((1,), (5,)))": -0.00022791270128547596,
    "(((0,), (1,)), ((1,), (6,)))": -9.81376607521147e-18,
    "(((0,), (1,)), ((2,), (0,)))": 8.841787813960913e-18,
    "(((0,), (1,)), ((2,), (1,)))": -7.512719437695283e-15,
    "(((0,), (1,)), ((2,), (2,)))": -6.682051571676192e-19,
    "(((0,), (1,)), ((2,), (3,)))": 5.729825765116636e-18,
    "(((0,), (1,)), ((2,), (4,)))": 0.0022169579968151186,
    "(((0,), (1,)), ((2,), (5,)))": 0.0005760921971978738,
    "(((0,), (1,)), ((2,), (6,)))": 2.8826089260534847e-17,
    "(((0,), (2,)), ((0,), (0,)))": -3.364411648705766e-19,
    "(((0,), (2,)), ((0,), (1,)))": -1.1806963376373028e-19,
    "(((0,), (2,)), ((0,), (2,)))": -0.0004870477088822298,
    "(((0,), (2,)), ((0,), (3,)))": 8.757259938391156e-20,
    "(((0,), (2,)), ((0,), (4,)))": -1.3303893377875903e-15,
    "(((0,), (2,)), ((0,), (5,)))": 5.119735702091069e-15,
    "(((0,), (2,)), ((0,), (6,)))": 4.790901539740473e-19,
    "(((0,), (2,)), ((1,), (0,)))": 3.596762583556187e-20,
    "(((0,), (2,)), ((1,), (1,)))": 2.274823920902943e-19,
    "(((0,), (2,)), ((1,), (2,)))": 7.480045171959763e-17,
    "(((0,), (2,)), ((1,), (3,)))": 1.4651153272298999e-19,
    "(((0,), (2,)), ((1,), (4,)))": 0.00022791270128547574,
    "(((0,), (2,)), ((1,), (5,)))": -0.0008770637664273437,
    "(((0,), (2,)), ((1,), (6,)))": 4.6718647831760107e-20,
    "(((0,), (2,)), ((2,), (0,)))": -3.308203382095546e-19,
    "(((0,), (2,)), ((2,), (1,)))": -7.079396887019542e-19,
    "(((0,), (2,)), ((2,), (2,)))": -7.509266809923075e-15,
    "(((0,), (2,)), ((2,), (3,)))": -1.8026399513197942e-18,
    "(((0,), (2,)), ((2,), (4,)))": -0.0005760921971978735,
    "(((0,), (2,)), ((2,), (5,)))": 0.002216957996815118,
    "(((0,), (2,)), ((2,), (6,)))": 1.1927030606626078e-19,
    "(((0,), (3,)), ((0,), (0,)))": 4.66976864424546e-15,
    "(((0,), (3,)), ((0,), (1,)))": -2.834917019702104e-18,
    "(((0,), (3,)), ((0,), (2,)))": 8.757259938390996e-20,
    "(((0,), (3,)), ((0,), (3,)))": -0.0007014142486030121,
    "(((0,), (3,)), ((0,), (4,)))": -4.964907557160685e-19,
    "(((0,), (3,)), ((0,), (5,)))": -7.124679267281315e-20,
    "(((0,), (3,)), ((0,), (6,)))": 4.3680603434065106e-15,
    "(((0,), (3,)), ((1,), (0,)))": -0.000801286639113336,
    "(((0,), (3,)), ((1,), (1,)))": -2.189702282281644e-18,
    "(((0,), (3,)), ((1,), (2,)))": 1.326970082476951e-19,
    "(((0,), (3,)), ((1,), (3,)))": 2.0034551953101345e-16,
    "(((0,), (3,)), ((1,), (4,)))": 1.1934411707176694e-17,
    "(((0,), (3,)), ((1,), (5,)))": 3.13850358244198e-18,
    "(((0,), (3,)), ((1,), (6,)))": -0.0007264672806860698,
    "(((0,), (3,)), ((2,), (0,)))": 0.000686210682069206,
    "(((0,), (3,)), ((2,), (1,)))": 4.872923214326608e-18,
    "(((0,), (3,)), ((2,), (2,)))": -5.528068549283188e-19,
    "(((0,), (3,)), ((2,), (3,)))": -8.337013985314761e-15,
    "(((0,), (3,)), ((2,), (4,)))": -3.056484891347292e-17,
    "(((0,), (3,)), ((2,), (5,)))": -8.17124212827196e-18,
    "(((0,), (3,)), ((2,), (6,)))": 0.0021050395038397763,
    "(((0,), (4,)), ((0,), (0,)))": -3.4874726243178926e-19,
    "(((0,), (4,)), ((0,), (1,)))": 5.11954827300161e-15,
    "(((0,), (4,)), ((0,), (2,)))": -1.3302062024322911e-15,
    "(((0,), (4,)), ((0,), (3,)))": -4.964907557160729e-19,
    "(((0,), (4,)), ((0,), (4,)))": -0.0010795980054792795,
    "(((0,), (4,)), ((0,), (5,)))": 4.544613164302304e-20,
    "(((0,), (4,)), ((0,), (6,)))": 1.6951745251264823e-19,
    "(((0,), (4,)), ((1,), (0,)))": 1.8829108294190215e-18,
    "(((0,), (4,)), ((1,), (1,)))": -0.0009151268710233533,
    "(((0,), (4,)), ((1,), (2,)))": 0.00023780367048614802,
    "(((0,), (4,)), ((1,), (3,)))": 1.2449206527159483e-17,
    "(((0,), (4,)), ((1,), (4,)))": -1.8073395320868713e-16,
    "(((0,), (4,)), ((1,), (5,)))": -6.415949897615234e-19,
    "(((0,), (4,)), ((1,), (6,)))": 1.0675685606654428e-18,
    "(((0,), (4,)), ((2,), (0,)))": -3.674620333572987e-18,
    "(((0,), (4,)), ((2,), (1,)))": 0.002682729100941014,
    "(((0,), (4,)), ((2,), (2,)))": -0.000697127489282046,
    "(((0,), (4,)), ((2,), (3,)))": -3.900366647175413e-17,
    "(((0,), (4,)), ((2,), (4,)))": -7.689055176790325e-15,
    "(((0,), (4,)), ((2,), (5,)))": 1.739706159728839e-18,
    "(((0,), (4,)), ((2,), (6,)))": -2.854467811206519e-18,
    "(((0,), (5,)), ((0,), (0,)))": -2.935425833984447e-19,
    "(((0,), (5,)), ((0,), (1,)))": 1.3304173329040142e-15,
    "(((0,), (5,)), ((0,), (2,)))": 5.119855140653412e-15,
    "(((0,), (5,)), ((0,), (3,)))": -7.12467926728131e-20,
    "(((0,), (5,)), ((0,), (4,)))": 5.011046001432666e-20,
    "(((0,), (5,)), ((0,), (5,)))": -0.0010795980054792808,
    "(((0,), (5,)), ((0,), (6,)))": 2.6325100780982525e-19,
    "(((0,), (5,)), ((1,), (0,)))": 4.579508797835844e-19,
    "(((0,), (5,)), ((1,), (1,)))": -0.00023780367048614805,
    "(((0,), (5,)), ((1,), (2,)))": -0.0009151268710233531,
    "(((0,), (5,)), ((1,), (3,)))": 3.2692802439717546e-18,
    "(((0,), (5,)), ((1,), (4,)))": -6.220290732696804e-19,
    "(((0,), (5,)), ((1,), (5,)))": -1.8001405320890625e-16,
    "(((0,), (5,)), ((1,), (6,)))": 1.9644588554281851e-19,
    "(((0,), (5,)), ((2,), (0,)))": -8.521214248512579e-19,
    "(((0,), (5,)), ((2,), (1,)))": 0.0006971274892820467,
    "(((0,), (5,)), ((2,), (2,)))": 0.002682729100941016,
    "(((0,), (5,)), ((2,), (3,)))": -9.746769364922324e-18,
    "(((0,), (5,)), ((2,), (4,)))": 1.6978483085958732e-18,
    "(((0,), (5,)), ((2,), (5,)))": -7.690323756678167e-15,
    "(((0,), (5,)), ((2,), (6,)))": -6.250221729283143e-19,
    "(((0,), (6,)), ((0,), (0,)))": 0.0008119169218742514,
    "(((0,), (6,)), ((0,), (1,)))": 3.247500362265675e-19,
    "(((0,), (6,)), ((0,), (2,)))": 4.790901539740489e-19,
    "(((0,), (6,)), ((0,), (3,)))": 4.36607836431229e-15,
    "(((0,), (6,)), ((0,), (4,)))": 1.6951745251264905e-19,
    "(((0,), (6,)), ((0,), (5,)))": 2.632510078098264e-19,
    "(((0,), (6,)), ((0,), (6,)))": -0.0022485776274355626,
    "(((0,), (6,)), ((1,), (0,)))": -1.4550545139316852e-16,
    "(((0,), (6,)), ((1,), (1,)))": -1.0871692136916686e-17,
    "(((0,), (6,)), ((1,), (2,)))": 5.2279109805326386e-20,
    "(((0,), (6,)), ((1,), (3,)))": -0.0008016614274686784,
    "(((0,), (6,)), ((1,), (4,)))": 1.110942445205341e-18,
    "(((0,), (6,)), ((1,), (5,)))": 2.0959670649144872e-19,
    "(((0,), (6,)), ((1,), (6,)))": -1.9174771263264193e-16,
    "(((0,), (6,)), ((2,), (0,)))": -6.985918059730301e-15,
    "(((0,), (6,)), ((2,), (1,)))": 4.5946240401788206e-17,
    "(((0,), (6,)), ((2,), (2,)))": -2.7009964069932194e-19,
    "(((0,), (6,)), ((2,), (3,)))": 0.0033644871045992214,
    "(((0,), (6,)), ((2,), (4,)))": -4.536192043519344e-18,
    "(((0,), (6,)), ((2,), (5,)))": -1.0920011321850172e-18,
    "(((0,), (6,)), ((2,), (6,)))": -4.10936847202309e-15,
    "(((1,), (0,)), ((0,), (0,)))": -1.6440902260138115e-17,
    "(((1,), (0,)), ((0,), (1,)))": -1.0936841818386273e-17,
    "(((1,), (0,)), ((0,), (2,)))": 3.596762583556283e-20,
    "(((1,), (0,)), ((0,), (3,)))": -0.0008012866391133352,
    "(((1,), (0,)), ((0,), (4,)))": 1.8829108294190246e-18,
    "(((1,), (0,)), ((0,), (5,)))": 4.579508797835839e-19,
    "(((1,), (0,)), ((0,), (6,)))": -1.4441691292154555e-16,
    "(((1,), (0,)), ((1,), (0,)))": -0.0018840368535235812,
    "(((1,), (0,)), ((1,), (1,)))": -1.11218448042399e-18,
    "(((1,), (0,)), ((1,), (2,)))": -3.545732214275882e-19,
    "(((1,), (0,)), ((1,), (3,)))": -4.676891409956478e-15,
    "(((1,), (0,)), ((1,), (4,)))": -4.1038851409343464e-19,
    "(((1,), (0,)), ((1,), (5,)))": -3.026535419573578e-19,
    "(((1,), (0,)), ((1,), (6,)))": 0.0008631179087510896,
    "(((1,), (0,)), ((2,), (0,)))": -0.0014223248139047203,
    "(((1,), (0,)), ((2,), (1,)))": -2.6367786066861753e-18,
    "(((1,), (0,)), ((2,), (2,)))": -2.6507351245284893e-19,
    "(((1,), (0,)), ((2,), (3,)))": 2.354928231873109e-15,
    "(((1,), (0,)), ((2,), (4,)))": 2.0050062898336768e-19,
    "(((1,), (0,)), ((2,), (5,)))": -1.3857484513567884e-19,
    "(((1,), (0,)), ((2,), (6,)))": 0.0021692170248714757,
    "(((1,), (1,)), ((0,), (0,)))": -1.1277025429691327e-17,
    "(((1,), (1,)), ((0,), (1,)))": 7.580692392643576e-17,
    "(((1,), (1,)), ((0,), (2,)))": 2.9153888229970974e-19,
    "(((1,), (1,)), ((0,), (3,)))": -2.1897022822816447e-18,
    "(((1,), (1,)), ((0,), (4,)))": -0.0009151268710233535,
    "(((1,), (1,)), ((0,), (5,)))": -0.000237803670486148,
    "(((1,), (1,)), ((0,), (6,)))": -1.087169213691669e-17,
    "(((1,), (1,)), ((1,), (0,)))": -1.1121844804239743e-18,
    "(((1,), (1,)), ((1,), (1,)))": -0.000511738892325909,
    "(((1,), (1,)), ((1,), (2,)))": 5.209003534413476e-20,
    "(((1,), (1,)), ((1,), (3,)))": -3.435791537955306e-18,
    "(((1,), (1,)), ((1,), (4,)))": -5.118166472887828e-15,
    "(((1,), (1,)), ((1,), (5,)))": -1.329984299476993e-15,
    "(((1,), (1,)), ((1,), (6,)))": 4.430236348193863e-19,
    "(((1,), (1,)), ((2,), (0,)))": -2.770457054036397e-18,
    "(((1,), (1,)), ((2,), (1,)))": 0.002615372844368886,
    "(((1,), (1,)), ((2,), (2,)))": 9.707274468318336e-10,
    "(((1,), (1,)), ((2,), (3,)))": 2.5536097621215707e-18,
    "(((1,), (1,)), ((2,), (4,)))": 6.332142369200457e-15,
    "(((1,), (1,)), ((2,), (5,)))": 1.6458672401057836e-15,
    "(((1,), (1,)), ((2,), (6,)))": 1.9337912098845484e-18,
    "(((1,), (2,)), ((0,), (0,)))": 1.966290878922116e-20,
    "(((1,), (2,)), ((0,), (1,)))": 2.2252201304123073e-19,
    "(((1,), (2,)), ((0,), (2,)))": 7.476811801602241e-17,
    "(((1,), (2,)), ((0,), (3,)))": 1.32697008247696e-19,
    "(((1,), (2,)), ((0,), (4,)))": 0.00023780367048614788,
    "(((1,), (2,)), ((0,), (5,)))": -0.0009151268710233531,
    "(((1,), (2,)), ((0,), (6,)))": 5.227910980532728e-20,
    "(((1,), (2,)), ((1,), (0,)))": -3.545732214275875e-19,
    "(((1,), (2,)), ((1,), (1,)))": -1.2541450130053056e-19,
    "(((1,), (2,)), ((1,), (2,)))": -0.000511738892325909,
    "(((1,), (2,)), ((1,), (3,)))": 8.083907552511381e-20,
    "(((1,), (2,)), ((1,), (4,)))": 1.330125238210581e-15,
    "(((1,), (2,)), ((1,), (5,)))": -5.118915784290919e-15,
    "(((1,), (2,)), ((1,), (6,)))": 4.655707753484499e-19,
    "(((1,), (2,)), ((2,), (0,)))": -6.467985511873711e-19,
    "(((1,), (2,)), ((2,), (1,)))": -9.70727446632206e-10,
    "(((1,), (2,)), ((2,), (2,)))": 0.0026153728443688846,
    "(((1,), (2,)), ((2,), (3,)))": 8.323553915759968e-19,
    "(((1,), (2,)), ((2,), (4,)))": -1.6454664364749501e-15,
    "(((1,), (2,)), ((2,), (5,)))": 6.3325925084448335e-15,
    "(((1,), (2,)), ((2,), (6,)))": -2.15655247497968e-21,
    "(((1,), (3,)), ((0,), (0,)))": -0.000835012094808256,
    "(((1,), (3,)), ((0,), (1,)))": -2.215904923756722e-18,
    "(((1,), (3,)), ((0,), (2,)))": 1.4651153272298844e-19,
    "(((1,), (3,)), ((0,), (3,)))": 2.0040743661564436e-16,
    "(((1,), (3,)), ((0,), (4,)))": 1.2449206527159486e-17,
    "(((1,), (3,)), ((0,), (5,)))": 3.2692802439717557e-18,
    "(((1,), (3,)), ((0,), (6,)))": -0.0008016614274686791,
    "(((1,), (3,)), ((1,), (0,)))": -4.6776217550984105e-15,
    "(((1,), (3,)), ((1,), (1,)))": -3.435791537955318e-18,
    "(((1,), (3,)), ((1,), (2,)))": 8.083907552511295e-20,
    "(((1,), (3,)), ((1,), (3,)))": -0.0007725761077120418,
    "(((1,), (3,)), ((1,), (4,)))": -3.1890255098865697e-19,
    "(((1,), (3,)), ((1,), (5,)))": -3.148884593959575e-20,
    "(((1,), (3,)), ((1,), (6,)))": -4.361869161292211e-15,
    "(((1,), (3,)), ((2,), (0,)))": 1.9542357717357203e-15,
    "(((1,), (3,)), ((2,), (1,)))": 3.6540546132084674e-18,
    "(((1,), (3,)), ((2,), (2,)))": -1.0286649239860048e-19,
    "(((1,), (3,)), ((2,), (3,)))": 0.002913223830629073,
    "(((1,), (3,)), ((2,), (4,)))": -2.304721551480811e-19,
    "(((1,), (3,)), ((2,), (5,)))": 1.7006409523346537e-20,
    "(((1,), (3,)), ((2,), (6,)))": 6.0151533269599e-15,
    "(((1,), (4,)), ((0,), (0,)))": 1.990446613689185e-18,
    "(((1,), (4,)), ((0,), (1,)))": -0.000877063766427343,
    "(((1,), (4,)), ((0,), (2,)))": 0.0002279127012854759,
    "(((1,), (4,)), ((0,), (3,)))": 1.1934411707176689e-17,
    "(((1,), (4,)), ((0,), (4,)))": -1.808520499000789e-16,
    "(((1,), (4,)), ((0,), (5,)))": -6.326866529645819e-19,
    "(((1,), (4,)), ((0,), (6,)))": 1.1109424452053418e-18,
    "(((1,), (4,)), ((1,), (0,)))": -4.1038851409343493e-19,
    "(((1,), (4,)), ((1,), (1,)))": -5.1187282716907906e-15,
    "(((1,), (4,)), ((1,), (2,)))": 1.3302760022640359e-15,
    "(((1,), (4,)), ((1,), (3,)))": -3.1890255098866115e-19,
    "(((1,), (4,)), ((1,), (4,)))": -0.0010182059582856833,
    "(((1,), (4,)), ((1,), (5,)))": 3.310036609108933e-20,
    "(((1,), (4,)), ((1,), (6,)))": 2.1613831172524333e-19,
    "(((1,), (4,)), ((2,), (0,)))": 2.1812396471172475e-19,
    "(((1,), (4,)), ((2,), (1,)))": 7.662092483107673e-15,
    "(((1,), (4,)), ((2,), (2,)))": -1.9911144847008522e-15,
    "(((1,), (4,)), ((2,), (3,)))": 2.1154020426536076e-18,
    "(((1,), (4,)), ((2,), (4,)))": 0.0026970234158111674,
    "(((1,), (4,)), ((2,), (5,)))": 9.22863662676231e-10,
    "(((1,), (4,)), ((2,), (6,)))": 1.8074345589384508e-20,
    "(((1,), (5,)), ((0,), (0,)))": 4.871718808323113e-19,
    "(((1,), (5,)), ((0,), (1,)))": -0.00022791270128547604,
    "(((1,), (5,)), ((0,), (2,)))": -0.0008770637664273433,
    "(((1,), (5,)), ((0,), (3,)))": 3.138503582441979e-18,
    "(((1,), (5,)), ((0,), (4,)))": -6.013985745862271e-19,
    "(((1,), (5,)), ((0,), (5,)))": -1.8047716719722347e-16,
    "(((1,), (5,)), ((0,), (6,)))": 2.095967064914497e-19,
    "(((1,), (5,)), ((1,), (0,)))": -3.0265354195735827e-19,
    "(((1,), (5,)), ((1,), (1,)))": -1.3302058466536885e-15,
    "(((1,), (5,)), ((1,), (2,)))": -5.118659015307885e-15,
    "(((1,), (5,)), ((1,), (3,)))": -3.1488845939593887e-20,
    "(((1,), (5,)), ((1,), (4,)))": 3.8794597528787715e-20,
    "(((1,), (5,)), ((1,), (5,)))": -0.0010182059582856833,
    "(((1,), (5,)), ((1,), (6,)))": 2.731861190240041e-19,
    "(((1,), (5,)), ((2,), (0,)))": -7.000686922555195e-19,
    "(((1,), (5,)), ((2,), (1,)))": 1.9915148760593485e-15,
    "(((1,), (5,)), ((2,), (2,)))": 7.662618281987372e-15,
    "(((1,), (5,)), ((2,), (3,)))": -2.5663026895315363e-19,
    "(((1,), (5,)), ((2,), (4,)))": -9.228636629773561e-10,
    "(((1,), (5,)), ((2,), (5,)))": 0.0026970234158111696,
    "(((1,), (5,)), ((2,), (6,)))": 3.380629205818798e-19,
    "(((1,), (6,)), ((0,), (0,)))": -1.4470334046239797e-16,
    "(((1,), (6,)), ((0,), (1,)))": -9.81376607521146e-18,
    "(((1,), (6,)), ((0,), (2,)))": 4.671864783175943e-20,
    "(((1,), (6,)), ((0,), (3,)))": -0.0007264672806860693,
    "(((1,), (6,)), ((0,), (4,)))": 1.0675685606654418e-18,
    "(((1,), (6,)), ((0,), (5,)))": 1.9644588554281781e-19,
    "(((1,), (6,)), ((0,), (6,)))": -1.9224131539645322e-16,
    "(((1,), (6,)), ((1,), (0,)))": 0.0008631179087510918,
    "(((1,), (6,)), ((1,), (1,)))": 4.430236348193676e-19,
    "(((1,), (6,)), ((1,), (2,)))": 4.655707753484505e-19,
    "(((1,), (6,)), ((1,), (3,)))": -4.363849559434472e-15,
    "(((1,), (6,)), ((1,), (4,)))": 2.1613831172524376e-19,
    "(((1,), (6,)), ((1,), (5,)))": 2.731861190240047e-19,
    "(((1,), (6,)), ((1,), (6,)))": -0.002181426979248094,
    "(((1,), (6,)), ((2,), (0,)))": 0.0024449612502235197,
    "(((1,), (6,)), ((2,), (1,)))": 2.0703579399699776e-18,
    "(((1,), (6,)), ((2,), (2,)))": -1.8707116764808335e-19,
    "(((1,), (6,)), ((2,), (3,)))": 9.605632534633769e-15,
    "(((1,), (6,)), ((2,), (4,)))": 1.4216441522746359e-22,
    "(((1,), (6,)), ((2,), (5,)))": -1.4373467009602155e-19,
    "(((1,), (6,)), ((2,), (6,)))": 0.0014381110214226219,
    "(((2,), (0,)), ((0,), (0,)))": 4.020548905361397e-15,
    "(((2,), (0,)), ((0,), (1,)))": 8.841787813960879e-18,
    "(((2,), (0,)), ((0,), (2,)))": -3.3082033820955498e-19,
    "(((2,), (0,)), ((0,), (3,)))": 0.0006862106820692044,
    "(((2,), (0,)), ((0,), (4,)))": -3.6746203335729845e-18,
    "(((2,), (0,)), ((0,), (5,)))": -8.521214248512583e-19,
    "(((2,), (0,)), ((0,), (6,)))": -6.980008369339968e-15,
    "(((2,), (0,)), ((1,), (0,)))": -0.0014223248139047222,
    "(((2,), (0,)), ((1,), (1,)))": -2.7704570540364002e-18,
    "(((2,), (0,)), ((1,), (2,)))": -6.467985511873722e-19,
    "(((2,), (0,)), ((1,), (3,)))": 1.9532527940408523e-15,
    "(((2,), (0,)), ((1,), (4,)))": 2.1812396471172167e-19,
    "(((2,), (0,)), ((1,), (5,)))": -7.000686922555185e-19,
    "(((2,), (0,)), ((1,), (6,)))": 0.002444961250223526,
    "(((2,), (0,)), ((2,), (0,)))": -0.18514146871386428,
    "(((2,), (0,)), ((2,), (1,)))": -1.1048781972546327e-16,
    "(((2,), (0,)), ((2,), (2,)))": -1.5695030630289795e-18,
    "(((2,), (0,)), ((2,), (3,)))": -3.9100915369011946e-16,
    "(((2,), (0,)), ((2,), (4,)))": -3.108665788326935e-17,
    "(((2,), (0,)), ((2,), (5,)))": 1.7433287353039676e-17,
    "(((2,), (0,)), ((2,), (6,)))": 0.06699918009306491,
    "(((2,), (1,)), ((0,), (0,)))": 1.1234070877028841e-17,
    "(((2,), (1,)), ((0,), (1,)))": -7.512411472263211e-15,
    "(((2,), (1,)), ((0,), (2,)))": -5.587311812418271e-19,
    "(((2,), (1,)), ((0,), (3,)))": 4.872923214326608e-18,
    "(((2,), (1,)), ((0,), (4,)))": 0.002682729100941015,
    "(((2,), (1,)), ((0,), (5,)))": 0.0006971274892820466,
    "(((2,), (1,)), ((0,), (6,)))": 4.5946240401788206e-17,
    "(((2,), (1,)), ((1,), (0,)))": -2.636778606686167e-18,
    "(((2,), (1,)), ((1,), (1,)))": 0.002615372844368887,
    "(((2,), (1,)), ((1,), (2,)))": -9.707274464414488e-10,
    "(((2,), (1,)), ((1,), (3,)))": 3.654054613208484e-18,
    "(((2,), (1,)), ((1,), (4,)))": 7.663165893611857e-15,
    "(((2,), (1,)), ((1,), (5,)))": 1.9915589737870255e-15,
    "(((2,), (1,)), ((1,), (6,)))": 2.0703579399699946e-18,
    "(((2,), (1,)), ((2,), (0,)))": -1.1048781972546364e-16,
    "(((2,), (1,)), ((2,), (1,)))": -0.13004514746928336,
    "(((2,), (1,)), ((2,), (2,)))": 1.0792656841081702e-17,
    "(((2,), (1,)), ((2,), (3,)))": 4.969572100754344e-16,
    "(((2,), (1,)), ((2,), (4,)))": -3.261544222437496e-16,
    "(((2,), (1,)), ((2,), (5,)))": -1.1119791709723828e-16,
    "(((2,), (1,)), ((2,), (6,)))": 6.728929626595488e-17,
    "(((2,), (2,)), ((0,), (0,)))": 1.1598714978670165e-19,
    "(((2,), (2,)), ((0,), (1,)))": -7.994330331117948e-19,
    "(((2,), (2,)), ((0,), (2,)))": -7.509520136326878e-15,
    "(((2,), (2,)), ((0,), (3,)))": -5.528068549283173e-19,
    "(((2,), (2,)), ((0,), (4,)))": -0.0006971274892820464,
    "(((2,), (2,)), ((0,), (5,)))": 0.002682729100941015,
    "(((2,), (2,)), ((0,), (6,)))": -2.7009964069932055e-19,
    "(((2,), (2,)), ((1,), (0,)))": -2.65073512452847e-19,
    "(((2,), (2,)), ((1,), (1,)))": 9.70727446517105e-10,
    "(((2,), (2,)), ((1,), (2,)))": 0.0026153728443688855,
    "(((2,), (2,)), ((1,), (3,)))": -1.0286649239860087e-19,
    "(((2,), (2,)), ((1,), (4,)))": -1.9911984516069775e-15,
    "(((2,), (2,)), ((1,), (5,)))": 7.662481688083125e-15,
    "(((2,), (2,)), ((1,), (6,)))": -1.8707116764808393e-19,
    "(((2,), (2,)), ((2,), (0,)))": -1.5695030630289734e-18,
    "(((2,), (2,)), ((2,), (1,)))": 7.142334627412729e-18,
    "(((2,), (2,)), ((2,), (2,)))": -0.1300451474692832,
    "(((2,), (2,)), ((2,), (3,)))": -2.406719645553109e-17,
    "(((2,), (2,)), ((2,), (4,)))": 4.4758086051961356e-17,
    "(((2,), (2,)), ((2,), (5,)))": -2.464762595456108e-16,
    "(((2,), (2,)), ((2,), (6,)))": -6.075235210561201e-18,
    "(((2,), (3,)), ((0,), (0,)))": 0.0008271553716847756,
    "(((2,), (3,)), ((0,), (1,)))": 5.729825765116633e-18,
    "(((2,), (3,)), ((0,), (2,)))": -1.8026399513197957e-18,
    "(((2,), (3,)), ((0,), (3,)))": -8.336480629103764e-15,
    "(((2,), (3,)), ((0,), (4,)))": -3.9003666471754167e-17,
    "(((2,), (3,)), ((0,), (5,)))": -9.746769364922329e-18,
    "(((2,), (3,)), ((0,), (6,)))": 0.0033644871045992214,
    "(((2,), (3,)), ((1,), (0,)))": 2.3564076690686957e-15,
    "(((2,), (3,)), ((1,), (1,)))": 2.553609762121556e-18,
    "(((2,), (3,)), ((1,), (2,)))": 8.323553915759949e-19,
    "(((2,), (3,)), ((1,), (3,)))": 0.002913223830629073,
    "(((2,), (3,)), ((1,), (4,)))": 2.1154020426536095e-18,
    "(((2,), (3,)), ((1,), (5,)))": -2.5663026895315575e-19,
    "(((2,), (3,)), ((1,), (6,)))": 9.606209012724444e-15,
    "(((2,), (3,)), ((2,), (0,)))": -4.0362770527230446e-16,
    "(((2,), (3,)), ((2,), (1,)))": 4.969572100754346e-16,
    "(((2,), (3,)), ((2,), (2,)))": -2.406719645553111e-17,
    "(((2,), (3,)), ((2,), (3,)))": -0.09548759223036665,
    "(((2,), (3,)), ((2,), (4,)))": 1.5273669177389685e-16,
    "(((2,), (3,)), ((2,), (5,)))": 2.2391578386821983e-17,
    "(((2,), (3,)), ((2,), (6,)))": 2.130398724093119e-16,
    "(((2,), (4,)), ((0,), (0,)))": -3.2404278956460377e-18,
    "(((2,), (4,)), ((0,), (1,)))": 0.0022169579968151186,
    "(((2,), (4,)), ((0,), (2,)))": -0.0005760921971978738,
    "(((2,), (4,)), ((0,), (3,)))": -3.0564848913472896e-17,
    "(((2,), (4,)), ((0,), (4,)))": -7.689158154162477e-15,
    "(((2,), (4,)), ((0,), (5,)))": 1.6563260521088525e-18,
    "(((2,), (4,)), ((0,), (6,)))": -4.5361920435193375e-18,
    "(((2,), (4,)), ((1,), (0,)))": 2.0050062898336845e-19,
    "(((2,), (4,)), ((1,), (1,)))": 6.33147915107956e-15,
    "(((2,), (4,)), ((1,), (2,)))": -1.6453955017699068e-15,
    "(((2,), (4,)), ((1,), (3,)))": -2.3047215514807144e-19,
    "(((2,), (4,)), ((1,), (4,)))": 0.0026970234158111683,
    "(((2,), (4,)), ((1,), (5,)))": -9.228636629195902e-10,
    "(((2,), (4,)), ((1,), (6,)))": 1.4216441522495988e-22,
    "(((2,), (4,)), ((2,), (0,)))": -3.108665788326932e-17,
    "(((2,), (4,)), ((2,), (1,)))": -3.298281783795393e-16,
    "(((2,), (4,)), ((2,), (2,)))": 4.513145752077484e-17,
    "(((2,), (4,)), ((2,), (3,)))": 1.5273669177389685e-16,
    "(((2,), (4,)), ((2,), (4,)))": -0.0031092796483961696,
    "(((2,), (4,)), ((2,), (5,)))": 8.523810282981006e-18,
    "(((2,), (4,)), ((2,), (6,)))": 4.497152978980964e-19,
    "(((2,), (5,)), ((0,), (0,)))": -4.264664060230121e-19,
    "(((2,), (5,)), ((0,), (1,)))": 0.0005760921971978736,
    "(((2,), (5,)), ((0,), (2,)))": 0.0022169579968151195,
    "(((2,), (5,)), ((0,), (3,)))": -8.171242128271957e-18,
    "(((2,), (5,)), ((0,), (4,)))": 1.788413545476381e-18,
    "(((2,), (5,)), ((0,), (5,)))": -7.690780976210531e-15,
    "(((2,), (5,)), ((0,), (6,)))": -1.0920011321850178e-18,
    "(((2,), (5,)), ((1,), (0,)))": -1.3857484513567966e-19,
    "(((2,), (5,)), ((1,), (1,)))": 1.6457003171615761e-15,
    "(((2,), (5,)), ((1,), (2,)))": 6.3320355985108935e-15,
    "(((2,), (5,)), ((1,), (3,)))": 1.7006409523348656e-20,
    "(((2,), (5,)), ((1,), (4,)))": 9.228636626360719e-10,
    "(((2,), (5,)), ((1,), (5,)))": 0.002697023415811169,
    "(((2,), (5,)), ((1,), (6,)))": -1.4373467009601967e-19,
    "(((2,), (5,)), ((2,), (0,)))": 1.7433287353039685e-17,
    "(((2,), (5,)), ((2,), (1,)))": -1.0821094534673051e-16,
    "(((2,), (5,)), ((2,), (2,)))": -2.4690015448435574e-16,
    "(((2,), (5,)), ((2,), (3,)))": 2.2391578386821965e-17,
    "(((2,), (5,)), ((2,), (4,)))": 9.89203123089245e-18,
    "(((2,), (5,)), ((2,), (5,)))": -0.0031092796483961904,
    "(((2,), (5,)), ((2,), (6,)))": -6.934749900377256e-18,
    "(((2,), (6,)), ((0,), (0,)))": -6.187167160808888e-15,
    "(((2,), (6,)), ((0,), (1,)))": 2.882608926053485e-17,
    "(((2,), (6,)), ((0,), (2,)))": 1.1927030606626126e-19,
    "(((2,), (6,)), ((0,), (3,)))": 0.002105039503839778,
    "(((2,), (6,)), ((0,), (4,)))": -2.854467811206524e-18,
    "(((2,), (6,)), ((0,), (5,)))": -6.250221729283131e-19,
    "(((2,), (6,)), ((0,), (6,)))": -4.1139291689177265e-15,
    "(((2,), (6,)), ((1,), (0,)))": 0.0021692170248714705,
    "(((2,), (6,)), ((1,), (1,)))": 1.933791209884559e-18,
    "(((2,), (6,)), ((1,), (2,)))": -2.15655247497968e-21,
    "(((2,), (6,)), ((1,), (3,)))": 6.015282038744233e-15,
    "(((2,), (6,)), ((1,), (4,)))": 1.8074345589383353e-20,
    "(((2,), (6,)), ((1,), (5,)))": 3.380629205818772e-19,
    "(((2,), (6,)), ((1,), (6,)))": 0.0014381110214226204,
    "(((2,), (6,)), ((2,), (0,)))": 0.06699918009306485,
    "(((2,), (6,)), ((2,), (1,)))": 6.728929626595428e-17,
    "(((2,), (6,)), ((2,), (2,)))": -6.075235210561204e-18,
    "(((2,), (6,)), ((2,), (3,)))": 1.820391757480806e-16,
    "(((2,), (6,)), ((2,), (4,)))": 4.4971529789812835e-19,
    "(((2,), (6,)), ((2,), (5,)))": -6.934749900377254e-18,
    "(((2,), (6,)), ((2,), (6,)))": -0.03087815414094359
  },
  "red": [
    [
      0.9999364757590841,
      -2.0193665568615277e-17,
      1.3122197251085422e-15,
      0.0006720052975757094,
      -1.062124861928847e-17,
      1.573504486722624e-17,
      1.2473444583678397e-15,
      3.659572750351791e-17,
      -3.545597361600213e-19,
      -0.0011420845016768405,
      0.0,
      0.0,
      0.0,
      0.0,
      0.0,
      0.0,
      0.0,
      0.0,
      0.0,
      0.0
    ],
    [
      -2.0193665568615277e-17,
      0.9999294896819028,
      -0.00045158958082091894,
      1.894660480894956e-15,
      2.604426210679383e-18,
      -1.4572252858574706e-17,
      -0.00045162576846664306,
      -3.923823839363751e-17,
      1.1434236690621023e-18,
      -3.1462273160334515e-15,
      0.0,
      0.0,
      0.0,
      0.0,
      0.0,
      0.0,
      0.0,
      0.0,
      0.0,
      0.0
    ],
    [
      1.3122197251085422e-15,
      -0.00045158958082091894,
      0.9093450503454357,
      1.7288280732824215e-15,
      -6.110359058219619e-16,
      1.403084781008748e-16,
      -0.04986553825837303,
      1.2599423758228412e-17,
      8.0545124525343e-17,
      2.8550772022639104e-16,
      0.0,
      0.0,
      0.0,
      0.0,
      0.0,
      0.0,
      0.0,
      0.0,
      0.0,
      0.0
    ],
    [
      0.0006720052975757094,
      1.894660480894956e-15,
      1.7288280732824215e-15,
      0.038792749724575824,
      3.932337877254458e-17,
      1.0002862216469662e-19,
      -2.5102504525461847e-18,
      5.910964908952841e-18,
      -3.746954865580571e-18,
      -0.014475274933576934,
      0.0,
      0.0,
      0.0,
      0.0,
      0.0,
      0.0,
      0.0,
      0.0,
      0.0,
      0.0
    ],
    [
      -1.062124861928847e-17,
      2.604426210679383e-18,
      -6.110359058219619e-16,
      3.932337877254458e-17,
      0.01694063784284915,
      -2.3304767267712636e-18,
      -7.07249299415013e-17,
      4.376763679804405e-17,
      1.4389298414427095e-17,
      -1.820830010854025e-17,
      0.0,
      0.0,
      0.0,
      0.0,
      0.0,
      0.0,
      0.0,
      0.0,
      0.0,
      0.0
    ],
    [
      1.573504486722624e-17,
      -1.4572252858574706e-17,
      1.403084781008748e-16,
      1.0002862216469662e-19,
      -2.3304767267712636e-18,
      0.016940637842849104,
      -4.413038889175988e-18,
      -5.971239149004982e-18,
      3.2742029371995125e-17,
      8.43421706527243e-19,
      0.0,
      0.0,
      0.0,
      0.0,
      0.0,
      0.0,
      0.0,
      0.0,
      0.0,
      0.0
    ],
    [
      1.2473444583678397e-15,
      -0.00045162576846664306,
      -0.04986553825837303,
      -2.5102504525461847e-18,
      -7.07249299415013e-17,
      -4.413038889175988e-18,
      0.012546504004308233,
      -1.6363421382854878e-17,
      -7.236523726543126e-18,
      -6.050427710059482e-17,
      0.0,
      0.0,
      0.0,
      0.0,
      0.0,
      0.0,
      0.0,
      0.0,
      0.0,
      0.0
    ],
    [
      3.659572750351791e-17,
      -3.923823839363751e-17,
      1.2599423758228412e-17,
      5.910964908952841e-18,
      4.376763679804405e-17,
      -5.971239149004982e-18,
      -1.6363421382854878e-17,
      4.106294273583217e-05,
      -5.929545727392429e-20,
      -2.1454171158737653e-18,
      0.0,
      0.0,
      0.0,
      0.0,
      0.0,
      0.0,
      0.0,
      0.0,
      0.0,
      0.0
    ],
    [
      -3.545597361600213e-19,
      1.1434236690621023e-18,
      8.0545124525343e-17,
      -3.746954865580571e-18,
      1.4389298414427095e-17,
      3.2742029371995125e-17,
      -7.236523726543126e-18,
      -5.929545727392429e-20,
      4.106294273583233e-05,
      1.3992108919639289e-18,
      0.0,
      0.0,
      0.0,
      0.0,
      0.0,
      0.0,
      0.0,
      0.0,
      0.0,
      0.0
    ],
    [
      -0.0011420845016768405,
      -3.1462273160334515e-15,
      2.8550772022639104e-16,
      -0.014475274933576934,
      -1.820830010854025e-17,
      8.43421706527243e-19,
      -6.050427710059482e-17,
      -2.1454171158737653e-18,
      1.3992108919639289e-18,
      0.005486328913523073,
      0.0,
      0.0,
      0.0,
      0.0,
      0.0,
      0.0,
      0.0,
      0.0,
      0.0,
      0.0
    ],
    [
      0.0,
      0.0,
      0.0,
      0.0,
      0.0,
      0.0,
      0.0,
      0.0,
      0.0,
      0.0,
      0.9999364757590841,
      -2.0186965562564056e-17,
      1.312554641748123e-15,
      0.0006720052975757093,
      -1.062124861928847e-17,
      1.573504486722624e-17,
      1.2473157506122354e-15,
      3.659572750351792e-17,
      -3.5455973616002127e-19,
      -0.0011420845016768405
    ],
    [
      0.0,
      0.0,
      0.0,
      0.0,
      0.0,
      0.0,
      0.0,
      0.0,
      0.0,
      0.0,
      -2.0186965562564056e-17,
      0.9999294896819028,
      -0.00045158958082091856,
      1.8945753106520347e-15,
      2.6044262106793827e-18,
      -1.4572252858574706e-17,
      -0.00045162576846664306,
      -3.923823839363751e-17,
      1.1434236690621023e-18,
      -3.1462612486963152e-15
    ],
    [
      0.0,
      0.0,
      0.0,
      0.0,
      0.0,
      0.0,
      0.0,
      0.0,
      0.0,
      0.0,
      1.312554641748123e-15,
      -0.00045158958082091856,
      0.9093450503454357,
      1.7295682416976257e-15,
      -6.110359058219619e-16,
      1.403084781008748e-16,
      -0.04986553825837303,
      1.259942375822841e-17,
      8.0545124525343e-17,
      2.8369915527163056e-16
    ],
    [
      0.0,
      0.0,
      0.0,
      0.0,
      0.0,
      0.0,
      0.0,
      0.0,
      0.0,
      0.0,
      0.0006720052975757093,
      1.8945753106520347e-15,
      1.7295682416976257e-15,
      0.03879274972457581,
      3.932337877254451e-17,
      1.0002862216469677e-19,
      -5.735387580346782e-18,
      5.9109649089528464e-18,
      -3.746954865580568e-18,
      -0.014475274933576941
    ],
    [
      0.0,
      0.0,
      0.0,
      0.0,
      0.0,
      0.0,
      0.0,
      0.0,
      0.0,
      0.0,
      -1.062124861928847e-17,
      2.6044262106793827e-18,
      -6.110359058219619e-16,
      3.932337877254451e-17,
      0.016940637842849146,
      -2.3280700555179975e-18,
      -7.072492994150129e-17,
      4.330260100264089e-17,
      1.4767928126257984e-17,
      -1.8208300108540274e-17
    ],
    [
      0.0,
      0.0,
      0.0,
      0.0,
      0.0,
      0.0,
      0.0,
      0.0,
      0.0,
      0.0,
      1.573504486722624e-17,
      -1.4572252858574706e-17,
      1.403084781008748e-16,
      1.0002862216469677e-19,
      -2.3280700555179975e-18,
      0.0169406378428491,
      -4.413038889175985e-18,
      -5.923216748981105e-18,
      3.2688268664797683e-17,
      8.434217065272416e-19
    ],
    [
      0.0,
      0.0,
      0.0,
      0.0,
      0.0,
      0.0,
      0.0,
      0.0,
      0.0,
      0.0,
      1.2473157506122354e-15,
      -0.00045162576846664306,
      -0.04986553825837303,
      -5.735387580346782e-18,
      -7.072492994150129e-17,
      -4.413038889175985e-18,
      0.012546504004308233,
      -1.6363421382854878e-17,
      -7.236523726543129e-18,
      -6.164976052266895e-17
    ],
    [
      0.0,
      0.0,
      0.0,
      0.0,
      0.0,
      0.0,
      0.0,
      0.0,
      0.0,
      0.0,
      3.659572750351792e-17,
      -3.923823839363751e-17,
      1.259942375822841e-17,
      5.9109649089528464e-18,
      4.330260100264089e-17,
      -5.923216748981105e-18,
      -1.6363421382854878e-17,
      4.106294273583218e-05,
      -5.738963139196397e-20,
      -2.1454171158737646e-18
    ],
    [
      0.0,
      0.0,
      0.0,
      0.0,
      0.0,
      0.0,
      0.0,
      0.0,
      0.0,
      0.0,
      -3.5455973616002127e-19,
      1.1434236690621023e-18,
      8.0545124525343e-17,
      -3.746954865580568e-18,
      1.4767928126257984e-17,
      3.2688268664797683e-17,
      -7.236523726543129e-18,
      -5.738963139196397e-20,
      4.106294273583232e-05,
      1.3992108919639296e-18
    ],
    [
      0.0,
      0.0,
      0.0,
      0.0,
      0.0,
      0.0,
      0.0,
      0.0,
      0.0,
      0.0,
      -0.0011420845016768405,
      -3.1462612486963152e-15,
      2.8369915527163056e-16,
      -0.014475274933576941,
      -1.8208300108540274e-17,
      8.434217065272416e-19,
      -6.164976052266895e-17,
      -2.1454171158737646e-18,
      1.3992108919639296e-18,
      0.00548632891352308
    ]
  ],
  "CSRM": [
    [
      1.0161097859077262,
      1.3320911605919676e-05,
      0.0007405130991242643,
      -0.001828905027320628,
      -0.0004710674054337851,
      -0.00047106740543378483,
      -0.0006784004609774358,
      -0.0010441758006002363,
      -0.0010441758006002378,
      -0.0021748005576362394
    ],
    [
      1.3320911605919676e-05,
      1.0160953275007778,
      0.0007571213920242625,
      -0.001822220567196197,
      -0.0004949484575561675,
      -0.0004949484575561675,
      -0.0007472274603144575,
      -0.0009847980602714164,
      -0.0009847980602714164,
      -0.002109853159182268
    ],
    [
      0.0007405130991242643,
      0.0007571213920242625,
      0.920557744023418,
      -0.17906687520488682,
      -0.12577829459089432,
      -0.12577829459089418,
      -0.09235459176331876,
      -0.003007262471472215,
      -0.0030072624714722355,
      -0.02986502490513919
    ],
    [
      -0.001828905027320628,
      -0.001822220567196197,
      -0.17906687520488682,
      0.03484503125427128,
      0.02446186590129781,
      0.02446186590129778,
      0.01796004073458972,
      0.0005812268649414547,
      0.0005812268649414586,
      0.005813950067801213
    ],
    [
      -0.0004710674054337851,
      -0.0004949484575561675,
      -0.12577829459089432,
      0.02446186590129781,
      0.0172006243435584,
      0.017200624343558377,
      0.012635469523846102,
      0.0004263094690273569,
      0.0004263094690273597,
      0.004090617660510484
    ],
    [
      -0.00047106740543378483,
      -0.0004949484575561675,
      -0.12577829459089418,
      0.02446186590129778,
      0.017200624343558377,
      0.017200624343558357,
      0.012635469523846086,
      0.00042630946902735644,
      0.0004263094690273591,
      0.004090617660510478
    ],
    [
      -0.0006784004609774358,
      -0.0007472274603144575,
      -0.09235459176331876,
      0.01796004073458972,
      0.012635469523846102,
      0.012635469523846086,
      0.009284217520237465,
      0.00031925426644081867,
      0.00031925426644082073,
      0.0030081644033808246
    ],
    [
      -0.0010441758006002363,
      -0.0009847980602714164,
      -0.003007262471472215,
      0.0005812268649414547,
      0.0004263094690273569,
      0.00042630946902735644,
      0.00031925426644081867,
      2.6846521179405114e-05,
      2.684652117940519e-05,
      0.0001101743075868083
    ],
    [
      -0.0010441758006002378,
      -0.0009847980602714164,
      -0.0030072624714722355,
      0.0005812268649414586,
      0.0004263094690273597,
      0.0004263094690273591,
      0.00031925426644082073,
      2.684652117940519e-05,
      2.6846521179405263e-05,
      0.00011017430758680896
    ],
    [
      -0.0021748005576362394,
      -0.002109853159182268,
      -0.02986502490513919,
      0.005813950067801213,
