{
  "E": -14.632114992103787,
  "sol": {
    "(((), ()), ((), ()))": 0.9234980088472079,
    "(((0,), (0,)), ((), ()))": 1.140701766866192e-16,
    "(((), ()), ((0,), (0,)))": 1.140701766866192e-16,
    "(((0,), (1,)), ((), ()))": -4.621367533337666e-17,
    "(((), ()), ((0,), (1,)))": -4.621367533337666e-17,
    "(((0,), (2,)), ((), ()))": -2.849883041224394e-17,
    "(((), ()), ((0,), (2,)))": -2.849883041224394e-17,
    "(((0,), (3,)), ((), ()))": 0.00015935955563324778,
    "(((), ()), ((0,), (3,)))": 0.00015935955563324778,
    "(((0,), (4,)), ((), ()))": 1.648288419853129e-17,
    "(((), ()), ((0,), (4,)))": 1.648288419853129e-17,
    "(((0,), (5,)), ((), ()))": 3.348522212248479e-17,
    "(((), ()), ((0,), (5,)))": 3.348522212248479e-17,
    "(((0,), (6,)), ((), ()))": -2.951912939464224e-16,
    "(((), ()), ((0,), (6,)))": -2.951912939464224e-16,
    "(((1,), (0,)), ((), ()))": 0.0008624973488297792,
    "(((), ()), ((1,), (0,)))": 0.0008624973488297792,
    "(((1,), (1,)), ((), ()))": -3.741742143951493e-17,
    "(((), ()), ((1,), (1,)))": -3.741742143951493e-17,
    "(((1,), (2,)), ((), ()))": -1.3561461453642215e-17,
    "(((), ()), ((1,), (2,)))": -1.3561461453642215e-17,
    "(((1,), (3,)), ((), ()))": -8.067484398934139e-17,
    "(((), ()), ((1,), (3,)))": -8.067484398934139e-17,
    "(((1,), (4,)), ((), ()))": 1.129981243181445e-17,
    "(((), ()), ((1,), (4,)))": 1.129981243181445e-17,
    "(((1,), (5,)), ((), ()))": 5.028311107054967e-17,
    "(((), ()), ((1,), (5,)))": 5.028311107054967e-17,
    "(((1,), (6,)), ((), ()))": -0.00022982107836929533,
    "(((), ()), ((1,), (6,)))": -0.00022982107836929533,
    "(((2,), (0,)), ((), ()))": -1.5673249933141505e-15,
    "(((), ()), ((2,), (0,)))": -1.5673249933141505e-15,
    "(((2,), (1,)), ((), ()))": 2.753835226911462e-16,
    "(((), ()), ((2,), (1,)))": 2.753835226911462e-16,
    "(((2,), (2,)), ((), ()))": -9.00386829897178e-17,
    "(((), ()), ((2,), (2,)))": -9.00386829897178e-17,
    "(((2,), (3,)), ((), ()))": -0.006362655336278668,
    "(((), ()), ((2,), (3,)))": -0.006362655336278668,
    "(((2,), (4,)), ((), ()))": 8.218106513100379e-17,
    "(((), ()), ((2,), (4,)))": 8.218106513100379e-17,
    "(((2,), (5,)), ((), ()))": -5.596737187769298e-17,
    "(((), ()), ((2,), (5,)))": -5.596737187769298e-17,
    "(((2,), (6,)), ((), ()))": 8.119253159800072e-16,
    "(((), ()), ((2,), (6,)))": 8.119253159800072e-16,
    "(((0,), (0,)), ((0,), (0,)))": -0.0015170830836576908,
    "(((0,), (0,)), ((0,), (1,)))": -1.9312077858112192e-17,
    "(((0,), (0,)), ((0,), (2,)))": 5.4486563087216305e-18,
    "(((0,), (0,)), ((0,), (3,)))": 2.2750234257744696e-19,
    "(((0,), (0,)), ((0,), (4,)))": 1.2440348712805378e-19,
    "(((0,), (0,)), ((0,), (5,)))": -7.776729669567198e-20,
    "(((0,), (0,)), ((0,), (6,)))": -2.2208192327810838e-05,
    "(((0,), (0,)), ((1,), (0,)))": -1.9921070408229048e-18,
    "(((0,), (0,)), ((1,), (1,)))": -2.1889022802551815e-20,
    "(((0,), (0,)), ((1,), (2,)))": -8.33154840928488e-20,
    "(((0,), (0,)), ((1,), (3,)))": -7.187799192258522e-05,
    "(((0,), (0,)), ((1,), (4,)))": -1.447020456024058e-17,
    "(((0,), (0,)), ((1,), (5,)))": -2.641225282680172e-19,
    "(((0,), (0,)), ((1,), (6,)))": -1.686428674673837e-17,
    "(((0,), (0,)), ((2,), (0,)))": 0.0007917406295766866,
    "(((0,), (0,)), ((2,), (1,)))": 5.285984960693605e-17,
    "(((0,), (0,)), ((2,), (2,)))": -1.2898522952639598e-17,
    "(((0,), (0,)), ((2,), (3,)))": 1.1012934487319751e-16,
    "(((0,), (0,)), ((2,), (4,)))": 4.77498518621735e-19,
    "(((0,), (0,)), ((2,), (5,)))": 6.757884562089968e-19,
    "(((0,), (0,)), ((2,), (6,)))": -0.000958781940097372,
    "(((0,), (1,)), ((0,), (0,)))": -1.9312077858112192e-17,
    "(((0,), (1,)), ((0,), (1,)))": -1.6433967971291822e-05,
    "(((0,), (1,)), ((0,), (2,)))": -5.828044312872447e-20,
    "(((0,), (1,)), ((0,), (3,)))": 9.735785478688305e-19,
    "(((0,), (1,)), ((0,), (4,)))": 6.692781606619068e-17,
    "(((0,), (1,)), ((0,), (5,)))": 1.8067092254278216e-17,
    "(((0,), (1,)), ((0,), (6,)))": -7.770490942197257e-19,
    "(((0,), (1,)), ((1,), (0,)))": -1.945176867943995e-19,
    "(((0,), (1,)), ((1,), (1,)))": 8.590183339890162e-18,
    "(((0,), (1,)), ((1,), (2,)))": -2.8609937294651584e-19,
    "(((0,), (1,)), ((1,), (3,)))": -8.482254243172915e-19,
    "(((0,), (1,)), ((1,), (4,)))": 0.0010244261518841103,
    "(((0,), (1,)), ((1,), (5,)))": 0.00027230774753130217,
    "(((0,), (1,)), ((1,), (6,)))": -1.5837883971724034e-18,
    "(((0,), (1,)), ((2,), (0,)))": 5.25627057230666e-17,
    "(((0,), (1,)), ((2,), (1,)))": -0.003216435089196237,
    "(((0,), (1,)), ((2,), (2,)))": -1.374138382949547e-09,
    "(((0,), (1,)), ((2,), (3,)))": 8.991122757909216e-19,
    "(((0,), (1,)), ((2,), (4,)))": 5.4100895438180536e-17,
    "(((0,), (1,)), ((2,), (5,)))": 1.41574140945541e-17,
    "(((0,), (1,)), ((2,), (6,)))": -1.2300511624437269e-17,
    "(((0,), (2,)), ((0,), (0,)))": 5.448656308721622e-18,
    "(((0,), (2,)), ((0,), (1,)))": -5.375854220758771e-20,
    "(((0,), (2,)), ((0,), (2,)))": -1.643396797129193e-05,
    "(((0,), (2,)), ((0,), (3,)))": 7.343311605273246e-19,
    "(((0,), (2,)), ((0,), (4,)))": -1.7994724013636304e-17,
    "(((0,), (2,)), ((0,), (5,)))": 6.791886607480206e-17,
    "(((0,), (2,)), ((0,), (6,)))": 3.7798197508942487e-19,
    "(((0,), (2,)), ((1,), (0,)))": -1.860485326293869e-19,
    "(((0,), (2,)), ((1,), (1,)))": -2.9391903943799254e-19,
    "(((0,), (2,)), ((1,), (2,)))": 6.314993097710793e-18,
    "(((0,), (2,)), ((1,), (3,)))": -4.646870527910683e-19,
    "(((0,), (2,)), ((1,), (4,)))": -0.00027230774753130195,
    "(((0,), (2,)), ((1,), (5,)))": 0.0010244261518841107,
    "(((0,), (2,)), ((1,), (6,)))": -6.652591407717901e-19,
    "(((0,), (2,)), ((2,), (0,)))": -1.2586148295708503e-17,
    "(((0,), (2,)), ((2,), (1,)))": 1.3741383830264094e-09,
    "(((0,), (2,)), ((2,), (2,)))": -0.003216435089196237,
    "(((0,), (2,)), ((2,), (3,)))": -6.878317076088711e-20,
    "(((0,), (2,)), ((2,), (4,)))": -1.4726379467279207e-17,
    "(((0,), (2,)), ((2,), (5,)))": 5.3333700777613254e-17,
    "(((0,), (2,)), ((2,), (6,)))": 2.377170755166769e-18,
    "(((0,), (3,)), ((0,), (0,)))": -2.7930731487040033e-18,
    "(((0,), (3,)), ((0,), (1,)))": 9.735785478688267e-19,
    "(((0,), (3,)), ((0,), (2,)))": 7.343311605273255e-19,
    "(((0,), (3,)), ((0,), (3,)))": -0.0014716628364958803,
    "(((0,), (3,)), ((0,), (4,)))": 2.5566001906138042e-20,
    "(((0,), (3,)), ((0,), (5,)))": -3.579322297343647e-19,
    "(((0,), (3,)), ((0,), (6,)))": 1.3246570522107188e-16,
    "(((0,), (3,)), ((1,), (0,)))": 0.00014916807842965972,
    "(((0,), (3,)), ((1,), (1,)))": 2.210466847450573e-18,
    "(((0,), (3,)), ((1,), (2,)))": -1.130506846505536e-18,
    "(((0,), (3,)), ((1,), (3,)))": 1.6493167404496792e-17,
    "(((0,), (3,)), ((1,), (4,)))": 7.491444482735465e-19,
    "(((0,), (3,)), ((1,), (5,)))": 7.20825496026802e-19,
    "(((0,), (3,)), ((1,), (6,)))": 0.0019144237583806748,
    "(((0,), (3,)), ((2,), (0,)))": 1.116243995993998e-16,
    "(((0,), (3,)), ((2,), (1,)))": 8.990782606173888e-19,
    "(((0,), (3,)), ((2,), (2,)))": 6.178833821571087e-20,
    "(((0,), (3,)), ((2,), (3,)))": -0.004145779917145511,
    "(((0,), (3,)), ((2,), (4,)))": 1.1317379939136032e-19,
    "(((0,), (3,)), ((2,), (5,)))": -1.1112436317202429e-18,
    "(((0,), (3,)), ((2,), (6,)))": -9.07614910005919e-19,
    "(((0,), (4,)), ((0,), (0,)))": 1.2440348712803096e-19,
    "(((0,), (4,)), ((0,), (1,)))": 6.717729368009675e-17,
    "(((0,), (4,)), ((0,), (2,)))": -1.8232087073024557e-17,
    "(((0,), (4,)), ((0,), (3,)))": 2.5566001906138276e-20,
    "(((0,), (4,)), ((0,), (4,)))": -0.0012064555093811006,
    "(((0,), (4,)), ((0,), (5,)))": -2.230317821404317e-19,
    "(((0,), (4,)), ((0,), (6,)))": -5.230503865424044e-20,
    "(((0,), (4,)), ((1,), (0,)))": -1.2274965836996578e-17,
    "(((0,), (4,)), ((1,), (1,)))": 0.0008730128108271277,
    "(((0,), (4,)), ((1,), (2,)))": -0.00023205986226561474,
    "(((0,), (4,)), ((1,), (3,)))": 5.932201417476722e-19,
    "(((0,), (4,)), ((1,), (4,)))": -8.230286038934655e-19,
    "(((0,), (4,)), ((1,), (5,)))": -1.2385184003152572e-19,
    "(((0,), (4,)), ((1,), (6,)))": -1.2520286086273749e-20,
    "(((0,), (4,)), ((2,), (0,)))": 6.115781877258084e-19,
    "(((0,), (4,)), ((2,), (1,)))": 8.233795507888206e-17,
    "(((0,), (4,)), ((2,), (2,)))": -2.1987206897845022e-17,
    "(((0,), (4,)), ((2,), (3,)))": -4.273964855963149e-19,
    "(((0,), (4,)), ((2,), (4,)))": -0.002603226718263504,
    "(((0,), (4,)), ((2,), (5,)))": -1.307446338658821e-09,
    "(((0,), (4,)), ((2,), (6,)))": 1.319633709521547e-19,
    "(((0,), (5,)), ((0,), (0,)))": -7.77672966956739e-20,
    "(((0,), (5,)), ((0,), (1,)))": 1.804949117995917e-17,
    "(((0,), (5,)), ((0,), (2,)))": 6.8437940465026e-17,
    "(((0,), (5,)), ((0,), (3,)))": -3.579322297343669e-19,
    "(((0,), (5,)), ((0,), (4,)))": -2.441673391675146e-19,
    "(((0,), (5,)), ((0,), (5,)))": -0.0012064555093811013,
    "(((0,), (5,)), ((0,), (6,)))": -2.74406825337232e-20,
    "(((0,), (5,)), ((1,), (0,)))": -8.583476378298442e-20,
    "(((0,), (5,)), ((1,), (1,)))": 0.00023205986226561517,
    "(((0,), (5,)), ((1,), (2,)))": 0.0008730128108271281,
    "(((0,), (5,)), ((1,), (3,)))": 5.441919242301379e-19,
    "(((0,), (5,)), ((1,), (4,)))": -2.3925245342790576e-19,
    "(((0,), (5,)), ((1,), (5,)))": 1.9508711199123073e-18,
    "(((0,), (5,)), ((1,), (6,)))": 1.440013989298056e-18,
    "(((0,), (5,)), ((2,), (0,)))": 1.0953008527748077e-18,
    "(((0,), (5,)), ((2,), (1,)))": 2.168834610770563e-17,
    "(((0,), (5,)), ((2,), (2,)))": 8.108903965041748e-17,
    "(((0,), (5,)), ((2,), (3,)))": -1.822042833588988e-18,
    "(((0,), (5,)), ((2,), (4,)))": 1.307446337403687e-09,
    "(((0,), (5,)), ((2,), (5,)))": -0.0026032267182635052,
    "(((0,), (5,)), ((2,), (6,)))": -6.058393715682628e-19,
    "(((0,), (6,)), ((0,), (0,)))": -2.2208192327788937e-05,
    "(((0,), (6,)), ((0,), (1,)))": -7.770490942193694e-19,
    "(((0,), (6,)), ((0,), (2,)))": 3.779819750893746e-19,
    "(((0,), (6,)), ((0,), (3,)))": 1.3495746349740476e-16,
    "(((0,), (6,)), ((0,), (4,)))": -5.23050386542454e-20,
    "(((0,), (6,)), ((0,), (5,)))": -2.7440682533705773e-20,
    "(((0,), (6,)), ((0,), (6,)))": -0.0021046432859140487,
    "(((0,), (6,)), ((1,), (0,)))": 2.000620703040668e-18,
    "(((0,), (6,)), ((1,), (1,)))": -1.3598687718569206e-18,
    "(((0,), (6,)), ((1,), (2,)))": -5.837337403682782e-19,
    "(((0,), (6,)), ((1,), (3,)))": 0.0016343380164669079,
    "(((0,), (6,)), ((1,), (4,)))": -1.300917588551541e-19,
    "(((0,), (6,)), ((1,), (5,)))": 1.2226306379140787e-18,
    "(((0,), (6,)), ((1,), (6,)))": -1.4059054620644557e-17,
    "(((0,), (6,)), ((2,), (0,)))": -0.0020306797408478584,
    "(((0,), (6,)), ((2,), (1,)))": -2.6452162477284133e-17,
    "(((0,), (6,)), ((2,), (2,)))": 5.925096222139199e-18,
    "(((0,), (6,)), ((2,), (3,)))": 7.59138526795963e-17,
    "(((0,), (6,)), ((2,), (4,)))": 1.4979921827013405e-19,
    "(((0,), (6,)), ((2,), (5,)))": -6.769822014869862e-19,
    "(((0,), (6,)), ((2,), (6,)))": -0.0012284384363238374,
    "(((1,), (0,)), ((0,), (0,)))": -2.1472607245218447e-18,
    "(((1,), (0,)), ((0,), (1,)))": -1.945176867943887e-19,
    "(((1,), (0,)), ((0,), (2,)))": -1.8604853262938845e-19,
    "(((1,), (0,)), ((0,), (3,)))": 0.0001491680784296574,
    "(((1,), (0,)), ((0,), (4,)))": -1.2274965836996566e-17,
    "(((1,), (0,)), ((0,), (5,)))": -8.583476378298692e-20,
    "(((1,), (0,)), ((0,), (6,)))": -9.025440620618405e-18,
    "(((1,), (0,)), ((1,), (0,)))": -0.001641850575436983,
    "(((1,), (0,)), ((1,), (1,)))": -2.3869155745897548e-17,
    "(((1,), (0,)), ((1,), (2,)))": 6.5743495498797115e-18,
    "(((1,), (0,)), ((1,), (3,)))": -7.280747526326705e-18,
    "(((1,), (0,)), ((1,), (4,)))": 1.0015829898133458e-19,
    "(((1,), (0,)), ((1,), (5,)))": -6.162911957606268e-20,
    "(((1,), (0,)), ((1,), (6,)))": -0.00015966356114298125,
    "(((1,), (0,)), ((2,), (0,)))": -4.366082115171788e-17,
    "(((1,), (0,)), ((2,), (1,)))": -1.5970741849863159e-18,
    "(((1,), (0,)), ((2,), (2,)))": -1.5773441681083377e-18,
    "(((1,), (0,)), ((2,), (3,)))": 0.0022718150715252674,
    "(((1,), (0,)), ((2,), (4,)))": -2.3817207220460404e-17,
    "(((1,), (0,)), ((2,), (5,)))": 2.6655337347392087e-19,
    "(((1,), (0,)), ((2,), (6,)))": 2.832325340469616e-17,
    "(((1,), (1,)), ((0,), (0,)))": -2.188902280257974e-20,
    "(((1,), (1,)), ((0,), (1,)))": 8.453780772870867e-18,
    "(((1,), (1,)), ((0,), (2,)))": -2.9401321750744824e-19,
    "(((1,), (1,)), ((0,), (3,)))": 2.2104668474505375e-18,
    "(((1,), (1,)), ((0,), (4,)))": 0.0008730128108271271,
    "(((1,), (1,)), ((0,), (5,)))": 0.00023205986226561488,
    "(((1,), (1,)), ((0,), (6,)))": -1.3598687718571037e-18,
    "(((1,), (1,)), ((1,), (0,)))": -2.3869155745897514e-17,
    "(((1,), (1,)), ((1,), (1,)))": 0.0001975677798119516,
    "(((1,), (1,)), ((1,), (2,)))": -6.401091433585854e-20,
    "(((1,), (1,)), ((1,), (3,)))": 8.575475531819826e-19,
    "(((1,), (1,)), ((1,), (4,)))": -6.395189326298167e-17,
    "(((1,), (1,)), ((1,), (5,)))": -1.657176165363268e-17,
    "(((1,), (1,)), ((1,), (6,)))": -2.759280615237073e-18,
    "(((1,), (1,)), ((2,), (0,)))": -2.054451398760948e-18,
    "(((1,), (1,)), ((2,), (1,)))": 1.0759297021696002e-16,
    "(((1,), (1,)), ((2,), (2,)))": -7.856787132681408e-19,
    "(((1,), (1,)), ((2,), (3,)))": 3.114813319967355e-17,
    "(((1,), (1,)), ((2,), (4,)))": 0.0016929229768875842,
    "(((1,), (1,)), ((2,), (5,)))": 0.0004500005697605989,
    "(((1,), (1,)), ((2,), (6,)))": -6.921231104087191e-19,
    "(((1,), (2,)), ((0,), (0,)))": -8.331548409284388e-20,
    "(((1,), (2,)), ((0,), (1,)))": -2.8698421804102296e-19,
    "(((1,), (2,)), ((0,), (2,)))": 6.192509159979179e-18,
    "(((1,), (2,)), ((0,), (3,)))": -1.130506846505533e-18,
    "(((1,), (2,)), ((0,), (4,)))": -0.00023205986226561466,
    "(((1,), (2,)), ((0,), (5,)))": 0.0008730128108271272,
    "(((1,), (2,)), ((0,), (6,)))": -5.837337403682333e-19,
    "(((1,), (2,)), ((1,), (0,)))": 6.5743495498797084e-18,
    "(((1,), (2,)), ((1,), (1,)))": -5.95823531709357e-20,
    "(((1,), (2,)), ((1,), (2,)))": 0.00019756777981195205,
    "(((1,), (2,)), ((1,), (3,)))": 7.376202631894848e-19,
    "(((1,), (2,)), ((1,), (4,)))": 1.6645672806291045e-17,
    "(((1,), (2,)), ((1,), (5,)))": -6.212449163151932e-17,
    "(((1,), (2,)), ((1,), (6,)))": 8.341387280127306e-19,
    "(((1,), (2,)), ((2,), (0,)))": -1.649555234172054e-18,
    "(((1,), (2,)), ((2,), (1,)))": -7.078525954305444e-19,
    "(((1,), (2,)), ((2,), (2,)))": 1.0226795725736765e-16,
    "(((1,), (2,)), ((2,), (3,)))": -7.949671080592269e-18,
    "(((1,), (2,)), ((2,), (4,)))": -0.00045000056976059817,
    "(((1,), (2,)), ((2,), (5,)))": 0.0016929229768875842,
    "(((1,), (2,)), ((2,), (6,)))": 7.304182581416904e-20,
    "(((1,), (3,)), ((0,), (0,)))": -7.18779919225824e-05,
    "(((1,), (3,)), ((0,), (1,)))": -8.482254243172445e-19,
    "(((1,), (3,)), ((0,), (2,)))": -4.646870527910745e-19,
    "(((1,), (3,)), ((0,), (3,)))": 1.6870367527333043e-17,
    "(((1,), (3,)), ((0,), (4,)))": 5.9322014174767e-19,
    "(((1,), (3,)), ((0,), (5,)))": 5.441919242301384e-19,
    "(((1,), (3,)), ((0,), (6,)))": 0.0016343380164669057,
    "(((1,), (3,)), ((1,), (0,)))": -9.70777606632416e-18,
    "(((1,), (3,)), ((1,), (1,)))": 8.575475531819963e-19,
    "(((1,), (3,)), ((1,), (2,)))": 7.37620263189498e-19,
    "(((1,), (3,)), ((1,), (3,)))": -0.0010920496655163277,
    "(((1,), (3,)), ((1,), (4,)))": 1.2633118320697015e-19,
    "(((1,), (3,)), ((1,), (5,)))": -5.926881229813732e-21,
    "(((1,), (3,)), ((1,), (6,)))": -1.1866708969493094e-16,
    "(((1,), (3,)), ((2,), (0,)))": 0.0025345762985658086,
    "(((1,), (3,)), ((2,), (1,)))": 3.2790402824911623e-17,
    "(((1,), (3,)), ((2,), (2,)))": -9.548121441357091e-18,
    "(((1,), (3,)), ((2,), (3,)))": 1.7438646118153072e-16,
    "(((1,), (3,)), ((2,), (4,)))": 1.0432311070852198e-18,
    "(((1,), (3,)), ((2,), (5,)))": 1.6158934529710814e-18,
    "(((1,), (3,)), ((2,), (6,)))": 0.0006159320948170184,
    "(((1,), (4,)), ((0,), (0,)))": -1.447020456024059e-17,
    "(((1,), (4,)), ((0,), (1,)))": 0.0010244261518841113,
    "(((1,), (4,)), ((0,), (2,)))": -0.000272307747531302,
    "(((1,), (4,)), ((0,), (3,)))": 7.491444482735484e-19,
    "(((1,), (4,)), ((0,), (4,)))": -5.521834970676627e-19,
    "(((1,), (4,)), ((0,), (5,)))": -7.224473823454294e-20,
    "(((1,), (4,)), ((0,), (6,)))": -1.3009175885515006e-19,
    "(((1,), (4,)), ((1,), (0,)))": 1.001582989813224e-19,
    "(((1,), (4,)), ((1,), (1,)))": -6.380045206503371e-17,
    "(((1,), (4,)), ((1,), (2,)))": 1.6612361810774763e-17,
    "(((1,), (4,)), ((1,), (3,)))": 1.263311832069694e-19,
    "(((1,), (4,)), ((1,), (4,)))": -0.0013383100257631302,
    "(((1,), (4,)), ((1,), (5,)))": -4.102512989572142e-19,
    "(((1,), (4,)), ((1,), (6,)))": -6.887189087221393e-20,
    "(((1,), (4,)), ((2,), (0,)))": -3.624607749649915e-17,
    "(((1,), (4,)), ((2,), (1,)))": 0.002552233406571354,
    "(((1,), (4,)), ((2,), (2,)))": -0.0006784211955909608,
    "(((1,), (4,)), ((2,), (3,)))": 1.994958348443191e-18,
    "(((1,), (4,)), ((2,), (4,)))": 9.604083817827931e-17,
    "(((1,), (4,)), ((2,), (5,)))": -6.331985790164338e-19,
    "(((1,), (4,)), ((2,), (6,)))": -4.2959528999595107e-19,
    "(((1,), (5,)), ((0,), (0,)))": -2.6412252826801495e-19,
    "(((1,), (5,)), ((0,), (1,)))": 0.00027230774753130244,
    "(((1,), (5,)), ((0,), (2,)))": 0.0010244261518841111,
    "(((1,), (5,)), ((0,), (3,)))": 7.208254960268025e-19,
    "(((1,), (5,)), ((0,), (4,)))": -1.5536458384789153e-19,
    "(((1,), (5,)), ((0,), (5,)))": 1.5546708437402704e-18,
    "(((1,), (5,)), ((0,), (6,)))": 1.2226306379140787e-18,
    "(((1,), (5,)), ((1,), (0,)))": -6.162911957605912e-20,
    "(((1,), (5,)), ((1,), (1,)))": -1.6691883122312597e-17,
    "(((1,), (5,)), ((1,), (2,)))": -6.181555158770551e-17,
    "(((1,), (5,)), ((1,), (3,)))": -5.926881229814454e-21,
    "(((1,), (5,)), ((1,), (4,)))": -1.4846645898379695e-19,
    "(((1,), (5,)), ((1,), (5,)))": -0.0013383100257631309,
    "(((1,), (5,)), ((1,), (6,)))": -6.144106860379563e-20,
    "(((1,), (5,)), ((2,), (0,)))": -2.7145642223300854e-19,
    "(((1,), (5,)), ((2,), (1,)))": 0.0006784211955909613,
    "(((1,), (5,)), ((2,), (2,)))": 0.0025522334065713544,
    "(((1,), (5,)), ((2,), (3,)))": 1.741880304188523e-18,
    "(((1,), (5,)), ((2,), (4,)))": -1.452686293679658e-19,
    "(((1,), (5,)), ((2,), (5,)))": 1.0120288904149018e-16,
    "(((1,), (5,)), ((2,), (6,)))": 1.5595243215488469e-18,
    "(((1,), (6,)), ((0,), (0,)))": -5.030100537974519e-18,
    "(((1,), (6,)), ((0,), (1,)))": -1.5837883971721894e-18,
    "(((1,), (6,)), ((0,), (2,)))": -6.652591407718539e-19,
    "(((1,), (6,)), ((0,), (3,)))": 0.0019144237583806766,
    "(((1,), (6,)), ((0,), (4,)))": -1.2520286086277601e-20,
    "(((1,), (6,)), ((0,), (5,)))": 1.4400139892980589e-18,
    "(((1,), (6,)), ((0,), (6,)))": -1.3950871662896695e-17,
    "(((1,), (6,)), ((1,), (0,)))": -0.00015966356114297217,
    "(((1,), (6,)), ((1,), (1,)))": -2.759280615236876e-18,
    "(((1,), (6,)), ((1,), (2,)))": 8.341387280126973e-19,
    "(((1,), (6,)), ((1,), (3,)))": -1.171479175925336e-16,
    "(((1,), (6,)), ((1,), (4,)))": -6.887189087221798e-20,
    "(((1,), (6,)), ((1,), (5,)))": -6.144106860379291e-20,
    "(((1,), (6,)), ((1,), (6,)))": -0.0023193663325082594,
    "(((1,), (6,)), ((2,), (0,)))": 5.649601337421411e-17,
    "(((1,), (6,)), ((2,), (1,)))": -2.892174043377486e-18,
    "(((1,), (6,)), ((2,), (2,)))": -1.4127665228733423e-18,
    "(((1,), (6,)), ((2,), (3,)))": 0.0034073075964285012,
    "(((1,), (6,)), ((2,), (4,)))": 5.3970767206826167e-20,
    "(((1,), (6,)), ((2,), (5,)))": 2.9648550045707143e-18,
    "(((1,), (6,)), ((2,), (6,)))": -5.1190453934626865e-18,
    "(((2,), (0,)), ((0,), (0,)))": 0.0007917406295766861,
    "(((2,), (0,)), ((0,), (1,)))": 5.256270572306659e-17,
    "(((2,), (0,)), ((0,), (2,)))": -1.2586148295708506e-17,
    "(((2,), (0,)), ((0,), (3,)))": 1.1610457644501215e-16,
    "(((2,), (0,)), ((0,), (4,)))": 6.115781877258174e-19,
    "(((2,), (0,)), ((0,), (5,)))": 1.0953008527748116e-18,
    "(((2,), (0,)), ((0,), (6,)))": -0.00203067974084781,
    "(((2,), (0,)), ((1,), (0,)))": -4.114693159803214e-17,
    "(((2,), (0,)), ((1,), (1,)))": -2.0544513987608192e-18,
    "(((2,), (0,)), ((1,), (2,)))": -1.6495552341720877e-18,
    "(((2,), (0,)), ((1,), (3,)))": 0.0025345762985658077,
    "(((2,), (0,)), ((1,), (4,)))": -3.624607749649915e-17,
    "(((2,), (0,)), ((1,), (5,)))": -2.714564222330039e-19,
    "(((2,), (0,)), ((1,), (6,)))": 3.327813956613939e-17,
    "(((2,), (0,)), ((2,), (0,)))": -0.12472629714533465,
    "(((2,), (0,)), ((2,), (1,)))": 1.6386906691260083e-15,
    "(((2,), (0,)), ((2,), (2,)))": -4.856853863718667e-16,
    "(((2,), (0,)), ((2,), (3,)))": 2.7135798640826493e-16,
    "(((2,), (0,)), ((2,), (4,)))": -3.333487751263759e-17,
    "(((2,), (0,)), ((2,), (5,)))": -6.408628266746274e-18,
    "(((2,), (0,)), ((2,), (6,)))": 0.018005286654754527,
    "(((2,), (1,)), ((0,), (0,)))": 5.285984960693609e-17,
    "(((2,), (1,)), ((0,), (1,)))": -0.0032164350891962365,
    "(((2,), (1,)), ((0,), (2,)))": 1.3741383830308466e-09,
    "(((2,), (1,)), ((0,), (3,)))": 8.990782606173929e-19,
    "(((2,), (1,)), ((0,), (4,)))": 7.982048385786879e-17,
    "(((2,), (1,)), ((0,), (5,)))": 2.087725923796283e-17,
    "(((2,), (1,)), ((0,), (6,)))": -2.645216247728392e-17,
    "(((2,), (1,)), ((1,), (0,)))": -1.597074184986396e-18,
    "(((2,), (1,)), ((1,), (1,)))": 1.0778193051219915e-16,
    "(((2,), (1,)), ((1,), (2,)))": -7.189376532968912e-19,
    "(((2,), (1,)), ((1,), (3,)))": 3.279040282491157e-17,
    "(((2,), (1,)), ((1,), (4,)))": 0.002552233406571354,
    "(((2,), (1,)), ((1,), (5,)))": 0.0006784211955909613,
    "(((2,), (1,)), ((1,), (6,)))": -2.89217404337757e-18,
    "(((2,), (1,)), ((2,), (0,)))": 1.6386906691260083e-15,
    "(((2,), (1,)), ((2,), (1,)))": -0.25017848028117046,
    "(((2,), (1,)), ((2,), (2,)))": 1.7523111735861807e-17,
    "(((2,), (1,)), ((2,), (3,)))": -8.168716288342562e-17,
    "(((2,), (1,)), ((2,), (4,)))": -3.216826033970796e-16,
    "(((2,), (1,)), ((2,), (5,)))": -1.520018000857111e-16,
    "(((2,), (1,)), ((2,), (6,)))": 2.91626415789803e-16,
    "(((2,), (2,)), ((0,), (0,)))": -1.2898522952639567e-17,
    "(((2,), (2,)), ((0,), (1,)))": -1.3741383829486141e-09,
    "(((2,), (2,)), ((0,), (2,)))": -0.003216435089196236,
    "(((2,), (2,)), ((0,), (3,)))": 6.178833821569161e-20,
    "(((2,), (2,)), ((0,), (4,)))": -2.1967207495577402e-17,
    "(((2,), (2,)), ((0,), (5,)))": 8.144041814239634e-17,
    "(((2,), (2,)), ((0,), (6,)))": 5.9250962221391e-18,
    "(((2,), (2,)), ((1,), (0,)))": -1.5773441681083158e-18,
    "(((2,), (2,)), ((1,), (1,)))": -7.71265796490072e-19,
    "(((2,), (2,)), ((1,), (2,)))": 1.0221126916879592e-16,
    "(((2,), (2,)), ((1,), (3,)))": -9.54812144135708e-18,
    "(((2,), (2,)), ((1,), (4,)))": -0.0006784211955909603,
    "(((2,), (2,)), ((1,), (5,)))": 0.0025522334065713544,
    "(((2,), (2,)), ((1,), (6,)))": -1.4127665228733824e-18,
    "(((2,), (2,)), ((2,), (0,)))": -4.856853863718666e-16,
    "(((2,), (2,)), ((2,), (1,)))": 1.7471809519739374e-17,
    "(((2,), (2,)), ((2,), (2,)))": -0.25017848028117035,
    "(((2,), (2,)), ((2,), (3,)))": -1.5081806952403797e-16,
    "(((2,), (2,)), ((2,), (4,)))": 1.170521172417158e-16,
    "(((2,), (2,)), ((2,), (5,)))": -6.272755129312156e-16,
    "(((2,), (2,)), ((2,), (6,)))": -1.1723848406945877e-16,
    "(((2,), (3,)), ((0,), (0,)))": 1.0580284070485587e-16,
    "(((2,), (3,)), ((0,), (1,)))": 8.991122757908827e-19,
    "(((2,), (3,)), ((0,), (2,)))": -6.878317076086848e-20,
    "(((2,), (3,)), ((0,), (3,)))": -0.004145779917145512,
    "(((2,), (3,)), ((0,), (4,)))": -4.27396485596314e-19,
    "(((2,), (3,)), ((0,), (5,)))": -1.8220428335889853e-18,
    "(((2,), (3,)), ((0,), (6,)))": 6.656527593810455e-17,
    "(((2,), (3,)), ((1,), (0,)))": 0.002271815071525267,
    "(((2,), (3,)), ((1,), (1,)))": 3.114813319967357e-17,
    "(((2,), (3,)), ((1,), (2,)))": -7.949671080592282e-18,
    "(((2,), (3,)), ((1,), (3,)))": 1.7359912799997968e-16,
    "(((2,), (3,)), ((1,), (4,)))": 1.994958348443195e-18,
    "(((2,), (3,)), ((1,), (5,)))": 1.741880304188522e-18,
    "(((2,), (3,)), ((1,), (6,)))": 0.003407307596428503,
    "(((2,), (3,)), ((2,), (0,)))": 2.8036153877310737e-16,
    "(((2,), (3,)), ((2,), (1,)))": -8.168716288342558e-17,
    "(((2,), (3,)), ((2,), (2,)))": -1.5081806952403804e-16,
    "(((2,), (3,)), ((2,), (3,)))": -0.07300641186057505,
    "(((2,), (3,)), ((2,), (4,)))": -1.3925791525003012e-17,
    "(((2,), (3,)), ((2,), (5,)))": -3.700287133529788e-17,
    "(((2,), (3,)), ((2,), (6,)))": -5.521946311328227e-17,
    "(((2,), (4,)), ((0,), (0,)))": 4.774985186217377e-19,
    "(((2,), (4,)), ((0,), (1,)))": 5.641039050217934e-17,
    "(((2,), (4,)), ((0,), (2,)))": -1.50259261003672e-17,
    "(((2,), (4,)), ((0,), (3,)))": 1.1317379939136105e-19,
    "(((2,), (4,)), ((0,), (4,)))": -0.0026032267182635035,
    "(((2,), (4,)), ((0,), (5,)))": 1.3074463373642189e-09,
    "(((2,), (4,)), ((0,), (6,)))": 1.497992182701175e-19,
    "(((2,), (4,)), ((1,), (0,)))": -2.3817207220460385e-17,
    "(((2,), (4,)), ((1,), (1,)))": 0.0016929229768875835,
    "(((2,), (4,)), ((1,), (2,)))": -0.0004500005697605985,
    "(((2,), (4,)), ((1,), (3,)))": 1.043231107085214e-18,
    "(((2,), (4,)), ((1,), (4,)))": 9.639441006572037e-17,
    "(((2,), (4,)), ((1,), (5,)))": -5.514577263656078e-19,
    "(((2,), (4,)), ((1,), (6,)))": 5.397076720682944e-20,
    "(((2,), (4,)), ((2,), (0,)))": -3.3334877512637756e-17,
    "(((2,), (4,)), ((2,), (1,)))": -3.192253111126391e-16,
    "(((2,), (4,)), ((2,), (2,)))": 1.1608116471168225e-16,
    "(((2,), (4,)), ((2,), (3,)))": -1.392579152500303e-17,
    "(((2,), (4,)), ((2,), (4,)))": 0.005804456295894624,
    "(((2,), (4,)), ((2,), (5,)))": 4.301321138096184e-18,
    "(((2,), (4,)), ((2,), (6,)))": -1.3297737108331521e-18,
    "(((2,), (5,)), ((0,), (0,)))": 6.757884562089993e-19,
    "(((2,), (5,)), ((0,), (1,)))": 1.4978393755610075e-17,
    "(((2,), (5,)), ((0,), (2,)))": 5.3991018603520626e-17,
    "(((2,), (5,)), ((0,), (3,)))": -1.1112436317202448e-18,
    "(((2,), (5,)), ((0,), (4,)))": -1.3074463386297423e-09,
    "(((2,), (5,)), ((0,), (5,)))": -0.0026032267182635052,
    "(((2,), (5,)), ((0,), (6,)))": -6.76982201486979e-19,
    "(((2,), (5,)), ((1,), (0,)))": 2.665533734739178e-19,
    "(((2,), (5,)), ((1,), (1,)))": 0.0004500005697605988,
    "(((2,), (5,)), ((1,), (2,)))": 0.0016929229768875842,
    "(((2,), (5,)), ((1,), (3,)))": 1.6158934529710818e-18,
    "(((2,), (5,)), ((1,), (4,)))": -1.996466595419094e-19,
    "(((2,), (5,)), ((1,), (5,)))": 1.0085670522333894e-16,
    "(((2,), (5,)), ((1,), (6,)))": 2.9648550045706955e-18,
    "(((2,), (5,)), ((2,), (0,)))": -6.40862826674621e-18,
    "(((2,), (5,)), ((2,), (1,)))": -1.4913749012211207e-16,
    "(((2,), (5,)), ((2,), (2,)))": -6.276850616452889e-16,
    "(((2,), (5,)), ((2,), (3,)))": -3.700287133529788e-17,
    "(((2,), (5,)), ((2,), (4,)))": 9.723155309234242e-18,
    "(((2,), (5,)), ((2,), (5,)))": 0.005804456295894624,
    "(((2,), (5,)), ((2,), (6,)))": 5.675671032189241e-18,
    "(((2,), (6,)), ((0,), (0,)))": -0.0009587819400974223,
    "(((2,), (6,)), ((0,), (1,)))": -1.2300511624437702e-17,
    "(((2,), (6,)), ((0,), (2,)))": 2.377170755166824e-18,
    "(((2,), (6,)), ((0,), (3,)))": 1.5039055099038976e-17,
    "(((2,), (6,)), ((0,), (4,)))": 1.3196337095216299e-19,
    "(((2,), (6,)), ((0,), (5,)))": -6.058393715682655e-19,
    "(((2,), (6,)), ((0,), (6,)))": -0.0012284384363238448,
    "(((2,), (6,)), ((1,), (0,)))": 5.32566915468407e-17,
    "(((2,), (6,)), ((1,), (1,)))": -6.921231104086896e-19,
    "(((2,), (6,)), ((1,), (2,)))": 7.304182581416057e-20,
    "(((2,), (6,)), ((1,), (3,)))": 0.0006159320948170136,
    "(((2,), (6,)), ((1,), (4,)))": -4.295952899959584e-19,
    "(((2,), (6,)), ((1,), (5,)))": 1.559524321548865e-18,
    "(((2,), (6,)), ((1,), (6,)))": 4.638333454402096e-17,
    "(((2,), (6,)), ((2,), (0,)))": 0.01800528665475452,
    "(((2,), (6,)), ((2,), (1,)))": 2.916264157898016e-16,
    "(((2,), (6,)), ((2,), (2,)))": -1.1723848406945877e-16,
    "(((2,), (6,)), ((2,), (3,)))": -1.42607376247726e-16,
    "(((2,), (6,)), ((2,), (4,)))": -1.3297737108330951e-18,
    "(((2,), (6,)), ((2,), (5,)))": 5.67567103218923e-18,
    "(((2,), (6,)), ((2,), (6,)))": -0.004071094301522553
  },
  "red": [
    [
      0.9999193098943422,
      -3.922483745569664e-19,
      0.0017636503808504582,
      1.0246719268392997e-16,
      -4.354426956520178e-17,
      -2.598011891051301e-17,
      0.00017300428523628727,
      1.4951031351402474e-17,
      3.1020110001893194e-17,
      -2.7039872151105177e-16,
      0.0,
      0.0,
      0.0,
      0.0,
      0.0,
      0.0,
      0.0,
      0.0,
      0.0,
      0.0
    ],
    [
      -3.922483745569664e-19,
      0.9999323205979904,
      -6.285564568221953e-17,
      0.0007807209942541633,
      -3.464473704801721e-17,
      -1.257737525521245e-17,
      -7.946769680231674e-17,
      1.113234485830785e-17,
      4.627429491231399e-17,
      -0.000233223442938058,
      0.0,
      0.0,
      0.0,
      0.0,
      0.0,
      0.0,
      0.0,
      0.0,
      0.0,
      0.0
    ],
    [
      0.0017636503808504582,
      -6.285564568221953e-17,
      0.853056614503285,
      -1.2386085084297906e-15,
      1.8615588637567555e-16,
      -5.9455173559719e-17,
      -0.0054109857284463485,
      7.634062796703415e-17,
      -5.1903892462329086e-17,
      7.194499432596411e-16,
      0.0,
      0.0,
      0.0,
      0.0,
      0.0,
      0.0,
      0.0,
      0.0,
      0.0,
      0.0
    ],
    [
      1.0246719268392997e-16,
      0.0007807209942541633,
      -1.2386085084297906e-15,
      0.0159048584235075,
      -6.092773592854328e-16,
      1.7999564138089523e-16,
      -4.599287223447965e-17,
      3.948459738996272e-18,
      9.058332493340981e-19,
      -0.0023077934882056515,
      0.0,
      0.0,
      0.0,
      0.0,
      0.0,
      0.0,
      0.0,
      0.0,
      0.0,
      0.0
    ],
    [
      -4.354426956520178e-17,
      -3.464473704801721e-17,
      1.8615588637567555e-16,
      -6.092773592854328e-16,
      0.06262333302814461,
      -8.750929592703204e-18,
      2.461157366906983e-17,
      7.807482981248796e-17,
      3.645287291733313e-17,
      -4.4475497533717007e-17,
      0.0,
      0.0,
      0.0,
      0.0,
      0.0,
      0.0,
      0.0,
      0.0,
      0.0,
      0.0
    ],
    [
      -2.598011891051301e-17,
      -1.257737525521245e-17,
      -5.9455173559719e-17,
      1.7999564138089523e-16,
      -8.750929592703204e-18,
      0.06262333302814456,
      4.930127350247394e-17,
      -2.83777320214561e-17,
      1.5347547306803488e-16,
      2.1039703339592775e-17,
      0.0,
      0.0,
      0.0,
      0.0,
      0.0,
      0.0,
      0.0,
      0.0,
      0.0,
      0.0
    ],
    [
      0.00017300428523628727,
      -7.946769680231674e-17,
      -0.0054109857284463485,
      -4.599287223447965e-17,
      2.461157366906983e-17,
      4.930127350247394e-17,
      0.005438233243057799,
      4.181714204875655e-19,
      2.88193002505593e-18,
      1.0761687561860575e-17,
      0.0,
      0.0,
      0.0,
      0.0,
      0.0,
      0.0,
      0.0,
      0.0,
      0.0,
      0.0
    ],
    [
      1.4951031351402474e-17,
      1.113234485830785e-17,
      7.634062796703415e-17,
      3.948459738996272e-18,
      7.807482981248796e-17,
      -2.83777320214561e-17,
      4.181714204875655e-19,
      6.247548859486026e-05,
      9.15706090396011e-20,
      -6.077690147577584e-19,
      0.0,
      0.0,
      0.0,
      0.0,
      0.0,
      0.0,
      0.0,
      0.0,
      0.0,
      0.0
    ],
    [
      3.1020110001893194e-17,
      4.627429491231399e-17,
      -5.1903892462329086e-17,
      9.058332493340981e-19,
      3.645287291733313e-17,
      1.5347547306803488e-16,
      2.88193002505593e-18,
      9.15706090396011e-20,
      6.247548859486029e-05,
      -1.1323321949331498e-19,
      0.0,
      0.0,
      0.0,
      0.0,
      0.0,
      0.0,
      0.0,
      0.0,
      0.0,
      0.0
    ],
    [
      -2.7039872151105177e-16,
      -0.000233223442938058,
      7.194499432596411e-16,
      -0.0023077934882056515,
      -4.4475497533717007e-17,
      2.1039703339592775e-17,
      1.0761687561860575e-17,
      -6.077690147577584e-19,
      -1.1323321949331498e-19,
      0.0003770463043370191,
      0.0,
      0.0,
      0.0,
      0.0,
      0.0,
      0.0,
      0.0,
      0.0,
      0.0,
      0.0
    ],
    [
      0.0,
      0.0,
      0.0,
      0.0,
      0.0,
      0.0,
      0.0,
      0.0,
      0.0,
      0.0,
      0.9999193098943422,
      -4.49008684635623e-19,
      0.0017636503808504578,
      1.0249138633712294e-16,
      -4.354426956520178e-17,
      -2.598011891051301e-17,
      0.00017300428523628727,
      1.4951031351402474e-17,
      3.1020110001893194e-17,
      -2.703491705691699e-16
    ],
    [
      0.0,
      0.0,
      0.0,
      0.0,
      0.0,
      0.0,
      0.0,
      0.0,
      0.0,
      0.0,
      -4.49008684635623e-19,
      0.9999323205979904,
      -6.298553227164154e-17,
      0.0007807209942541633,
      -3.464473704801721e-17,
      -1.257737525521245e-17,
      -7.946100307103349e-17,
      1.113234485830785e-17,
      4.627429491231399e-17,
      -0.00023322344293805802
    ],
    [
      0.0,
      0.0,
      0.0,
      0.0,
      0.0,
      0.0,
      0.0,
      0.0,
      0.0,
      0.0,
      0.0017636503808504578,
      -6.298553227164154e-17,
      0.853056614503285,
      -1.2386740144798085e-15,
      1.8615588637567555e-16,
      -5.9455173559719e-17,
      -0.0054109857284463485,
      7.634062796703415e-17,
      -5.1903892462329086e-17,
      7.188817019048374e-16
    ],
    [
      0.0,
      0.0,
      0.0,
      0.0,
      0.0,
      0.0,
      0.0,
      0.0,
      0.0,
      0.0,
      1.0249138633712294e-16,
      0.0007807209942541633,
      -1.2386740144798085e-15,
      0.0159048584235075,
      -6.092773592854328e-16,
      1.799956413808952e-16,
      -4.6957340922910955e-17,
      3.9484597389962465e-18,
      9.058332493341012e-19,
      -0.002307793488205652
    ],
    [
      0.0,
      0.0,
      0.0,
      0.0,
      0.0,
      0.0,
      0.0,
      0.0,
      0.0,
      0.0,
      -4.354426956520178e-17,
      -3.464473704801721e-17,
      1.8615588637567555e-16,
      -6.092773592854328e-16,
      0.06262333302814463,
      -8.752497323097032e-18,
      2.46115736690698e-17,
      7.870662772328761e-17,
      3.7185880493433565e-17,
      -4.4475497533717364e-17
    ],
    [
      0.0,
      0.0,
      0.0,
      0.0,
      0.0,
      0.0,
      0.0,
      0.0,
      0.0,
      0.0,
      -2.598011891051301e-17,
      -1.257737525521245e-17,
      -5.9455173559719e-17,
      1.799956413808952e-16,
      -8.752497323097032e-18,
      0.06262333302814457,
      4.930127350247394e-17,
      -2.8624528346360196e-17,
      1.5337034638313551e-16,
      2.1039703339592757e-17
    ],
    [
      0.0,
      0.0,
      0.0,
      0.0,
      0.0,
      0.0,
      0.0,
      0.0,
      0.0,
      0.0,
      0.00017300428523628727,
      -7.946100307103349e-17,
      -0.0054109857284463485,
      -4.6957340922910955e-17,
      2.46115736690698e-17,
      4.930127350247394e-17,
      0.005438233243057799,
      4.181714204875642e-19,
      2.88193002505593e-18,
      4.369656068199066e-18
    ],
    [
      0.0,
      0.0,
      0.0,
      0.0,
      0.0,
      0.0,
      0.0,
      0.0,
      0.0,
      0.0,
      1.4951031351402474e-17,
      1.113234485830785e-17,
      7.634062796703415e-17,
      3.9484597389962465e-18,
      7.870662772328761e-17,
      -2.8624528346360196e-17,
      4.181714204875642e-19,
      6.247548859486025e-05,
      9.274754463487919e-20,
      -6.077690147577568e-19
    ],
    [
      0.0,
      0.0,
      0.0,
      0.0,
      0.0,
      0.0,
      0.0,
      0.0,
      0.0,
      0.0,
      3.1020110001893194e-17,
      4.627429491231399e-17,
      -5.1903892462329086e-17,
      9.058332493341012e-19,
      3.7185880493433565e-17,
      1.5337034638313551e-16,
      2.88193002505593e-18,
      9.274754463487919e-20,
      6.247548859486028e-05,
      -1.1323321949332026e-19
    ],
    [
      0.0,
      0.0,
      0.0,
      0.0,
      0.0,
      0.0,
      0.0,
      0.0,
      0.0,
      0.0,
      -2.703491705691699e-16,
      -0.00023322344293805802,
      7.188817019048374e-16,
      -0.002307793488205652,
      -4.4475497533717364e-17,
      2.1039703339592757e-17,
      4.369656068199066e-18,
      -6.077690147577568e-19,
      -1.1323321949332026e-19,
      0.00037704630433701904
    ]
  ],
  "CSRM": [
    [
      1.000807291864883,
      1.2221159925257887e-05,
      0.00029893890798039704,
      -0.0014023941941289136,
      -1.5191588066405725e-05,
      -1.5191588066405825e-05,
      -0.0013604076400622442,
      -0.0011152495338301832,
      -0.0011152495338301838,
      -0.001945535848809343
    ],
    [
      1.2221159925257887e-05,
      1.0008345087712702,
      0.00017398069950210184,
      -0.001517729476666931,
      0.00018263199315835042,
      0.00018263199315835083,
      -0.001009492576324896,
      -0.0012371360740175612,
      -0.0012371360740175616,
      -0.0021440261998871345
    ],
    [
      0.00029893890798039704,
      0.00017398069950210184,
      0.8537301008735376,
      -0.11529720214801518,
      -0.23126541454566282,
      -0.2312654145456627,
      -0.06748725183897457,
      0.005365649315535017,
      0.005365649315535017,
      -0.0037633265268777823
    ],
    [
      -0.0014023941941289136,
      -0.001517729476666931,
      -0.11529720214801518,
      0.015578129372475562,
      0.031228972450503385,
      0.03122897245050337,
      0.00911218838953505,
      -0.0007247714430685838,
      -0.0007247714430685838,
      0.0005133301139076103
    ],
    [
      -1.5191588066405725e-05,
      0.00018263199315835042,
      -0.23126541454566282,
      0.031228972450503385,
      0.06267126993451234,
      0.06267126993451232,
      0.018309009839033556,
      -0.0014370532855360859,
      -0.0014370532855360859,
      0.001026982909292252
    ],
    [
      -1.5191588066405825e-05,
      0.00018263199315835083,
      -0.2312654145456627,
      0.03122897245050337,
      0.06267126993451232,
      0.06267126993451229,
      0.018309009839033545,
      -0.0014370532855360852,
      -0.0014370532855360852,
      0.0010269829092922516
    ],
    [
      -0.0013604076400622442,
      -0.001009492576324896,
      -0.06748725183897457,
      0.00911218838953505,
      0.018309009839033556,
      0.018309009839033545,
      0.0053729221127312085,
      -0.0003993311080717164,
      -0.0003993311080717164,
      0.00031333816748955334
    ],
    [
      -0.0011152495338301832,
      -0.0012371360740175612,
      0.005365649315535017,
      -0.0007247714430685838,
      -0.0014370532855360859,
      -0.0014370532855360852,
      -0.0003993311080717164,
      5.054130962587319e-05,
      5.0541309625873195e-05,
      -1.1602834712923227e-05
    ],
    [
      -0.0011152495338301838,
      -0.0012371360740175616,
      0.005365649315535017,
      -0.0007247714430685838,
      -0.0014370532855360859,
      -0.0014370532855360852,
      -0.0003993311080717164,
      5.0541309625873195e-05,
      5.05413096258732e-05,
      -1.160283471292322e-05
    ],
    [
      -0.001945535848809343,
      -0.0021440261998871345,
      -0.0037633265268777823,
      0.0005133301139076103,
      0.001026982909292252,
