{
  "E": -14.660511509839422,
  "sol": {
    "(((), ()), ((), ()))": 0.9453510212643352,
    "(((0,), (0,)), ((), ()))": 1.4382488540835405e-15,
    "(((), ()), ((0,), (0,)))": 1.4382488540835405e-15,
    "(((0,), (1,)), ((), ()))": -7.77281774770145e-17,
    "(((), ()), ((0,), (1,)))": -7.77281774770145e-17,
    "(((0,), (2,)), ((), ()))": 6.070024347912212e-18,
    "(((), ()), ((0,), (2,)))": 6.070024347912212e-18,
    "(((0,), (3,)), ((), ()))": 0.00023687258535346538,
    "(((), ()), ((0,), (3,)))": 0.00023687258535346538,
    "(((0,), (4,)), ((), ()))": 6.89724892047946e-18,
    "(((), ()), ((0,), (4,)))": 6.89724892047946e-18,
    "(((0,), (5,)), ((), ()))": -8.8594574839098e-18,
    "(((), ()), ((0,), (5,)))": -8.8594574839098e-18,
    "(((0,), (6,)), ((), ()))": 1.1312315791108764e-15,
    "(((), ()), ((0,), (6,)))": 1.1312315791108764e-15,
    "(((1,), (0,)), ((), ()))": 0.0007569286144690895,
    "(((), ()), ((1,), (0,)))": 0.0007569286144690895,
    "(((1,), (1,)), ((), ()))": 7.475919432331514e-17,
    "(((), ()), ((1,), (1,)))": 7.475919432331514e-17,
    "(((1,), (2,)), ((), ()))": -4.525798281521903e-18,
    "(((), ()), ((1,), (2,)))": -4.525798281521903e-18,
    "(((1,), (3,)), ((), ()))": -2.4584376517843825e-16,
    "(((), ()), ((1,), (3,)))": -2.4584376517843825e-16,
    "(((1,), (4,)), ((), ()))": -7.488495425769752e-18,
    "(((), ()), ((1,), (4,)))": -7.488495425769752e-18,
    "(((1,), (5,)), ((), ()))": 8.448575771303738e-18,
    "(((), ()), ((1,), (5,)))": 8.448575771303738e-18,
    "(((1,), (6,)), ((), ()))": 0.0006695598702133805,
    "(((), ()), ((1,), (6,)))": 0.0006695598702133805,
    "(((2,), (0,)), ((), ()))": 1.939650993087582e-15,
    "(((), ()), ((2,), (0,)))": 1.939650993087582e-15,
    "(((2,), (1,)), ((), ()))": 3.389266156018504e-16,
    "(((), ()), ((2,), (1,)))": 3.389266156018504e-16,
    "(((2,), (2,)), ((), ()))": -2.977233777702118e-16,
    "(((), ()), ((2,), (2,)))": -2.977233777702118e-16,
    "(((2,), (3,)), ((), ()))": -0.026669861052864903,
    "(((), ()), ((2,), (3,)))": -0.026669861052864903,
    "(((2,), (4,)), ((), ()))": -9.680926939304056e-18,
    "(((), ()), ((2,), (4,)))": -9.680926939304056e-18,
    "(((2,), (5,)), ((), ()))": 1.2743329456896172e-16,
    "(((), ()), ((2,), (5,)))": 1.2743329456896172e-16,
    "(((2,), (6,)), ((), ()))": 1.2131642674647894e-15,
    "(((), ()), ((2,), (6,)))": 1.2131642674647894e-15,
    "(((0,), (0,)), ((0,), (0,)))": -0.0017966166368720356,
    "(((0,), (0,)), ((0,), (1,)))": 5.866377968937492e-18,
    "(((0,), (0,)), ((0,), (2,)))": -1.5885827523695977e-18,
    "(((0,), (0,)), ((0,), (3,)))": 1.812785549319839e-15,
    "(((0,), (0,)), ((0,), (4,)))": -4.898562835173344e-19,
    "(((0,), (0,)), ((0,), (5,)))": 3.996495636614133e-19,
    "(((0,), (0,)), ((0,), (6,)))": -0.000710507864054956,
    "(((0,), (0,)), ((1,), (0,)))": -9.965819821565981e-17,
    "(((0,), (0,)), ((1,), (1,)))": -6.757206811125759e-19,
    "(((0,), (0,)), ((1,), (2,)))": 1.915018407319847e-19,
    "(((0,), (0,)), ((1,), (3,)))": 0.00045006299168437263,
    "(((0,), (0,)), ((1,), (4,)))": 2.545074100081675e-18,
    "(((0,), (0,)), ((1,), (5,)))": -2.349441368062095e-18,
    "(((0,), (0,)), ((1,), (6,)))": 1.8239353533424633e-16,
    "(((0,), (0,)), ((2,), (0,)))": 0.0009815187300562527,
    "(((0,), (0,)), ((2,), (1,)))": -1.4153201023402894e-17,
    "(((0,), (0,)), ((2,), (2,)))": 3.732869642254595e-18,
    "(((0,), (0,)), ((2,), (3,)))": 3.107760712966468e-15,
    "(((0,), (0,)), ((2,), (4,)))": 2.8234061725848427e-19,
    "(((0,), (0,)), ((2,), (5,)))": -5.62860306693454e-19,
    "(((0,), (0,)), ((2,), (6,)))": 0.0018675248630149234,
    "(((0,), (1,)), ((0,), (0,)))": 5.866377968937457e-18,
    "(((0,), (1,)), ((0,), (1,)))": -0.00024010411549281506,
    "(((0,), (1,)), ((0,), (2,)))": -1.2144897566031273e-20,
    "(((0,), (1,)), ((0,), (3,)))": 1.2075830490441333e-18,
    "(((0,), (1,)), ((0,), (4,)))": 3.0783612615540587e-15,
    "(((0,), (1,)), ((0,), (5,)))": -1.6130198560758047e-15,
    "(((0,), (1,)), ((0,), (6,)))": 3.254913707316262e-18,
    "(((0,), (1,)), ((1,), (0,)))": -1.3988737278382637e-18,
    "(((0,), (1,)), ((1,), (1,)))": 1.7199810253519188e-16,
    "(((0,), (1,)), ((1,), (2,)))": -4.1173961407022556e-19,
    "(((0,), (1,)), ((1,), (3,)))": -6.201410182225678e-19,
    "(((0,), (1,)), ((1,), (4,)))": 0.0009006981943716907,
    "(((0,), (1,)), ((1,), (5,)))": -0.00047202255096294866,
    "(((0,), (1,)), ((1,), (6,)))": 2.0326222081649488e-18,
    "(((0,), (1,)), ((2,), (0,)))": -1.3238174560625423e-17,
    "(((0,), (1,)), ((2,), (1,)))": -0.002953319895536052,
    "(((0,), (1,)), ((2,), (2,)))": 9.408868894083717e-11,
    "(((0,), (1,)), ((2,), (3,)))": 4.48946865799693e-18,
    "(((0,), (1,)), ((2,), (4,)))": 3.191282012147485e-15,
    "(((0,), (1,)), ((2,), (5,)))": -1.6735445892819245e-15,
    "(((0,), (1,)), ((2,), (6,)))": -5.8497276072687276e-18,
    "(((0,), (2,)), ((0,), (0,)))": -1.5885827523695934e-18,
    "(((0,), (2,)), ((0,), (1,)))": -1.0952634283752018e-20,
    "(((0,), (2,)), ((0,), (2,)))": -0.00024010411549281506,
    "(((0,), (2,)), ((0,), (3,)))": -3.197037373834807e-19,
    "(((0,), (2,)), ((0,), (4,)))": 1.6133641074081619e-15,
    "(((0,), (2,)), ((0,), (5,)))": 3.078586569910384e-15,
    "(((0,), (2,)), ((0,), (6,)))": -7.833093266231951e-19,
    "(((0,), (2,)), ((1,), (0,)))": 2.935225723769232e-19,
    "(((0,), (2,)), ((1,), (1,)))": -4.662984407977453e-19,
    "(((0,), (2,)), ((1,), (2,)))": 1.7127106271710525e-16,
    "(((0,), (2,)), ((1,), (3,)))": 1.5777958970670945e-19,
    "(((0,), (2,)), ((1,), (4,)))": 0.00047202255096294844,
    "(((0,), (2,)), ((1,), (5,)))": 0.000900698194371691,
    "(((0,), (2,)), ((1,), (6,)))": -6.227440849063453e-19,
    "(((0,), (2,)), ((2,), (0,)))": 3.717033236088937e-18,
    "(((0,), (2,)), ((2,), (1,)))": -9.408868908462902e-11,
    "(((0,), (2,)), ((2,), (2,)))": -0.0029533198955360514,
    "(((0,), (2,)), ((2,), (3,)))": -6.671719522370183e-19,
    "(((0,), (2,)), ((2,), (4,)))": 1.6725858974300079e-15,
    "(((0,), (2,)), ((2,), (5,)))": 3.19139523273237e-15,
    "(((0,), (2,)), ((2,), (6,)))": 1.9439975063028094e-18,
    "(((0,), (3,)), ((0,), (0,)))": 1.8133091606959426e-15,
    "(((0,), (3,)), ((0,), (1,)))": 1.2075830490441318e-18,
    "(((0,), (3,)), ((0,), (2,)))": -3.1970373738347923e-19,
    "(((0,), (3,)), ((0,), (3,)))": -0.0009903334871710849,
    "(((0,), (3,)), ((0,), (4,)))": 9.478702472919865e-20,
    "(((0,), (3,)), ((0,), (5,)))": 4.7827294616035346e-21,
    "(((0,), (3,)), ((0,), (6,)))": -4.882819397778221e-15,
    "(((0,), (3,)), ((1,), (0,)))": 0.0005657435168799972,
    "(((0,), (3,)), ((1,), (1,)))": -1.1440632652574963e-18,
    "(((0,), (3,)), ((1,), (2,)))": 2.775079930097531e-19,
    "(((0,), (3,)), ((1,), (3,)))": 3.8561519921429475e-16,
    "(((0,), (3,)), ((1,), (4,)))": 1.2334234115951069e-18,
    "(((0,), (3,)), ((1,), (5,)))": -1.1153871189903729e-18,
    "(((0,), (3,)), ((1,), (6,)))": -0.0014439701437133732,
    "(((0,), (3,)), ((2,), (0,)))": 2.8493661609168353e-15,
    "(((0,), (3,)), ((2,), (1,)))": 1.4916584889509705e-18,
    "(((0,), (3,)), ((2,), (2,)))": -6.283608480097961e-19,
    "(((0,), (3,)), ((2,), (3,)))": -0.0037760141165526064,
    "(((0,), (3,)), ((2,), (4,)))": 1.5009398461944294e-18,
    "(((0,), (3,)), ((2,), (5,)))": -9.959935466557015e-19,
    "(((0,), (3,)), ((2,), (6,)))": -2.1735511113996165e-15,
    "(((0,), (4,)), ((0,), (0,)))": -4.898562835173271e-19,
    "(((0,), (4,)), ((0,), (1,)))": 3.079167114651626e-15,
    "(((0,), (4,)), ((0,), (2,)))": 1.6135717806460573e-15,
    "(((0,), (4,)), ((0,), (3,)))": 9.478702472919912e-20,
    "(((0,), (4,)), ((0,), (4,)))": -0.001150962946533916,
    "(((0,), (4,)), ((0,), (5,)))": 3.087064207295369e-19,
    "(((0,), (4,)), ((0,), (6,)))": -6.450976968545755e-19,
    "(((0,), (4,)), ((1,), (0,)))": 2.586849382488341e-18,
    "(((0,), (4,)), ((1,), (1,)))": 0.0008176059717234641,
    "(((0,), (4,)), ((1,), (2,)))": 0.0004284769793899543,
    "(((0,), (4,)), ((1,), (3,)))": 1.1969052099820628e-18,
    "(((0,), (4,)), ((1,), (4,)))": -1.772262772709224e-16,
    "(((0,), (4,)), ((1,), (5,)))": 1.0451144370569484e-18,
    "(((0,), (4,)), ((1,), (6,)))": 1.4310669485094344e-18,
    "(((0,), (4,)), ((2,), (0,)))": -1.1668457290731698e-18,
    "(((0,), (4,)), ((2,), (1,)))": 4.491205892444169e-15,
    "(((0,), (4,)), ((2,), (2,)))": 2.3537039857793694e-15,
    "(((0,), (4,)), ((2,), (3,)))": 7.247064665539348e-19,
    "(((0,), (4,)), ((2,), (4,)))": -0.0027000561257486152,
    "(((0,), (4,)), ((2,), (5,)))": -3.920375525812627e-10,
    "(((0,), (4,)), ((2,), (6,)))": -8.563778194962724e-19,
    "(((0,), (5,)), ((0,), (0,)))": 3.9964956366140803e-19,
    "(((0,), (5,)), ((0,), (1,)))": -1.6130917735299995e-15,
    "(((0,), (5,)), ((0,), (2,)))": 3.079375733742617e-15,
    "(((0,), (5,)), ((0,), (3,)))": 4.782729461601356e-21,
    "(((0,), (5,)), ((0,), (4,)))": -3.3869632010678955e-19,
    "(((0,), (5,)), ((0,), (5,)))": -0.0011509629465339165,
    "(((0,), (5,)), ((0,), (6,)))": 5.175417618451632e-19,
    "(((0,), (5,)), ((1,), (0,)))": -2.2761757367584853e-18,
    "(((0,), (5,)), ((1,), (1,)))": -0.0004284769793899541,
    "(((0,), (5,)), ((1,), (2,)))": 0.0008176059717234637,
    "(((0,), (5,)), ((1,), (3,)))": -1.0606322571421818e-18,
    "(((0,), (5,)), ((1,), (4,)))": 5.840469671412886e-19,
    "(((0,), (5,)), ((1,), (5,)))": -1.7756606291680734e-16,
    "(((0,), (5,)), ((1,), (6,)))": -1.1980848903494206e-18,
    "(((0,), (5,)), ((2,), (0,)))": 1.1398052017848881e-19,
    "(((0,), (5,)), ((2,), (1,)))": -2.3545242018081697e-15,
    "(((0,), (5,)), ((2,), (2,)))": 4.490668263024653e-15,
    "(((0,), (5,)), ((2,), (3,)))": -3.711845355598133e-19,
    "(((0,), (5,)), ((2,), (4,)))": 3.9203755243276937e-10,
    "(((0,), (5,)), ((2,), (5,)))": -0.0027000561257486157,
    "(((0,), (5,)), ((2,), (6,)))": 9.915025529293258e-20,
    "(((0,), (6,)), ((0,), (0,)))": -0.0007105078640549352,
    "(((0,), (6,)), ((0,), (1,)))": 3.2549137073162145e-18,
    "(((0,), (6,)), ((0,), (2,)))": -7.833093266231807e-19,
    "(((0,), (6,)), ((0,), (3,)))": -4.879247862372186e-15,
    "(((0,), (6,)), ((0,), (4,)))": -6.450976968545743e-19,
    "(((0,), (6,)), ((0,), (5,)))": 5.175417618451553e-19,
    "(((0,), (6,)), ((0,), (6,)))": -0.0025493124303652033,
    "(((0,), (6,)), ((1,), (0,)))": 1.7321746811716799e-16,
    "(((0,), (6,)), ((1,), (1,)))": 2.047882412280744e-18,
    "(((0,), (6,)), ((1,), (2,)))": -5.706555010727264e-19,
    "(((0,), (6,)), ((1,), (3,)))": -0.001279903923382206,
    "(((0,), (6,)), ((1,), (4,)))": 9.29663760478973e-19,
    "(((0,), (6,)), ((1,), (5,)))": -8.820858560287433e-19,
    "(((0,), (6,)), ((1,), (6,)))": -2.3633069887153547e-16,
    "(((0,), (6,)), ((2,), (0,)))": 0.0025075669758329255,
    "(((0,), (6,)), ((2,), (1,)))": -8.749949156780923e-18,
    "(((0,), (6,)), ((2,), (2,)))": 2.460657008577821e-18,
    "(((0,), (6,)), ((2,), (3,)))": -6.098733488275349e-15,
    "(((0,), (6,)), ((2,), (4,)))": 2.9658963756605106e-20,
    "(((0,), (6,)), ((2,), (5,)))": -3.767877976880122e-19,
    "(((0,), (6,)), ((2,), (6,)))": -0.0009851669693391862,
    "(((1,), (0,)), ((0,), (0,)))": -1.0013633449076239e-16,
    "(((1,), (0,)), ((0,), (1,)))": -1.3988737278382706e-18,
    "(((1,), (0,)), ((0,), (2,)))": 2.935225723769269e-19,
    "(((1,), (0,)), ((0,), (3,)))": 0.0005657435168799992,
    "(((1,), (0,)), ((0,), (4,)))": 2.5868493824883414e-18,
    "(((1,), (0,)), ((0,), (5,)))": -2.2761757367584872e-18,
    "(((1,), (0,)), ((0,), (6,)))": 1.825054382458993e-16,
    "(((1,), (0,)), ((1,), (0,)))": -0.00185546434358845,
    "(((1,), (0,)), ((1,), (1,)))": 6.358697061573574e-18,
    "(((1,), (0,)), ((1,), (2,)))": -1.7318524208722916e-18,
    "(((1,), (0,)), ((1,), (3,)))": -1.82614099275122e-15,
    "(((1,), (0,)), ((1,), (4,)))": -2.561453682086651e-19,
    "(((1,), (0,)), ((1,), (5,)))": 2.4912308532304194e-19,
    "(((1,), (0,)), ((1,), (6,)))": -0.0006145687604913732,
    "(((1,), (0,)), ((2,), (0,)))": -1.7629836701055914e-15,
    "(((1,), (0,)), ((2,), (1,)))": -4.887426001040084e-18,
    "(((1,), (0,)), ((2,), (2,)))": 9.21385097790261e-19,
    "(((1,), (0,)), ((2,), (3,)))": 0.0017248106545972898,
    "(((1,), (0,)), ((2,), (4,)))": 5.835310039846105e-18,
    "(((1,), (0,)), ((2,), (5,)))": -4.7521714545519376e-18,
    "(((1,), (0,)), ((2,), (6,)))": -3.333775540985356e-15,
    "(((1,), (1,)), ((0,), (0,)))": -6.7572068111256745e-19,
    "(((1,), (1,)), ((0,), (1,)))": 1.7189756484144654e-16,
    "(((1,), (1,)), ((0,), (2,)))": -4.575479495728951e-19,
    "(((1,), (1,)), ((0,), (3,)))": -1.1440632652575013e-18,
    "(((1,), (1,)), ((0,), (4,)))": 0.0008176059717234624,
    "(((1,), (1,)), ((0,), (5,)))": -0.00042847697938995434,
    "(((1,), (1,)), ((0,), (6,)))": 2.047882412280708e-18,
    "(((1,), (1,)), ((1,), (0,)))": 6.358697061573535e-18,
    "(((1,), (1,)), ((1,), (1,)))": -0.00014168692709324237,
    "(((1,), (1,)), ((1,), (2,)))": -2.047097247879758e-21,
    "(((1,), (1,)), ((1,), (3,)))": 9.928752516485915e-19,
    "(((1,), (1,)), ((1,), (4,)))": -3.0748412418783664e-15,
    "(((1,), (1,)), ((1,), (5,)))": 1.6118803618148765e-15,
    "(((1,), (1,)), ((1,), (6,)))": 2.715990527947526e-18,
    "(((1,), (1,)), ((2,), (0,)))": -4.969430988067406e-18,
    "(((1,), (1,)), ((2,), (1,)))": 5.281754900866891e-15,
    "(((1,), (1,)), ((2,), (2,)))": -1.2552073135230117e-18,
    "(((1,), (1,)), ((2,), (3,)))": -7.952291873776442e-18,
    "(((1,), (1,)), ((2,), (4,)))": 0.0017780439210783902,
    "(((1,), (1,)), ((2,), (5,)))": -0.0009318165814812796,
    "(((1,), (1,)), ((2,), (6,)))": 8.244840619426431e-19,
    "(((1,), (2,)), ((0,), (0,)))": 1.9150184073197853e-19,
    "(((1,), (2,)), ((0,), (1,)))": -4.191898215484298e-19,
    "(((1,), (2,)), ((0,), (2,)))": 1.71131926541118e-16,
    "(((1,), (2,)), ((0,), (3,)))": 2.775079930097535e-19,
    "(((1,), (2,)), ((0,), (4,)))": 0.0004284769793899542,
    "(((1,), (2,)), ((0,), (5,)))": 0.000817605971723463,
    "(((1,), (2,)), ((0,), (6,)))": -5.706555010727188e-19,
    "(((1,), (2,)), ((1,), (0,)))": -1.7318524208722895e-18,
    "(((1,), (2,)), ((1,), (1,)))": -1.1144939048056177e-20,
    "(((1,), (2,)), ((1,), (2,)))": -0.0001416869270932426,
    "(((1,), (2,)), ((1,), (3,)))": -2.576778181676393e-19,
    "(((1,), (2,)), ((1,), (4,)))": -1.6114559125086825e-15,
    "(((1,), (2,)), ((1,), (5,)))": -3.0749531706132295e-15,
    "(((1,), (2,)), ((1,), (6,)))": -7.030537474928542e-19,
    "(((1,), (2,)), ((2,), (0,)))": 9.057403676385388e-19,
    "(((1,), (2,)), ((2,), (1,)))": -1.073373333310596e-18,
    "(((1,), (2,)), ((2,), (2,)))": 5.27955327064588e-15,
    "(((1,), (2,)), ((2,), (3,)))": 1.2316209191296256e-18,
    "(((1,), (2,)), ((2,), (4,)))": 0.000931816581481279,
    "(((1,), (2,)), ((2,), (5,)))": 0.0017780439210783904,
    "(((1,), (2,)), ((2,), (6,)))": -4.001961429658639e-19,
    "(((1,), (3,)), ((0,), (0,)))": 0.00045006299168436986,
    "(((1,), (3,)), ((0,), (1,)))": -6.201410182225609e-19,
    "(((1,), (3,)), ((0,), (2,)))": 1.5777958970670911e-19,
    "(((1,), (3,)), ((0,), (3,)))": 3.8571855220326716e-16,
    "(((1,), (3,)), ((0,), (4,)))": 1.1969052099820628e-18,
    "(((1,), (3,)), ((0,), (5,)))": -1.0606322571421812e-18,
    "(((1,), (3,)), ((0,), (6,)))": -0.0012799039233822032,
    "(((1,), (3,)), ((1,), (0,)))": -1.8251591157496518e-15,
    "(((1,), (3,)), ((1,), (1,)))": 9.928752516485892e-19,
    "(((1,), (3,)), ((1,), (2,)))": -2.5767781816763765e-19,
    "(((1,), (3,)), ((1,), (3,)))": -0.0007760825091504566,
    "(((1,), (3,)), ((1,), (4,)))": -2.541455041625405e-19,
    "(((1,), (3,)), ((1,), (5,)))": 2.6988989764165044e-19,
    "(((1,), (3,)), ((1,), (6,)))": 4.8708630853248126e-15,
    "(((1,), (3,)), ((2,), (0,)))": 0.0015782703753414646,
    "(((1,), (3,)), ((2,), (1,)))": -3.857325045433232e-18,
    "(((1,), (3,)), ((2,), (2,)))": 8.361868760119197e-19,
    "(((1,), (3,)), ((2,), (3,)))": 6.765263608629655e-15,
    "(((1,), (3,)), ((2,), (4,)))": 2.736546384200277e-18,
    "(((1,), (3,)), ((2,), (5,)))": -2.499727725724177e-18,
    "(((1,), (3,)), ((2,), (6,)))": -0.0012149625245941682,
    "(((1,), (4,)), ((0,), (0,)))": 2.5450741000816753e-18,
    "(((1,), (4,)), ((0,), (1,)))": 0.000900698194371692,
    "(((1,), (4,)), ((0,), (2,)))": 0.00047202255096294833,
    "(((1,), (4,)), ((0,), (3,)))": 1.233423411595106e-18,
    "(((1,), (4,)), ((0,), (4,)))": -1.768854384319998e-16,
    "(((1,), (4,)), ((0,), (5,)))": 1.0479457018938262e-18,
    "(((1,), (4,)), ((0,), (6,)))": 9.29663760478973e-19,
    "(((1,), (4,)), ((1,), (0,)))": -2.5614536820865836e-19,
    "(((1,), (4,)), ((1,), (1,)))": -3.074670538298225e-15,
    "(((1,), (4,)), ((1,), (2,)))": -1.6110980976980607e-15,
    "(((1,), (4,)), ((1,), (3,)))": -2.541455041625408e-19,
    "(((1,), (4,)), ((1,), (4,)))": -0.001252574764928626,
    "(((1,), (4,)), ((1,), (5,)))": 1.023630114729417e-19,
    "(((1,), (4,)), ((1,), (6,)))": -5.652480509966679e-19,
    "(((1,), (4,)), ((2,), (0,)))": 9.572098187870648e-18,
    "(((1,), (4,)), ((2,), (1,)))": 0.0025041864237622126,
    "(((1,), (4,)), ((2,), (2,)))": 0.0013123531575393661,
    "(((1,), (4,)), ((2,), (3,)))": 4.089598970119211e-18,
    "(((1,), (4,)), ((2,), (4,)))": 4.840504875493606e-15,
    "(((1,), (4,)), ((2,), (5,)))": 2.299652499611748e-18,
    "(((1,), (4,)), ((2,), (6,)))": 2.244185024139538e-18,
    "(((1,), (5,)), ((0,), (0,)))": -2.3494413680620947e-18,
    "(((1,), (5,)), ((0,), (1,)))": -0.0004720225509629484,
    "(((1,), (5,)), ((0,), (2,)))": 0.0009006981943716918,
    "(((1,), (5,)), ((0,), (3,)))": -1.1153871189903734e-18,
    "(((1,), (5,)), ((0,), (4,)))": 7.319777235544408e-19,
    "(((1,), (5,)), ((0,), (5,)))": -1.77236401940917e-16,
    "(((1,), (5,)), ((0,), (6,)))": -8.820858560287402e-19,
    "(((1,), (5,)), ((1,), (0,)))": 2.491230853230429e-19,
    "(((1,), (5,)), ((1,), (1,)))": 1.6117981969324373e-15,
    "(((1,), (5,)), ((1,), (2,)))": -3.0742523316910324e-15,
    "(((1,), (5,)), ((1,), (3,)))": 2.6988989764164894e-19,
    "(((1,), (5,)), ((1,), (4,)))": -3.0063257001604954e-20,
    "(((1,), (5,)), ((1,), (5,)))": -0.0012525747649286259,
    "(((1,), (5,)), ((1,), (6,)))": 4.5990741158399245e-19,
    "(((1,), (5,)), ((2,), (0,)))": -7.887356365386329e-18,
    "(((1,), (5,)), ((2,), (1,)))": -0.0013123531575393666,
    "(((1,), (5,)), ((2,), (2,)))": 0.002504186423762213,
    "(((1,), (5,)), ((2,), (3,)))": -3.712976748475425e-18,
    "(((1,), (5,)), ((2,), (4,)))": 1.65932170027532e-18,
    "(((1,), (5,)), ((2,), (5,)))": 4.839283693764098e-15,
    "(((1,), (5,)), ((2,), (6,)))": -1.8694494844318754e-18,
    "(((1,), (6,)), ((0,), (0,)))": 1.745649383770122e-16,
    "(((1,), (6,)), ((0,), (1,)))": 2.0326222081649715e-18,
    "(((1,), (6,)), ((0,), (2,)))": -6.227440849063527e-19,
    "(((1,), (6,)), ((0,), (3,)))": -0.001443970143713376,
    "(((1,), (6,)), ((0,), (4,)))": 1.431066948509435e-18,
    "(((1,), (6,)), ((0,), (5,)))": -1.1980848903494237e-18,
    "(((1,), (6,)), ((0,), (6,)))": -2.327951683182583e-16,
    "(((1,), (6,)), ((1,), (0,)))": -0.0006145687604913576,
    "(((1,), (6,)), ((1,), (1,)))": 2.7159905279474953e-18,
    "(((1,), (6,)), ((1,), (2,)))": -7.030537474928447e-19,
    "(((1,), (6,)), ((1,), (3,)))": 4.87349210353578e-15,
    "(((1,), (6,)), ((1,), (4,)))": -5.652480509966679e-19,
    "(((1,), (6,)), ((1,), (5,)))": 4.599074115839853e-19,
    "(((1,), (6,)), ((1,), (6,)))": -0.0026796808645301227,
    "(((1,), (6,)), ((2,), (0,)))": -4.463109246009284e-15,
    "(((1,), (6,)), ((2,), (1,)))": 4.676821144307324e-18,
    "(((1,), (6,)), ((2,), (2,)))": -1.5773690509448775e-18,
    "(((1,), (6,)), ((2,), (3,)))": -0.00340858562655121,
    "(((1,), (6,)), ((2,), (4,)))": 3.5926092747071e-18,
    "(((1,), (6,)), ((2,), (5,)))": -2.7739689426359915e-18,
    "(((1,), (6,)), ((2,), (6,)))": 1.7653240396973887e-15,
    "(((2,), (0,)), ((0,), (0,)))": 0.0009815187300562503,
    "(((2,), (0,)), ((0,), (1,)))": -1.3238174560625457e-17,
    "(((2,), (0,)), ((0,), (2,)))": 3.717033236088933e-18,
    "(((2,), (0,)), ((0,), (3,)))": 2.849660814431182e-15,
    "(((2,), (0,)), ((0,), (4,)))": -1.1668457290731663e-18,
    "(((2,), (0,)), ((0,), (5,)))": 1.1398052017848785e-19,
    "(((2,), (0,)), ((0,), (6,)))": 0.002507566975832934,
    "(((2,), (0,)), ((1,), (0,)))": -1.7654151669088995e-15,
    "(((2,), (0,)), ((1,), (1,)))": -4.969430988067417e-18,
    "(((2,), (0,)), ((1,), (2,)))": 9.05740367638529e-19,
    "(((2,), (0,)), ((1,), (3,)))": 0.001578270375341461,
    "(((2,), (0,)), ((1,), (4,)))": 9.572098187870632e-18,
    "(((2,), (0,)), ((1,), (5,)))": -7.887356365386329e-18,
    "(((2,), (0,)), ((1,), (6,)))": -4.461038772707495e-15,
    "(((2,), (0,)), ((2,), (0,)))": -0.12031224138044462,
    "(((2,), (0,)), ((2,), (1,)))": -2.7815819177777905e-16,
    "(((2,), (0,)), ((2,), (2,)))": 9.826374952183482e-17,
    "(((2,), (0,)), ((2,), (3,)))": 2.828872341270599e-16,
    "(((2,), (0,)), ((2,), (4,)))": -3.612812033756394e-17,
    "(((2,), (0,)), ((2,), (5,)))": 4.813023059097121e-17,
    "(((2,), (0,)), ((2,), (6,)))": -0.03424986975295018,
    "(((2,), (1,)), ((0,), (0,)))": -1.415320102340284e-17,
    "(((2,), (1,)), ((0,), (1,)))": -0.00295331989553605,
    "(((2,), (1,)), ((0,), (2,)))": -9.408868910117753e-11,
    "(((2,), (1,)), ((0,), (3,)))": 1.491658488950962e-18,
    "(((2,), (1,)), ((0,), (4,)))": 4.491373913170104e-15,
    "(((2,), (1,)), ((0,), (5,)))": -2.3544713014794253e-15,
    "(((2,), (1,)), ((0,), (6,)))": -8.749949156780901e-18,
    "(((2,), (1,)), ((1,), (0,)))": -4.887426001040061e-18,
    "(((2,), (1,)), ((1,), (1,)))": 5.281624513825632e-15,
    "(((2,), (1,)), ((1,), (2,)))": -1.081231533079915e-18,
    "(((2,), (1,)), ((1,), (3,)))": -3.8573250454332286e-18,
    "(((2,), (1,)), ((1,), (4,)))": 0.0025041864237622126,
    "(((2,), (1,)), ((1,), (5,)))": -0.0013123531575393683,
    "(((2,), (1,)), ((1,), (6,)))": 4.676821144307332e-18,
    "(((2,), (1,)), ((2,), (0,)))": -2.7815819177777693e-16,
    "(((2,), (1,)), ((2,), (1,)))": -0.19980139025390392,
    "(((2,), (1,)), ((2,), (2,)))": -9.157339263956243e-18,
    "(((2,), (1,)), ((2,), (3,)))": -2.400772911952854e-16,
    "(((2,), (1,)), ((2,), (4,)))": -1.6008998249953423e-16,
    "(((2,), (1,)), ((2,), (5,)))": -6.821329909724301e-17,
    "(((2,), (1,)), ((2,), (6,)))": 1.0499902864412808e-16,
    "(((2,), (2,)), ((0,), (0,)))": 3.732869642254597e-18,
    "(((2,), (2,)), ((0,), (1,)))": 9.408868895489956e-11,
    "(((2,), (2,)), ((0,), (2,)))": -0.002953319895536051,
    "(((2,), (2,)), ((0,), (3,)))": -6.283608480097977e-19,
    "(((2,), (2,)), ((0,), (4,)))": 2.353464290504499e-15,
    "(((2,), (2,)), ((0,), (5,)))": 4.490731046569933e-15,
    "(((2,), (2,)), ((0,), (6,)))": 2.4606570085778244e-18,
    "(((2,), (2,)), ((1,), (0,)))": 9.21385097790269e-19,
    "(((2,), (2,)), ((1,), (1,)))": -1.2572270004167491e-18,
    "(((2,), (2,)), ((1,), (2,)))": 5.280054759266109e-15,
    "(((2,), (2,)), ((1,), (3,)))": 8.361868760119173e-19,
    "(((2,), (2,)), ((1,), (4,)))": 0.0013123531575393661,
    "(((2,), (2,)), ((1,), (5,)))": 0.002504186423762213,
    "(((2,), (2,)), ((1,), (6,)))": -1.5773690509448598e-18,
    "(((2,), (2,)), ((2,), (0,)))": 9.826374952183398e-17,
    "(((2,), (2,)), ((2,), (1,)))": -9.081333354944275e-18,
    "(((2,), (2,)), ((2,), (2,)))": -0.19980139025390387,
    "(((2,), (2,)), ((2,), (3,)))": 4.749733202255106e-17,
    "(((2,), (2,)), ((2,), (4,)))": -8.59416432251152e-17,
    "(((2,), (2,)), ((2,), (5,)))": -2.1415284443474341e-16,
    "(((2,), (2,)), ((2,), (6,)))": -1.7015529871050082e-17,
    "(((2,), (3,)), ((0,), (0,)))": 3.1077320543664762e-15,
    "(((2,), (3,)), ((0,), (1,)))": 4.489468657996931e-18,
    "(((2,), (3,)), ((0,), (2,)))": -6.671719522370161e-19,
    "(((2,), (3,)), ((0,), (3,)))": -0.0037760141165526064,
    "(((2,), (3,)), ((0,), (4,)))": 7.247064665539343e-19,
    "(((2,), (3,)), ((0,), (5,)))": -3.7118453555981434e-19,
    "(((2,), (3,)), ((0,), (6,)))": -6.100151612350408e-15,
    "(((2,), (3,)), ((1,), (0,)))": 0.0017248106545972928,
    "(((2,), (3,)), ((1,), (1,)))": -7.952291873776439e-18,
    "(((2,), (3,)), ((1,), (2,)))": 1.231620919129626e-18,
    "(((2,), (3,)), ((1,), (3,)))": 6.76470050299481e-15,
    "(((2,), (3,)), ((1,), (4,)))": 4.089598970119205e-18,
    "(((2,), (3,)), ((1,), (5,)))": -3.712976748475427e-18,
    "(((2,), (3,)), ((1,), (6,)))": -0.0034085856265512046,
    "(((2,), (3,)), ((2,), (0,)))": 3.0049809298028016e-16,
    "(((2,), (3,)), ((2,), (1,)))": -2.400772911952856e-16,
    "(((2,), (3,)), ((2,), (2,)))": 4.749733202255109e-17,
    "(((2,), (3,)), ((2,), (3,)))": -0.08805968809343892,
    "(((2,), (3,)), ((2,), (4,)))": 6.928063865162627e-17,
    "(((2,), (3,)), ((2,), (5,)))": -6.447404797506767e-17,
    "(((2,), (3,)), ((2,), (6,)))": -1.4827453287434937e-16,
    "(((2,), (4,)), ((0,), (0,)))": 2.82340617258481e-19,
    "(((2,), (4,)), ((0,), (1,)))": 3.1917061862284247e-15,
    "(((2,), (4,)), ((0,), (2,)))": 1.6727065376825907e-15,
    "(((2,), (4,)), ((0,), (3,)))": 1.5009398461944265e-18,
    "(((2,), (4,)), ((0,), (4,)))": -0.0027000561257486157,
    "(((2,), (4,)), ((0,), (5,)))": 3.920375530211794e-10,
    "(((2,), (4,)), ((0,), (6,)))": 2.965896375659586e-20,
    "(((2,), (4,)), ((1,), (0,)))": 5.835310039846113e-18,
    "(((2,), (4,)), ((1,), (1,)))": 0.0017780439210783902,
    "(((2,), (4,)), ((1,), (2,)))": 0.0009318165814812787,
    "(((2,), (4,)), ((1,), (3,)))": 2.736546384200281e-18,
    "(((2,), (4,)), ((1,), (4,)))": 4.8410516544931684e-15,
    "(((2,), (4,)), ((1,), (5,)))": 1.4720644657152028e-18,
    "(((2,), (4,)), ((1,), (6,)))": 3.5926092747071006e-18,
    "(((2,), (4,)), ((2,), (0,)))": -3.612812033756391e-17,
    "(((2,), (4,)), ((2,), (1,)))": -1.4711127517077136e-16,
    "(((2,), (4,)), ((2,), (2,)))": -8.81999694064059e-17,
    "(((2,), (4,)), ((2,), (3,)))": 6.928063865162624e-17,
    "(((2,), (4,)), ((2,), (4,)))": 0.0019278386893907436,
    "(((2,), (4,)), ((2,), (5,)))": -5.716867788451907e-18,
    "(((2,), (4,)), ((2,), (6,)))": -2.228272543545194e-17,
    "(((2,), (5,)), ((0,), (0,)))": -5.628603066934556e-19,
    "(((2,), (5,)), ((0,), (1,)))": -1.6734854636135804e-15,
    "(((2,), (5,)), ((0,), (2,)))": 3.1916676600294234e-15,
    "(((2,), (5,)), ((0,), (3,)))": -9.959935466556995e-19,
    "(((2,), (5,)), ((0,), (4,)))": -3.920375531245369e-10,
    "(((2,), (5,)), ((0,), (5,)))": -0.0027000561257486157,
    "(((2,), (5,)), ((0,), (6,)))": -3.7678779768800836e-19,
    "(((2,), (5,)), ((1,), (0,)))": -4.752171454551937e-18,
    "(((2,), (5,)), ((1,), (1,)))": -0.0009318165814812783,
    "(((2,), (5,)), ((1,), (2,)))": 0.001778043921078391,
    "(((2,), (5,)), ((1,), (3,)))": -2.4997277257241767e-18,
    "(((2,), (5,)), ((1,), (4,)))": 2.410993843614733e-18,
    "(((2,), (5,)), ((1,), (5,)))": 4.838659130304348e-15,
    "(((2,), (5,)), ((1,), (6,)))": -2.773968942635985e-18,
    "(((2,), (5,)), ((2,), (0,)))": 4.813023059097118e-17,
    "(((2,), (5,)), ((2,), (1,)))": -7.470598686845375e-17,
    "(((2,), (5,)), ((2,), (2,)))": -2.014625528243975e-16,
    "(((2,), (5,)), ((2,), (3,)))": -6.447404797506767e-17,
    "(((2,), (5,)), ((2,), (4,)))": -7.73687951401578e-19,
    "(((2,), (5,)), ((2,), (5,)))": 0.0019278386893907713,
    "(((2,), (5,)), ((2,), (6,)))": 1.965305463125375e-17,
    "(((2,), (6,)), ((0,), (0,)))": 0.001867524863014914,
    "(((2,), (6,)), ((0,), (1,)))": -5.849727607268778e-18,
    "(((2,), (6,)), ((0,), (2,)))": 1.9439975063028063e-18,
    "(((2,), (6,)), ((0,), (3,)))": -2.1720402323829287e-15,
    "(((2,), (6,)), ((0,), (4,)))": -8.563778194962576e-19,
    "(((2,), (6,)), ((0,), (5,)))": 9.915025529293162e-20,
    "(((2,), (6,)), ((0,), (6,)))": -0.0009851669693391903,
    "(((2,), (6,)), ((1,), (0,)))": -3.3414933053660717e-15,
    "(((2,), (6,)), ((1,), (1,)))": 8.244840619426693e-19,
    "(((2,), (6,)), ((1,), (2,)))": -4.0019614296588203e-19,
    "(((2,), (6,)), ((1,), (3,)))": -0.0012149625245941695,
    "(((2,), (6,)), ((1,), (4,)))": 2.2441850241395323e-18,
    "(((2,), (6,)), ((1,), (5,)))": -1.869449484431874e-18,
    "(((2,), (6,)), ((1,), (6,)))": 1.7579397101436496e-15,
    "(((2,), (6,)), ((2,), (0,)))": -0.034249869752950204,
    "(((2,), (6,)), ((2,), (1,)))": 1.0499902864412806e-16,
    "(((2,), (6,)), ((2,), (2,)))": -1.701552987105011e-17,
    "(((2,), (6,)), ((2,), (3,)))": -1.8999341429974191e-16,
    "(((2,), (6,)), ((2,), (4,)))": -2.2282725435451963e-17,
    "(((2,), (6,)), ((2,), (5,)))": 1.9653054631253725e-17,
    "(((2,), (6,)), ((2,), (6,)))": -0.014222792800158346
  },
  "red": [
    [
      0.9999194502057778,
      -2.4360253755306486e-17,
      0.0012686668132527758,
      1.2779305915597728e-15,
      -7.459357736593324e-17,
      6.637804584231162e-18,
      0.0003238646367225206,
      6.5814045388271e-18,
      -8.737650883840434e-18,
      1.2309743210664038e-15,
      0.0,
      0.0,
      0.0,
      0.0,
      0.0,
      0.0,
      0.0,
      0.0,
      0.0,
      0.0
    ],
    [
      -2.4360253755306486e-17,
      0.9999331942122311,
      -2.271768056748827e-15,
      0.0006678897192194255,
      7.075595353128275e-17,
      -4.0991713970273196e-18,
      -4.0989398264355697e-16,
      -6.788443568573416e-18,
      6.927446660321256e-18,
      0.0007212837698972391,
      0.0,
      0.0,
      0.0,
      0.0,
      0.0,
      0.0,
      0.0,
      0.0,
      0.0,
      0.0
    ],
    [
      0.0012686668132527758,
      -2.271768056748827e-15,
      0.8945601549275705,
      1.5514247063272256e-15,
      2.592923886765952e-16,
      -2.232443737237105e-16,
      -0.02286601576350988,
      -1.0901124454904763e-17,
      1.223765281200915e-16,
      1.0682634785859365e-15,
      0.0,
      0.0,
      0.0,
      0.0,
      0.0,
      0.0,
      0.0,
      0.0,
      0.0,
      0.0
    ],
    [
      1.2779305915597728e-15,
      0.0006678897192194255,
      1.5514247063272256e-15,
      0.015674114186377316,
      8.553115159354501e-17,
      -3.088202521607531e-17,
      -1.0777331055847876e-16,
      5.0296215501306346e-18,
      -6.362388264397989e-18,
      0.00460504476540702,
      0.0,
      0.0,
      0.0,
      0.0,
      0.0,
      0.0,
      0.0,
      0.0,
      0.0,
      0.0
    ],
    [
      -7.459357736593324e-17,
      7.075595353128275e-17,
      2.592923886765952e-16,
      8.553115159354501e-17,
      0.03995255753164836,
      3.637384314365475e-18,
      5.999503339328863e-17,
      2.898592976022783e-17,
      1.4860218329170607e-17,
      -1.2868287985747561e-17,
      0.0,
      0.0,
      0.0,
      0.0,
      0.0,
      0.0,
      0.0,
      0.0,
      0.0,
      0.0
    ],
    [
      6.637804584231162e-18,
      -4.0991713970273196e-18,
      -2.232443737237105e-16,
      -3.088202521607531e-17,
      3.637384314365475e-18,
      0.039952557531648336,
      -5.717521342866021e-18,
      1.740850188636368e-17,
      3.974220982513826e-17,
      2.6863378728219664e-19,
      0.0,
      0.0,
      0.0,
      0.0,
      0.0,
      0.0,
      0.0,
      0.0,
      0.0,
      0.0
    ],
    [
      0.0003238646367225206,
      -4.0989398264355697e-16,
      -0.02286601576350988,
      -1.0777331055847876e-16,
      5.999503339328863e-17,
      -5.717521342866021e-18,
      0.008518865438353687,
      -5.734925897339196e-18,
      2.1703707236228314e-18,
      -2.355325631382643e-17,
      0.0,
      0.0,
      0.0,
      0.0,
      0.0,
      0.0,
      0.0,
      0.0,
      0.0,
      0.0
    ],
    [
      6.5814045388271e-18,
      -6.788443568573416e-18,
      -1.0901124454904763e-17,
      5.0296215501306346e-18,
      2.898592976022783e-17,
      1.740850188636368e-17,
      -5.734925897339196e-18,
      3.510037127490956e-05,
      -1.0607086640990216e-20,
      1.5052414988906656e-18,
      0.0,
      0.0,
      0.0,
      0.0,
      0.0,
      0.0,
      0.0,
      0.0,
      0.0,
      0.0
    ],
    [
      -8.737650883840434e-18,
      6.927446660321256e-18,
      1.223765281200915e-16,
      -6.362388264397989e-18,
      1.4860218329170607e-17,
      3.974220982513826e-17,
      2.1703707236228314e-18,
      -1.0607086640990216e-20,
      3.5100371274909674e-05,
      -1.8841292338593445e-18,
      0.0,
      0.0,
      0.0,
      0.0,
      0.0,
      0.0,
      0.0,
      0.0,
      0.0,
      0.0
    ],
    [
      1.2309743210664038e-15,
      0.0007212837698972391,
      1.0682634785859365e-15,
      0.00460504476540702,
      -1.2868287985747561e-17,
      2.6863378728219664e-19,
      -2.355325631382643e-17,
      1.5052414988906656e-18,
      -1.8841292338593445e-18,
      0.0014189052238440135,
      0.0,
      0.0,
      0.0,
      0.0,
      0.0,
      0.0,
      0.0,
      0.0,
      0.0,
      0.0
    ],
    [
      0.0,
      0.0,
      0.0,
      0.0,
      0.0,
      0.0,
      0.0,
      0.0,
      0.0,
      0.0,
      0.9999194502057778,
      -2.435875664062704e-17,
      0.0012686668132527753,
      1.277925876217773e-15,
      -7.459357736593324e-17,
      6.637804584231162e-18,
      0.0003238646367225206,
      6.581404538827099e-18,
      -8.737650883840434e-18,
      1.2310206944356748e-15
    ],
    [
      0.0,
      0.0,
      0.0,
      0.0,
      0.0,
      0.0,
      0.0,
      0.0,
      0.0,
      0.0,
      -2.435875664062704e-17,
      0.9999331942122311,
      -2.2713480569951677e-15,
      0.0006678897192194254,
      7.075595353128275e-17,
      -4.09917139702732e-18,
      -4.0987797188892447e-16,
      -6.7884435685734155e-18,
      6.927446660321255e-18,
      0.0007212837698972389
    ],
    [
      0.0,
      0.0,
      0.0,
      0.0,
      0.0,
      0.0,
      0.0,
      0.0,
      0.0,
      0.0,
      0.0012686668132527753,
      -2.2713480569951677e-15,
      0.8945601549275705,
      1.5509554052997278e-15,
      2.592923886765952e-16,
      -2.232443737237105e-16,
      -0.02286601576350988,
      -1.0901124454904767e-17,
      1.2237652812009152e-16,
      1.0671612553276859e-15
    ],
    [
      0.0,
      0.0,
      0.0,
      0.0,
      0.0,
      0.0,
      0.0,
      0.0,
      0.0,
      0.0,
      1.277925876217773e-15,
      0.0006678897192194254,
      1.5509554052997278e-15,
      0.01567411418637732,
      8.553115159354484e-17,
      -3.088202521607523e-17,
      -1.0573134482801587e-16,
      5.029621550130646e-18,
      -6.362388264397995e-18,
      0.004605044765407016
    ],
    [
      0.0,
      0.0,
      0.0,
      0.0,
      0.0,
      0.0,
      0.0,
      0.0,
      0.0,
      0.0,
      -7.459357736593324e-17,
      7.075595353128275e-17,
      2.592923886765952e-16,
      8.553115159354484e-17,
      0.039952557531648364,
      3.6437239808512e-18,
      5.999503339328858e-17,
      3.160282977060492e-17,
      1.3550444623796765e-17,
      -1.2868287985747515e-17
    ],
    [
      0.0,
      0.0,
      0.0,
      0.0,
      0.0,
      0.0,
      0.0,
      0.0,
      0.0,
      0.0,
      6.637804584231162e-18,
      -4.09917139702732e-18,
      -2.232443737237105e-16,
      -3.088202521607523e-17,
      3.6437239808512e-18,
      0.03995255753164834,
      -5.7175213428660175e-18,
      1.695243704490825e-17,
      4.230169263445801e-17,
      2.6863378728216823e-19
    ],
    [
      0.0,
      0.0,
      0.0,
      0.0,
      0.0,
      0.0,
      0.0,
      0.0,
      0.0,
      0.0,
      0.0003238646367225206,
      -4.0987797188892447e-16,
      -0.02286601576350988,
      -1.0573134482801587e-16,
      5.999503339328858e-17,
      -5.7175213428660175e-18,
      0.008518865438353685,
      -5.734925897339194e-18,
      2.1703707236228268e-18,
      -2.6021311350351948e-17
    ],
    [
      0.0,
      0.0,
      0.0,
      0.0,
      0.0,
      0.0,
      0.0,
      0.0,
      0.0,
      0.0,
      6.581404538827099e-18,
      -6.7884435685734155e-18,
      -1.0901124454904767e-17,
      5.029621550130646e-18,
      3.160282977060492e-17,
      1.695243704490825e-17,
      -5.734925897339194e-18,
      3.510037127490955e-05,
      -1.7316033561279502e-20,
      1.5052414988906679e-18
    ],
    [
      0.0,
      0.0,
      0.0,
      0.0,
      0.0,
      0.0,
      0.0,
      0.0,
      0.0,
      0.0,
      -8.737650883840434e-18,
      6.927446660321255e-18,
      1.2237652812009152e-16,
      -6.362388264397995e-18,
      1.3550444623796765e-17,
      4.230169263445801e-17,
      2.1703707236228268e-18,
      -1.7316033561279502e-20,
      3.5100371274909674e-05,
      -1.8841292338593453e-18
    ],
    [
      0.0,
      0.0,
      0.0,
      0.0,
      0.0,
      0.0,
      0.0,
      0.0,
      0.0,
      0.0,
      1.2310206944356748e-15,
      0.0007212837698972389,
      1.0671612553276859e-15,
      0.004605044765407016,
      -1.2868287985747515e-17,
      2.6863378728216823e-19,
      -2.6021311350351948e-17,
      1.5052414988906679e-18,
      -1.8841292338593453e-18,
      0.0014189052238440117
    ]
  ],
  "CSRM": [
    [
      1.0038586551155204,
      1.4817483813568665e-05,
      0.0004817283224836652,
      -0.0017052597221543443,
      -0.00022789496037743467,
      -0.00022789496037743467,
      -0.0009399756033171982,
      -0.0010924371477676372,
      -0.0010924371477676377,
      -0.0024196813707891857
    ],
    [
      1.4817483813568665e-05,
      1.0038869331720444,
      0.00042527840731549466,
      -0.001761115057090665,
      -0.0001344822289682127,
      -0.0001344822289682129,
      -0.0007366191633552234,
      -0.0011888820640882593,
      -0.0011888820640882593,
      -0.002543420645634608
    ],
    [
      0.0004817283224836652,
      0.00042527840731549466,
      0.8973284940170646,
      -0.11419443363575857,
      -0.18964160535862348,
      -0.18964160535862343,
      -0.08358190399074625,
      0.0018298092093549981,
      0.0018298092093550244,
      -0.013499572029391319
    ],
    [
      -0.0017052597221543443,
      -0.001761115057090665,
      -0.11419443363575857,
      0.014541845433444077,
      0.02413004521518349,
      0.02413004521518348,
      0.010633030472551399,
      -0.00023378683349599048,
      -0.00023378683349599384,
      0.0017257025348163565
    ],
    [
      -0.00022789496037743467,
      -0.0001344822289682127,
      -0.18964160535862348,
      0.02413004521518349,
      0.04009863689821986,
      0.040098636898219846,
      0.017687906116341735,
      -0.00037026498002081643,
      -0.00037026498002082207,
      0.002859993458198137
    ],
    [
      -0.00022789496037743467,
      -0.0001344822289682129,
      -0.18964160535862343,
      0.02413004521518348,
      0.040098636898219846,
      0.04009863689821984,
      0.01768790611634173,
      -0.0003702649800208163,
      -0.00037026498002082196,
      0.002859993458198136
    ],
    [
      -0.0009399756033171982,
      -0.0007366191633552234,
      -0.08358190399074625,
      0.010633030472551399,
      0.017687906116341735,
      0.01768790611634173,
      0.007815896223148464,
      -0.0001478539111884917,
      -0.00014785391118849413,
      0.0012695813086415222
    ],
    [
      -0.0010924371477676372,
      -0.0011888820640882593,
      0.0018298092093549981,
      -0.00023378683349599048,
      -0.00037026498002081643,
      -0.0003702649800208163,
      -0.0001478539111884917,
      2.1275997674360808e-05,
      2.1275997674360866e-05,
      -1.5872111110749975e-05
    ],
    [
      -0.0010924371477676377,
      -0.0011888820640882593,
      0.0018298092093550244,
      -0.00023378683349599384,
      -0.00037026498002082207,
      -0.00037026498002082196,
      -0.00014785391118849413,
      2.1275997674360866e-05,
      2.127599767436092e-05,
      -1.5872111110750375e-05
    ],
    [
      -0.0024196813707891857,
      -0.002543420645634608,
      -0.013499572029391319,
      0.0017257025348163565,
