{
  "E": -107.6406568106442,
  "sol": {
    "(((), ()), ((), ()))": 0.965546609368588,
    "(((0,), (0,)), ((), ()))": -4.167973200108629e-17,
    "(((), ()), ((0,), (0,)))": -4.167973200108629e-17,
    "(((0,), (1,)), ((), ()))": -9.32955779914607e-18,
    "(((), ()), ((0,), (1,)))": -9.32955779914607e-18,
    "(((0,), (2,)), ((), ()))": -9.679700377801208e-16,
    "(((), ()), ((0,), (2,)))": -9.679700377801208e-16,
    "(((1,), (0,)), ((), ()))": -1.6274152657200886e-16,
    "(((), ()), ((1,), (0,)))": -1.6274152657200886e-16,
    "(((1,), (1,)), ((), ()))": -4.003102436312547e-17,
    "(((), ()), ((1,), (1,)))": -4.003102436312547e-17,
    "(((1,), (2,)), ((), ()))": -6.838962606544825e-05,
    "(((), ()), ((1,), (2,)))": -6.838962606544825e-05,
    "(((2,), (0,)), ((), ()))": 8.155193381200802e-17,
    "(((), ()), ((2,), (0,)))": 8.155193381200802e-17,
    "(((2,), (1,)), ((), ()))": 4.1542978666874395e-16,
    "(((), ()), ((2,), (1,)))": 4.1542978666874395e-16,
    "(((2,), (2,)), ((), ()))": -1.0603963701592631e-16,
    "(((), ()), ((2,), (2,)))": -1.0603963701592631e-16,
    "(((3,), (0,)), ((), ()))": -3.844320688974823e-16,
    "(((), ()), ((3,), (0,)))": -3.844320688974823e-16,
    "(((3,), (1,)), ((), ()))": -1.8545345753991255e-16,
    "(((), ()), ((3,), (1,)))": -1.8545345753991255e-16,
    "(((3,), (2,)), ((), ()))": 0.008592302370222422,
    "(((), ()), ((3,), (2,)))": 0.008592302370222422,
    "(((4,), (0,)), ((), ()))": 8.089206172703959e-16,
    "(((), ()), ((4,), (0,)))": 8.089206172703959e-16,
    "(((4,), (1,)), ((), ()))": 2.0401632737299136e-15,
    "(((), ()), ((4,), (1,)))": 2.0401632737299136e-15,
    "(((4,), (2,)), ((), ()))": -2.4025145957220177e-17,
    "(((), ()), ((4,), (2,)))": -2.4025145957220177e-17,
    "(((5,), (0,)), ((), ()))": -1.7353861927936332e-15,
    "(((), ()), ((5,), (0,)))": -1.7353861927936332e-15,
    "(((5,), (1,)), ((), ()))": 8.06806146498608e-16,
    "(((), ()), ((5,), (1,)))": 8.06806146498608e-16,
    "(((5,), (2,)), ((), ()))": -1.9169150413885067e-17,
    "(((), ()), ((5,), (2,)))": -1.9169150413885067e-17,
    "(((6,), (0,)), ((), ()))": -1.1407672586734107e-16,
    "(((), ()), ((6,), (0,)))": -1.1407672586734107e-16,
    "(((6,), (1,)), ((), ()))": -2.6439905913059905e-16,
    "(((), ()), ((6,), (1,)))": -2.6439905913059905e-16,
    "(((6,), (2,)), ((), ()))": 8.661461645379557e-16,
    "(((), ()), ((6,), (2,)))": 8.661461645379557e-16,
    "(((0,), (0,)), ((0,), (0,)))": -0.0003085166071312572,
    "(((0,), (0,)), ((0,), (1,)))": -7.949817176431275e-20,
    "(((0,), (0,)), ((0,), (2,)))": -3.2314886318984683e-19,
    "(((0,), (0,)), ((1,), (0,)))": -3.2061105047591126e-16,
    "(((0,), (0,)), ((1,), (1,)))": 1.270570235360703e-19,
    "(((0,), (0,)), ((1,), (2,)))": 6.081857043532406e-20,
    "(((0,), (0,)), ((2,), (0,)))": -0.0006542375572591801,
    "(((0,), (0,)), ((2,), (1,)))": -4.6538491698569217e-10,
    "(((0,), (0,)), ((2,), (2,)))": -7.9577010592684725e-19,
    "(((0,), (0,)), ((3,), (0,)))": 1.1903371081078956e-14,
    "(((0,), (0,)), ((3,), (1,)))": -3.483866395387982e-19,
    "(((0,), (0,)), ((3,), (2,)))": 1.401280502138999e-19,
    "(((0,), (0,)), ((4,), (0,)))": 3.7406676768752726e-17,
    "(((0,), (0,)), ((4,), (1,)))": -7.080916199569152e-19,
    "(((0,), (0,)), ((4,), (2,)))": -0.00026782007676660576,
    "(((0,), (0,)), ((5,), (0,)))": -1.9112214318579016e-17,
    "(((0,), (0,)), ((5,), (1,)))": 4.539258476702423e-19,
    "(((0,), (0,)), ((5,), (2,)))": 0.0005832689929581706,
    "(((0,), (0,)), ((6,), (0,)))": 0.00038956783685009297,
    "(((0,), (0,)), ((6,), (1,)))": -1.850891357112717e-10,
    "(((0,), (0,)), ((6,), (2,)))": 5.558672800305835e-17,
    "(((0,), (1,)), ((0,), (0,)))": -8.234153348855557e-20,
    "(((0,), (1,)), ((0,), (1,)))": -0.00030851660713125743,
    "(((0,), (1,)), ((0,), (2,)))": -3.891137949017387e-19,
    "(((0,), (1,)), ((1,), (0,)))": 1.263188235504542e-19,
    "(((0,), (1,)), ((1,), (1,)))": -3.1908936216194627e-16,
    "(((0,), (1,)), ((1,), (2,)))": 1.4974089315068192e-20,
    "(((0,), (1,)), ((2,), (0,)))": 4.6538491676358223e-10,
    "(((0,), (1,)), ((2,), (1,)))": -0.00065423755725918,
    "(((0,), (1,)), ((2,), (2,)))": -1.0034325205517233e-18,
    "(((0,), (1,)), ((3,), (0,)))": -3.7861925220331585e-19,
    "(((0,), (1,)), ((3,), (1,)))": 1.1898887308346271e-14,
    "(((0,), (1,)), ((3,), (2,)))": -5.959442386273628e-19,
    "(((0,), (1,)), ((4,), (0,)))": -1.1666252272752402e-18,
    "(((0,), (1,)), ((4,), (1,)))": 3.658492581384318e-17,
    "(((0,), (1,)), ((4,), (2,)))": -0.0005832689929581706,
    "(((0,), (1,)), ((5,), (0,)))": 3.669502262371696e-19,
    "(((0,), (1,)), ((5,), (1,)))": -2.0981779446534016e-17,
    "(((0,), (1,)), ((5,), (2,)))": -0.0002678200767666052,
    "(((0,), (1,)), ((6,), (0,)))": 1.8508913585181403e-10,
    "(((0,), (1,)), ((6,), (1,)))": 0.000389567836850093,
    "(((0,), (1,)), ((6,), (2,)))": 4.210089187264849e-17,
    "(((0,), (2,)), ((0,), (0,)))": -3.231488631898471e-19,
    "(((0,), (2,)), ((0,), (1,)))": -3.8911379490173883e-19,
    "(((0,), (2,)), ((0,), (2,)))": -0.0009590465283343293,
    "(((0,), (2,)), ((1,), (0,)))": 1.4637214504713776e-20,
    "(((0,), (2,)), ((1,), (1,)))": 5.920044239080022e-20,
    "(((0,), (2,)), ((1,), (2,)))": -4.668395882609648e-16,
    "(((0,), (2,)), ((2,), (0,)))": -1.6746515051530496e-20,
    "(((0,), (2,)), ((2,), (1,)))": -2.6154825708777893e-19,
    "(((0,), (2,)), ((2,), (2,)))": -0.00041131921535006753,
    "(((0,), (2,)), ((3,), (0,)))": -3.46875036537054e-19,
    "(((0,), (2,)), ((3,), (1,)))": 1.872831150075283e-19,
    "(((0,), (2,)), ((3,), (2,)))": 9.132995156273268e-15,
    "(((0,), (2,)), ((4,), (0,)))": 0.0001056020840595061,
    "(((0,), (2,)), ((4,), (1,)))": 0.00022998980693397808,
    "(((0,), (2,)), ((4,), (2,)))": 3.533797130688229e-17,
    "(((0,), (2,)), ((5,), (0,)))": -0.00022998980693397873,
    "(((0,), (2,)), ((5,), (1,)))": 0.00010560208405950555,
    "(((0,), (2,)), ((5,), (2,)))": -1.901486005874924e-17,
    "(((0,), (2,)), ((6,), (0,)))": -2.2021018410993743e-17,
    "(((0,), (2,)), ((6,), (1,)))": -1.6657300854173647e-17,
    "(((0,), (2,)), ((6,), (2,)))": 0.00036403504835874157,
    "(((1,), (0,)), ((0,), (0,)))": -3.2058739752448247e-16,
    "(((1,), (0,)), ((0,), (1,)))": 1.2942762342950453e-19,
    "(((1,), (0,)), ((0,), (2,)))": 1.463721450471368e-20,
    "(((1,), (0,)), ((1,), (0,)))": -0.0003336206475874794,
    "(((1,), (0,)), ((1,), (1,)))": -9.697301357308183e-20,
    "(((1,), (0,)), ((1,), (2,)))": -3.7269133541968295e-19,
    "(((1,), (0,)), ((2,), (0,)))": 8.33526067860526e-15,
    "(((1,), (0,)), ((2,), (1,)))": 4.2918743753174545e-19,
    "(((1,), (0,)), ((2,), (2,)))": 6.843723175091996e-19,
    "(((1,), (0,)), ((3,), (0,)))": 0.0009332954099822726,
    "(((1,), (0,)), ((3,), (1,)))": 6.807026872141353e-11,
    "(((1,), (0,)), ((3,), (2,)))": -1.1605676061587874e-18,
    "(((1,), (0,)), ((4,), (0,)))": 4.635387354792554e-19,
    "(((1,), (0,)), ((4,), (1,)))": 1.0099962493899393e-18,
    "(((1,), (0,)), ((4,), (2,)))": 3.415040433500629e-15,
    "(((1,), (0,)), ((5,), (0,)))": -2.4042099694833546e-18,
    "(((1,), (0,)), ((5,), (1,)))": 6.449899473280126e-19,
    "(((1,), (0,)), ((5,), (2,)))": -7.437196868736888e-15,
    "(((1,), (0,)), ((6,), (0,)))": -4.990333190728173e-15,
    "(((1,), (0,)), ((6,), (1,)))": -1.5371505947905576e-19,
    "(((1,), (0,)), ((6,), (2,)))": 5.546620190772386e-19,
    "(((1,), (1,)), ((0,), (0,)))": 1.2369285043672495e-19,
    "(((1,), (1,)), ((0,), (1,)))": -3.190714799063191e-16,
    "(((1,), (1,)), ((0,), (2,)))": 5.920044239080012e-20,
    "(((1,), (1,)), ((1,), (0,)))": -8.811104088651474e-20,
    "(((1,), (1,)), ((1,), (1,)))": -0.0003336206475874796,
    "(((1,), (1,)), ((1,), (2,)))": -4.488579540673371e-19,
    "(((1,), (1,)), ((2,), (0,)))": 4.091194323412816e-19,
    "(((1,), (1,)), ((2,), (1,)))": 8.340379711290329e-15,
    "(((1,), (1,)), ((2,), (2,)))": -3.865434053961065e-19,
    "(((1,), (1,)), ((3,), (0,)))": -6.807026824632402e-11,
    "(((1,), (1,)), ((3,), (1,)))": 0.0009332954099822724,
    "(((1,), (1,)), ((3,), (2,)))": 2.9293169368180403e-19,
    "(((1,), (1,)), ((4,), (0,)))": -3.075468691316263e-20,
    "(((1,), (1,)), ((4,), (1,)))": -9.522111181777221e-19,
    "(((1,), (1,)), ((4,), (2,)))": 7.43701292688737e-15,
    "(((1,), (1,)), ((5,), (0,)))": 7.715087936377573e-19,
    "(((1,), (1,)), ((5,), (1,)))": -1.4235668049632237e-18,
    "(((1,), (1,)), ((5,), (2,)))": 3.414848656734303e-15,
    "(((1,), (1,)), ((6,), (0,)))": -1.4082734772492912e-19,
    "(((1,), (1,)), ((6,), (1,)))": -4.992249530567053e-15,
    "(((1,), (1,)), ((6,), (2,)))": -6.449264835511867e-19,
    "(((1,), (2,)), ((0,), (0,)))": 6.081857043532432e-20,
    "(((1,), (2,)), ((0,), (1,)))": 1.497408931506824e-20,
    "(((1,), (2,)), ((0,), (2,)))": -4.66859592978849e-16,
    "(((1,), (2,)), ((1,), (0,)))": -3.7269133541968247e-19,
    "(((1,), (2,)), ((1,), (1,)))": -4.48857954067337e-19,
    "(((1,), (2,)), ((1,), (2,)))": -0.000995793047056652,
    "(((1,), (2,)), ((2,), (0,)))": 2.850635102476795e-19,
    "(((1,), (2,)), ((2,), (1,)))": -9.123521119853388e-20,
    "(((1,), (2,)), ((2,), (2,)))": 5.24072652438264e-15,
    "(((1,), (2,)), ((3,), (0,)))": 2.513398719231856e-19,
    "(((1,), (2,)), ((3,), (1,)))": 5.081647472820258e-19,
    "(((1,), (2,)), ((3,), (2,)))": 0.000715862057617173,
    "(((1,), (2,)), ((4,), (0,)))": -1.3450576980014953e-15,
    "(((1,), (2,)), ((4,), (1,)))": -2.928326381115255e-15,
    "(((1,), (2,)), ((4,), (2,)))": -6.981843491787624e-20,
    "(((1,), (2,)), ((5,), (0,)))": 2.929544814675782e-15,
    "(((1,), (2,)), ((5,), (1,)))": -1.3446408668807039e-15,
    "(((1,), (2,)), ((5,), (2,)))": -9.494967193148967e-19,
    "(((1,), (2,)), ((6,), (0,)))": -1.2446821846512665e-20,
    "(((1,), (2,)), ((6,), (1,)))": -1.3552571445109333e-21,
    "(((1,), (2,)), ((6,), (2,)))": -4.654899278111687e-15,
    "(((2,), (0,)), ((0,), (0,)))": -0.0006542375572591801,
    "(((2,), (0,)), ((0,), (1,)))": 4.653849167663106e-10,
    "(((2,), (0,)), ((0,), (2,)))": -1.674651505153088e-20,
    "(((2,), (0,)), ((1,), (0,)))": 8.335281687096449e-15,
    "(((2,), (0,)), ((1,), (1,)))": 4.069761706100218e-19,
    "(((2,), (0,)), ((1,), (2,)))": 2.8506351024767923e-19,
    "(((2,), (0,)), ((2,), (0,)))": -0.01084188666295777,
    "(((2,), (0,)), ((2,), (1,)))": 6.900585172684088e-20,
    "(((2,), (0,)), ((2,), (2,)))": -4.816778829957744e-17,
    "(((2,), (0,)), ((3,), (0,)))": 4.3077382741031815e-16,
    "(((2,), (0,)), ((3,), (1,)))": -1.5747204163860215e-17,
    "(((2,), (0,)), ((3,), (2,)))": 1.4699963208289294e-17,
    "(((2,), (0,)), ((4,), (0,)))": 7.610935631293025e-16,
    "(((2,), (0,)), ((4,), (1,)))": -9.354272538030453e-17,
    "(((2,), (0,)), ((4,), (2,)))": -0.0072078621029844445,
    "(((2,), (0,)), ((5,), (0,)))": -3.225750330228752e-16,
    "(((2,), (0,)), ((5,), (1,)))": -1.0010019585128908e-17,
    "(((2,), (0,)), ((5,), (2,)))": 0.01569754468941848,
    "(((2,), (0,)), ((6,), (0,)))": 0.008448687207304757,
    "(((2,), (0,)), ((6,), (1,)))": 1.1036361213187126e-08,
    "(((2,), (0,)), ((6,), (2,)))": 1.4628613129213596e-15,
    "(((2,), (1,)), ((0,), (0,)))": -4.6538491698770733e-10,
    "(((2,), (1,)), ((0,), (1,)))": -0.0006542375572591801,
    "(((2,), (1,)), ((0,), (2,)))": -2.615482570877793e-19,
    "(((2,), (1,)), ((1,), (0,)))": 4.3210802257246584e-19,
    "(((2,), (1,)), ((1,), (1,)))": 8.34036871514339e-15,
    "(((2,), (1,)), ((1,), (2,)))": -9.123521119853292e-20,
    "(((2,), (1,)), ((2,), (0,)))": -1.0168033542678051e-20,
    "(((2,), (1,)), ((2,), (1,)))": -0.010841886662957755,
    "(((2,), (1,)), ((2,), (2,)))": -4.1370108822387214e-17,
    "(((2,), (1,)), ((3,), (0,)))": -1.6100630079271304e-17,
    "(((2,), (1,)), ((3,), (1,)))": 2.416734256719412e-16,
    "(((2,), (1,)), ((3,), (2,)))": -1.5432146484125286e-17,
    "(((2,), (1,)), ((4,), (0,)))": -6.176234838780754e-17,
    "(((2,), (1,)), ((4,), (1,)))": 7.226307191980609e-16,
    "(((2,), (1,)), ((4,), (2,)))": -0.01569754468941848,
    "(((2,), (1,)), ((5,), (0,)))": 4.844039920198345e-17,
    "(((2,), (1,)), ((5,), (1,)))": -4.774213111218901e-16,
    "(((2,), (1,)), ((5,), (2,)))": -0.00720786210298442,
    "(((2,), (1,)), ((6,), (0,)))": -1.1036361211983473e-08,
    "(((2,), (1,)), ((6,), (1,)))": 0.008448687207304755,
    "(((2,), (1,)), ((6,), (2,)))": 1.1120974833703476e-15,
    "(((2,), (2,)), ((0,), (0,)))": -7.957701059268465e-19,
    "(((2,), (2,)), ((0,), (1,)))": -1.0034325205517235e-18,
    "(((2,), (2,)), ((0,), (2,)))": -0.0004113192153500671,
    "(((2,), (2,)), ((1,), (0,)))": 6.843723175092e-19,
    "(((2,), (2,)), ((1,), (1,)))": -3.8654340539610686e-19,
    "(((2,), (2,)), ((1,), (2,)))": 5.240883633965566e-15,
    "(((2,), (2,)), ((2,), (0,)))": -4.816778829957714e-17,
    "(((2,), (2,)), ((2,), (1,)))": -4.1370108822386974e-17,
    "(((2,), (2,)), ((2,), (2,)))": -0.022448960210443056,
    "(((2,), (2,)), ((3,), (0,)))": 2.4960604195788067e-17,
    "(((2,), (2,)), ((3,), (1,)))": -2.387807445826465e-17,
    "(((2,), (2,)), ((3,), (2,)))": -4.420837821676544e-16,
    "(((2,), (2,)), ((4,), (0,)))": -0.011726922579005854,
    "(((2,), (2,)), ((4,), (1,)))": -0.02553946106457023,
    "(((2,), (2,)), ((4,), (2,)))": -1.3465823692391153e-15,
    "(((2,), (2,)), ((5,), (0,)))": 0.025539461064570237,
    "(((2,), (2,)), ((5,), (1,)))": -0.011726922579005827,
    "(((2,), (2,)), ((5,), (2,)))": 7.084553558701555e-16,
    "(((2,), (2,)), ((6,), (0,)))": 2.4381415631377182e-15,
    "(((2,), (2,)), ((6,), (1,)))": 1.8526834538417204e-15,
    "(((2,), (2,)), ((6,), (2,)))": -0.014117864356338189,
    "(((3,), (0,)), ((0,), (0,)))": 1.1903472410403182e-14,
    "(((3,), (0,)), ((0,), (1,)))": -3.7597632848201424e-19,
    "(((3,), (0,)), ((0,), (2,)))": -3.4687503653705476e-19,
    "(((3,), (0,)), ((1,), (0,)))": 0.0009332954099822726,
    "(((3,), (0,)), ((1,), (1,)))": -6.807026824869382e-11,
    "(((3,), (0,)), ((1,), (2,)))": 2.51339871923185e-19,
    "(((3,), (0,)), ((2,), (0,)))": 4.3030056285675575e-16,
    "(((3,), (0,)), ((2,), (1,)))": -1.5963617428098632e-17,
    "(((3,), (0,)), ((2,), (2,)))": 2.496060419578808e-17,
    "(((3,), (0,)), ((3,), (0,)))": -0.0487521924110368,
    "(((3,), (0,)), ((3,), (1,)))": -1.4573212246496642e-17,
    "(((3,), (0,)), ((3,), (2,)))": 1.2086612663085649e-17,
    "(((3,), (0,)), ((4,), (0,)))": 4.0019234185270814e-17,
    "(((3,), (0,)), ((4,), (1,)))": 4.9777492474328235e-17,
    "(((3,), (0,)), ((4,), (2,)))": -2.24474960344943e-17,
    "(((3,), (0,)), ((5,), (0,)))": -5.180662053675278e-17,
    "(((3,), (0,)), ((5,), (1,)))": 5.859305599641487e-17,
    "(((3,), (0,)), ((5,), (2,)))": 4.552166986648124e-17,
    "(((3,), (0,)), ((6,), (0,)))": 5.700152971262302e-16,
    "(((3,), (0,)), ((6,), (1,)))": 2.0373718429525942e-17,
    "(((3,), (0,)), ((6,), (2,)))": 2.823899475253814e-17,
    "(((3,), (1,)), ((0,), (0,)))": -3.6367375526772784e-19,
    "(((3,), (1,)), ((0,), (1,)))": 1.1898926778530782e-14,
    "(((3,), (1,)), ((0,), (2,)))": 1.8728311500752868e-19,
    "(((3,), (1,)), ((1,), (0,)))": 6.807026872697973e-11,
    "(((3,), (1,)), ((1,), (1,)))": 0.0009332954099822727,
    "(((3,), (1,)), ((1,), (2,)))": 5.0816474728202635e-19,
    "(((3,), (1,)), ((2,), (0,)))": -1.587605735330496e-17,
    "(((3,), (1,)), ((2,), (1,)))": 2.4125802692484852e-16,
    "(((3,), (1,)), ((2,), (2,)))": -2.3878074458264658e-17,
    "(((3,), (1,)), ((3,), (0,)))": -1.4699734228536345e-17,
    "(((3,), (1,)), ((3,), (1,)))": -0.04875219241103666,
    "(((3,), (1,)), ((3,), (2,)))": -6.611950441433685e-18,
    "(((3,), (1,)), ((4,), (0,)))": 6.841623835956005e-18,
    "(((3,), (1,)), ((4,), (1,)))": -6.522315382679862e-17,
    "(((3,), (1,)), ((4,), (2,)))": -4.614718160151157e-17,
    "(((3,), (1,)), ((5,), (0,)))": 4.6472428634942037e-17,
    "(((3,), (1,)), ((5,), (1,)))": 4.407185376358924e-18,
    "(((3,), (1,)), ((5,), (2,)))": -1.9349236233211806e-17,
    "(((3,), (1,)), ((6,), (0,)))": 2.0038493573393794e-17,
    "(((3,), (1,)), ((6,), (1,)))": 8.051493170361659e-16,
    "(((3,), (1,)), ((6,), (2,)))": -9.671059805736407e-18,
    "(((3,), (2,)), ((0,), (0,)))": 1.401280502138999e-19,
    "(((3,), (2,)), ((0,), (1,)))": -5.95944238627363e-19,
    "(((3,), (2,)), ((0,), (2,)))": 9.133173134695558e-15,
    "(((3,), (2,)), ((1,), (0,)))": -1.1605676061587874e-18,
    "(((3,), (2,)), ((1,), (1,)))": 2.9293169368180326e-19,
    "(((3,), (2,)), ((1,), (2,)))": 0.0007158620576171724,
    "(((3,), (2,)), ((2,), (0,)))": 1.4699963208289288e-17,
    "(((3,), (2,)), ((2,), (1,)))": -1.5432146484125286e-17,
    "(((3,), (2,)), ((2,), (2,)))": -4.399988867059148e-16,
    "(((3,), (2,)), ((3,), (0,)))": 1.2086612663085686e-17,
    "(((3,), (2,)), ((3,), (1,)))": -6.61195044143368e-18,
    "(((3,), (2,)), ((3,), (2,)))": -0.012395395546187633,
    "(((3,), (2,)), ((4,), (0,)))": -4.1012604098295914e-16,
    "(((3,), (2,)), ((4,), (1,)))": -9.116122107404046e-16,
    "(((3,), (2,)), ((4,), (2,)))": -7.312924933401225e-18,
    "(((3,), (2,)), ((5,), (0,)))": 8.862301325313118e-16,
    "(((3,), (2,)), ((5,), (1,)))": -4.1422697878536077e-16,
    "(((3,), (2,)), ((5,), (2,)))": -3.1245407483750266e-18,
    "(((3,), (2,)), ((6,), (0,)))": -3.9788830148290384e-20,
    "(((3,), (2,)), ((6,), (1,)))": 4.65392417352557e-18,
    "(((3,), (2,)), ((6,), (2,)))": -3.9585325455187816e-16,
    "(((4,), (0,)), ((0,), (0,)))": 3.7406676768752726e-17,
    "(((4,), (0,)), ((0,), (1,)))": -1.1666252272752414e-18,
    "(((4,), (0,)), ((0,), (2,)))": 0.00010560208405950631,
    "(((4,), (0,)), ((1,), (0,)))": 4.635387354792503e-19,
    "(((4,), (0,)), ((1,), (1,)))": -3.075468691316321e-20,
    "(((4,), (0,)), ((1,), (2,)))": -1.3450271735412433e-15,
    "(((4,), (0,)), ((2,), (0,)))": 7.610935631293026e-16,
    "(((4,), (0,)), ((2,), (1,)))": -6.176234838780754e-17,
    "(((4,), (0,)), ((2,), (2,)))": -0.011726922579005854,
    "(((4,), (0,)), ((3,), (0,)))": 4.0019234185270814e-17,
    "(((4,), (0,)), ((3,), (1,)))": 6.841623835955943e-18,
    "(((4,), (0,)), ((3,), (2,)))": -4.079332194190219e-16,
    "(((4,), (0,)), ((4,), (0,)))": -0.032797398218042055,
    "(((4,), (0,)), ((4,), (1,)))": -0.04145119066145002,
    "(((4,), (0,)), ((4,), (2,)))": -1.0649175398129027e-15,
    "(((4,), (0,)), ((5,), (0,)))": 0.04145120234650092,
    "(((4,), (0,)), ((5,), (1,)))": 0.014085286769196917,
    "(((4,), (0,)), ((5,), (2,)))": 4.87290040566717e-16,
    "(((4,), (0,)), ((6,), (0,)))": 3.2865462318160237e-15,
    "(((4,), (0,)), ((6,), (1,)))": 4.723234580981989e-15,
    "(((4,), (0,)), ((6,), (2,)))": -0.011667880023936959,
    "(((4,), (1,)), ((0,), (0,)))": -7.080916199569148e-19,
    "(((4,), (1,)), ((0,), (1,)))": 3.658492581384318e-17,
    "(((4,), (1,)), ((0,), (2,)))": 0.0002299898069339783,
    "(((4,), (1,)), ((1,), (0,)))": 1.0099962493899404e-18,
    "(((4,), (1,)), ((1,), (1,)))": -9.52211118177722e-19,
    "(((4,), (1,)), ((1,), (2,)))": -2.9277986277259824e-15,
    "(((4,), (1,)), ((2,), (0,)))": -9.354272538030451e-17,
    "(((4,), (1,)), ((2,), (1,)))": 7.226307191980609e-16,
    "(((4,), (1,)), ((2,), (2,)))": -0.025539461064570237,
    "(((4,), (1,)), ((3,), (0,)))": 4.977749247432826e-17,
    "(((4,), (1,)), ((3,), (1,)))": -6.522315382679854e-17,
    "(((4,), (1,)), ((3,), (2,)))": -9.124091253719857e-16,
    "(((4,), (1,)), ((4,), (0,)))": -0.04145119066145002,
    "(((4,), (1,)), ((4,), (1,)))": -0.1040392793910659,
    "(((4,), (1,)), ((4,), (2,)))": -2.3208993195457546e-15,
    "(((4,), (1,)), ((5,), (0,)))": 0.05715629651567766,
    "(((4,), (1,)), ((5,), (1,)))": -0.04145120234650083,
    "(((4,), (1,)), ((5,), (2,)))": 1.3220179945236859e-15,
    "(((4,), (1,)), ((6,), (0,)))": 6.949529837630155e-15,
    "(((4,), (1,)), ((6,), (1,)))": 5.882716141234525e-15,
    "(((4,), (1,)), ((6,), (2,)))": -0.02541103938630426,
    "(((4,), (2,)), ((0,), (0,)))": -0.00026782007676660576,
    "(((4,), (2,)), ((0,), (1,)))": -0.0005832689929581706,
    "(((4,), (2,)), ((0,), (2,)))": 3.5337971306882295e-17,
    "(((4,), (2,)), ((1,), (0,)))": 3.4150314271340442e-15,
    "(((4,), (2,)), ((1,), (1,)))": 7.436711779771205e-15,
    "(((4,), (2,)), ((1,), (2,)))": -6.981843491786606e-20,
    "(((4,), (2,)), ((2,), (0,)))": -0.007207862102984444,
    "(((4,), (2,)), ((2,), (1,)))": -0.015697544689418478,
    "(((4,), (2,)), ((2,), (2,)))": -1.3465823692391236e-15,
    "(((4,), (2,)), ((3,), (0,)))": -2.31308741786387e-17,
    "(((4,), (2,)), ((3,), (1,)))": -4.427441875458044e-17,
    "(((4,), (2,)), ((3,), (2,)))": -7.312924933401185e-18,
    "(((4,), (2,)), ((4,), (0,)))": -1.0649175398129031e-15,
    "(((4,), (2,)), ((4,), (1,)))": -2.320899319545756e-15,
    "(((4,), (2,)), ((4,), (2,)))": -0.011539506743733125,
    "(((4,), (2,)), ((5,), (0,)))": 2.3884395408378585e-15,
    "(((4,), (2,)), ((5,), (1,)))": -1.1683374831203638e-15,
    "(((4,), (2,)), ((5,), (2,)))": 1.3245710711396707e-18,
    "(((4,), (2,)), ((6,), (0,)))": 0.0003701283213303347,
    "(((4,), (2,)), ((6,), (1,)))": 0.0008061158521976419,
    "(((4,), (2,)), ((6,), (2,)))": -1.3018485898687133e-15,
    "(((5,), (0,)), ((0,), (0,)))": -1.911221431857902e-17,
    "(((5,), (0,)), ((0,), (1,)))": 3.6695022623717037e-19,
    "(((5,), (0,)), ((0,), (2,)))": -0.00022998980693397916,
    "(((5,), (0,)), ((1,), (0,)))": -2.4042099694833535e-18,
    "(((5,), (0,)), ((1,), (1,)))": 7.715087936377575e-19,
    "(((5,), (0,)), ((1,), (2,)))": 2.929464840416558e-15,
    "(((5,), (0,)), ((2,), (0,)))": -3.225750330228752e-16,
    "(((5,), (0,)), ((2,), (1,)))": 4.8440399201983446e-17,
    "(((5,), (0,)), ((2,), (2,)))": 0.025539461064570237,
    "(((5,), (0,)), ((3,), (0,)))": -5.180662053675277e-17,
    "(((5,), (0,)), ((3,), (1,)))": 4.647242863494205e-17,
    "(((5,), (0,)), ((3,), (2,)))": 8.844678579303113e-16,
    "(((5,), (0,)), ((4,), (0,)))": 0.04145120234650092,
    "(((5,), (0,)), ((4,), (1,)))": 0.05715629651567766,
    "(((5,), (0,)), ((4,), (2,)))": 2.3884395408378574e-15,
    "(((5,), (0,)), ((5,), (0,)))": -0.10403927939106594,
    "(((5,), (0,)), ((5,), (1,)))": 0.0414511906614499,
    "(((5,), (0,)), ((5,), (2,)))": -1.2186028066288652e-15,
    "(((5,), (0,)), ((6,), (0,)))": -8.285416777627144e-15,
    "(((5,), (0,)), ((6,), (1,)))": -3.3805042325347628e-15,
    "(((5,), (0,)), ((6,), (2,)))": 0.02541103938630426,
    "(((5,), (1,)), ((0,), (0,)))": 4.539258476702416e-19,
    "(((5,), (1,)), ((0,), (1,)))": -2.098177944653402e-17,
    "(((5,), (1,)), ((0,), (2,)))": 0.00010560208405950555,
    "(((5,), (1,)), ((1,), (0,)))": 6.449899473280113e-19,
    "(((5,), (1,)), ((1,), (1,)))": -1.4235668049632239e-18,
    "(((5,), (1,)), ((1,), (2,)))": -1.344387999694303e-15,
    "(((5,), (1,)), ((2,), (0,)))": -1.0010019585128914e-17,
    "(((5,), (1,)), ((2,), (1,)))": -4.774213111218901e-16,
    "(((5,), (1,)), ((2,), (2,)))": -0.011726922579005827,
    "(((5,), (1,)), ((3,), (0,)))": 5.859305599641484e-17,
    "(((5,), (1,)), ((3,), (1,)))": 4.40718537635889e-18,
    "(((5,), (1,)), ((3,), (2,)))": -4.13334541935302e-16,
    "(((5,), (1,)), ((4,), (0,)))": 0.014085286769196917,
    "(((5,), (1,)), ((4,), (1,)))": -0.04145120234650083,
    "(((5,), (1,)), ((4,), (2,)))": -1.1683374831203638e-15,
    "(((5,), (1,)), ((5,), (0,)))": 0.0414511906614499,
    "(((5,), (1,)), ((5,), (1,)))": -0.03279739821804194,
    "(((5,), (1,)), ((5,), (2,)))": 5.548094351283565e-16,
    "(((5,), (1,)), ((6,), (0,)))": 7.85333699803747e-16,
    "(((5,), (1,)), ((6,), (1,)))": 3.3849866616484826e-15,
    "(((5,), (1,)), ((6,), (2,)))": -0.011667880023936934,
    "(((5,), (2,)), ((0,), (0,)))": 0.000583268992958171,
    "(((5,), (2,)), ((0,), (1,)))": -0.00026782007676660516,
    "(((5,), (2,)), ((0,), (2,)))": -1.9014860058749242e-17,
    "(((5,), (2,)), ((1,), (0,)))": -7.437171444959994e-15,
    "(((5,), (2,)), ((1,), (1,)))": 3.4146988933154028e-15,
    "(((5,), (2,)), ((1,), (2,)))": -9.494967193148984e-19,
    "(((5,), (2,)), ((2,), (0,)))": 0.01569754468941848,
    "(((5,), (2,)), ((2,), (1,)))": -0.007207862102984422,
    "(((5,), (2,)), ((2,), (2,)))": 7.084553558701597e-16,
    "(((5,), (2,)), ((3,), (0,)))": 4.5484631522962494e-17,
    "(((5,), (2,)), ((3,), (1,)))": -1.9013625715616674e-17,
    "(((5,), (2,)), ((3,), (2,)))": -3.1245407483750516e-18,
    "(((5,), (2,)), ((4,), (0,)))": 4.872900405667173e-16,
    "(((5,), (2,)), ((4,), (1,)))": 1.3220179945236859e-15,
    "(((5,), (2,)), ((4,), (2,)))": 1.4994582021462765e-18,
    "(((5,), (2,)), ((5,), (0,)))": -1.2186028066288656e-15,
    "(((5,), (2,)), ((5,), (1,)))": 5.548094351283568e-16,
    "(((5,), (2,)), ((5,), (2,)))": -0.011539506743733118,
    "(((5,), (2,)), ((6,), (0,)))": -0.0008061158521976697,
    "(((5,), (2,)), ((6,), (1,)))": 0.00037012832133032775,
    "(((5,), (2,)), ((6,), (2,)))": 6.896237808003069e-16,
    "(((6,), (0,)), ((0,), (0,)))": 0.00038956783685009297,
    "(((6,), (0,)), ((0,), (1,)))": 1.8508913584019077e-10,
    "(((6,), (0,)), ((0,), (2,)))": -2.2021018410993756e-17,
    "(((6,), (0,)), ((1,), (0,)))": -4.990372187926972e-15,
    "(((6,), (0,)), ((1,), (1,)))": -1.3841445910138698e-19,
    "(((6,), (0,)), ((1,), (2,)))": -1.2446821846537028e-20,
    "(((6,), (0,)), ((2,), (0,)))": 0.008448687207304757,
    "(((6,), (0,)), ((2,), (1,)))": -1.1036361212117549e-08,
    "(((6,), (0,)), ((2,), (2,)))": 2.4381415631377186e-15,
    "(((6,), (0,)), ((3,), (0,)))": 5.700830628485922e-16,
    "(((6,), (0,)), ((3,), (1,)))": 1.9754995617321534e-17,
    "(((6,), (0,)), ((3,), (2,)))": -3.978883014791444e-20,
    "(((6,), (0,)), ((4,), (0,)))": 3.2865462318160237e-15,
    "(((6,), (0,)), ((4,), (1,)))": 6.949529837630155e-15,
    "(((6,), (0,)), ((4,), (2,)))": 0.00037012832133033295,
    "(((6,), (0,)), ((5,), (0,)))": -8.285416777627146e-15,
    "(((6,), (0,)), ((5,), (1,)))": 7.85333699803747e-16,
    "(((6,), (0,)), ((5,), (2,)))": -0.0008061158521976697,
    "(((6,), (0,)), ((6,), (0,)))": -0.020734007074848366,
    "(((6,), (0,)), ((6,), (1,)))": -5.042144713859159e-18,
    "(((6,), (0,)), ((6,), (2,)))": 2.3573648939023446e-15,
    "(((6,), (1,)), ((0,), (0,)))": -1.8508913569841437e-10,
    "(((6,), (1,)), ((0,), (1,)))": 0.00038956783685009297,
    "(((6,), (1,)), ((0,), (2,)))": -1.6657300854173684e-17,
    "(((6,), (1,)), ((1,), (0,)))": -1.534052630990491e-19,
    "(((6,), (1,)), ((1,), (1,)))": -4.9922250139512745e-15,
    "(((6,), (1,)), ((1,), (2,)))": -1.3552571445430964e-21,
    "(((6,), (1,)), ((2,), (0,)))": 1.1036361213287305e-08,
    "(((6,), (1,)), ((2,), (1,)))": 0.008448687207304757,
    "(((6,), (1,)), ((2,), (2,)))": 1.8526834538417204e-15,
    "(((6,), (1,)), ((3,), (0,)))": 2.0671280236666748e-17,
    "(((6,), (1,)), ((3,), (1,)))": 8.057112609091255e-16,
    "(((6,), (1,)), ((3,), (2,)))": 4.6539241735258444e-18,
    "(((6,), (1,)), ((4,), (0,)))": 4.72323458098199e-15,
    "(((6,), (1,)), ((4,), (1,)))": 5.882716141234525e-15,
    "(((6,), (1,)), ((4,), (2,)))": 0.0008061158521976454,
    "(((6,), (1,)), ((5,), (0,)))": -3.3805042325347628e-15,
    "(((6,), (1,)), ((5,), (1,)))": 3.3849866616484826e-15,
    "(((6,), (1,)), ((5,), (2,)))": 0.0003701283213303295,
    "(((6,), (1,)), ((6,), (0,)))": -5.060025631448828e-18,
    "(((6,), (1,)), ((6,), (1,)))": -0.020734007074848335,
    "(((6,), (1,)), ((6,), (2,)))": 1.7870066017913024e-15,
    "(((6,), (2,)), ((0,), (0,)))": 5.558672800305838e-17,
    "(((6,), (2,)), ((0,), (1,)))": 4.2100891872648506e-17,
    "(((6,), (2,)), ((0,), (2,)))": 0.00036403504835874146,
    "(((6,), (2,)), ((1,), (0,)))": 5.546620190772504e-19,
    "(((6,), (2,)), ((1,), (1,)))": -6.449264835511678e-19,
    "(((6,), (2,)), ((1,), (2,)))": -4.654800709631969e-15,
    "(((6,), (2,)), ((2,), (0,)))": 1.4628613129213598e-15,
    "(((6,), (2,)), ((2,), (1,)))": 1.1120974833703472e-15,
    "(((6,), (2,)), ((2,), (2,)))": -0.014117864356338189,
    "(((6,), (2,)), ((3,), (0,)))": 2.8238994752537847e-17,
    "(((6,), (2,)), ((3,), (1,)))": -9.671059805736727e-18,
    "(((6,), (2,)), ((3,), (2,)))": -3.9494938061858937e-16,
    "(((6,), (2,)), ((4,), (0,)))": -0.011667880023936962,
    "(((6,), (2,)), ((4,), (1,)))": -0.02541103938630427,
    "(((6,), (2,)), ((4,), (2,)))": -1.3018485898687131e-15,
    "(((6,), (2,)), ((5,), (0,)))": 0.025411039386304266,
    "(((6,), (2,)), ((5,), (1,)))": -0.011667880023936936,
    "(((6,), (2,)), ((5,), (2,)))": 6.896237808003069e-16,
    "(((6,), (2,)), ((6,), (0,)))": 2.3573648939023466e-15,
    "(((6,), (2,)), ((6,), (1,)))": 1.7870066017913044e-15,
    "(((6,), (2,)), ((6,), (2,)))": -0.02516669991389809
  },
  "RSOPM": [
    [
      0.999941480116178,
      0.9998837898427815,
      0.9458217324923087,
      0.9171739600221064,
      0.5972997560824982,
      0.5972997560824984,
      0.9434546905065642,
      0.45140327402360625,
      0.4514032740236054,
      0.09590864762110056,
      0.9999013985160248,
      0.9998837898427815,
      0.9458387606985104,
      0.9171739600221064,
      0.5973076616118901,
      0.5973076616118904,
      0.9434619328417322,
      0.45140905203056764,
      0.45140905203056686,
      0.09589709160717781
    ],
    [
      0.9998837898427815,
      0.9999423097266029,
      0.9458225621027336,
      0.9171747896325313,
      0.5973005856929231,
      0.5973005856929233,
      0.9434555201169891,
      0.45140501065898564,
      0.45140501065898486,
      0.09590600396076655,
      0.9998837898427815,
      0.9999047863068649,
      0.9458225621027339,
      0.9172122353694352,
      0.5973005856929232,
      0.5973005856929234,
      0.9434555201169889,
      0.4514050106589857,
      0.451405010658985,
      0.09590608164360079
    ],
    [
      0.9458217324923087,
      0.9458225621027336,
      0.9458802523761303,
      0.8631127322820584,
      0.5432385283424506,
      0.543238528342451,
      0.8893934627665164,
      0.443320746907753,
      0.4433207469077522,
      0.05801247411275905,
      0.9458387606985101,
      0.9458225621027336,
      0.9040353983562303,
      0.8631127322820584,
      0.5613116743750214,
      0.5613116743750218,
      0.8950749965150726,
      0.4351587543603193,
      0.4351587543603186,
      0.07433645920762641
    ],
    [
      0.9171739600221064,
      0.9171747896325313,
      0.8631127322820584,
      0.9172324799059278,
      0.5145907558722483,
      0.5145907558722488,
      0.860745690296314,
      0.41193088058419736,
      0.4119308805841968,
      0.0921444342896677,
      0.9171739600221064,
      0.9172122353694352,
      0.8631127322820585,
      0.9159688274039915,
      0.5145907558722483,
      0.5145907558722489,
      0.8607456902963136,
      0.4119308805841974,
      0.41193088058419686,
      0.09337064105470008
    ],
    [
      0.5972997560824982,
      0.5973005856929231,
      0.5432385283424506,
      0.5145907558722483,
      0.5973582759663196,
      0.19471655193264034,
      0.5408714863567058,
      0.36863954339326266,
      0.13874853597192574,
      0.08874391215326514,
      0.5973076616118901,
      0.5973005856929231,
      0.5613116743750215,
      0.5145907558722483,
      0.4516485386712304,
      0.30934621741109586,
      0.5538705066113769,
      0.3213546343271665,
      0.20716254325408168,
      0.06761481393720535
    ],
    [
      0.5972997560824984,
      0.5973005856929233,
      0.543238528342451,
      0.5145907558722488,
      0.19471655193264034,
      0.59735827596632,
      0.5408714863567061,
      0.13874853597192643,
      0.36863954339326227,
      0.08874391215326514,
      0.5973076616118903,
      0.5973005856929234,
      0.5613116743750219,
      0.5145907558722488,
      0.30934621741109586,
      0.4516485386712308,
      0.5538705066113773,
      0.20716254325408237,
      0.32135463432716616,
      0.06761481393720538
    ],
    [
      0.9434546905065642,
      0.9434555201169891,
      0.8893934627665164,
      0.860745690296314,
      0.5408714863567058,
      0.5408714863567061,
      0.9435132103903857,
      0.4430799670816223,
      0.44307996708162156,
      0.05612699177927548,
      0.9434619328417323,
      0.9434555201169892,
      0.895074996515073,
      0.860745690296314,
      0.5538705066113774,
      0.5538705066113777,
      0.9118263937973179,
      0.4301070834060349,
      0.43010708340603415,
      0.08207275913045038
    ],
    [
      0.45140327402360625,
      0.45140501065898564,
      0.443320746907753,
      0.41193088058419736,
      0.36863954339326266,
      0.13874853597192643,
      0.4430799670816223,
      0.45142132643689226,
      0.0,
      0.0,
      0.4514090520305675,
      0.45140501065898564,
      0.4351587543603193,
      0.41193088058419736,
      0.3213546343271665,
      0.20716254325408232,
      0.4301070834060349,
      0.3057116213207785,
      0.11462963329947931,
      0.031080071816634507
    ],
    [
      0.4514032740236054,
      0.45140501065898486,
      0.4433207469077522,
      0.4119308805841968,
      0.13874853597192574,
      0.36863954339326227,
      0.44307996708162156,
      0.0,
      0.4514213264368915,
      0.0,
      0.45140905203056675,
      0.45140501065898486,
      0.4351587543603185,
      0.4119308805841968,
      0.20716254325408168,
      0.32135463432716616,
      0.4301070834060341,
      0.11462963329947931,
      0.3057116213207777,
      0.03108007181663448
    ],
    [
      0.09590864762110056,
      0.09590600396076655,
      0.05801247411275905,
      0.0921444342896677,
      0.08874391215326514,
      0.08874391215326514,
      0.05612699177927548,
      0.0,
      0.0,
      0.09593106267834994,
      0.09589709160717784,
      0.09590608164360082,
      0.07433645920762641,
      0.09337064105470011,
      0.06761481393720535,
      0.06761481393720538,
      0.08207275913045038,
      0.03108007181663451,
      0.03108007181663448,
      0.032544634597214274
    ],
    [
      0.9999013985160248,
      0.9998837898427815,
      0.9458387606985101,
      0.9171739600221064,
      0.5973076616118901,
      0.5973076616118903,
      0.9434619328417323,
      0.4514090520305675,
      0.45140905203056675,
      0.09589709160717784,
      0.999941480116178,
      0.9998837898427815,
      0.9458217324923089,
      0.9171739600221064,
      0.5972997560824983,
      0.5972997560824985,
      0.9434546905065639,
      0.4514032740236062,
      0.45140327402360547,
      0.09590864762110053
    ],
    [
      0.9998837898427815,
      0.9999047863068649,
      0.9458225621027336,
      0.9172122353694352,
      0.5973005856929231,
      0.5973005856929234,
      0.9434555201169892,
      0.45140501065898564,
      0.45140501065898486,
      0.09590608164360082,
      0.9998837898427815,
      0.999942309726603,
      0.9458225621027339,
      0.9171747896325313,
      0.5973005856929232,
      0.5973005856929234,
      0.9434555201169889,
      0.4514050106589857,
      0.451405010658985,
      0.09590600396076653
    ],
    [
      0.9458387606985104,
      0.9458225621027339,
      0.9040353983562303,
      0.8631127322820585,
      0.5613116743750215,
      0.5613116743750219,
      0.895074996515073,
      0.4351587543603193,
      0.4351587543603185,
      0.07433645920762641,
      0.9458217324923089,
      0.9458225621027339,
      0.9458802523761305,
      0.8631127322820585,
      0.5432385283424505,
      0.5432385283424509,
      0.8893934627665163,
      0.44332074690775297,
      0.44332074690775225,
      0.05801247411275905
    ],
    [
      0.9171739600221064,
      0.9172122353694352,
      0.8631127322820584,
      0.9159688274039915,
      0.5145907558722483,
      0.5145907558722488,
      0.860745690296314,
      0.41193088058419736,
      0.4119308805841968,
      0.09337064105470011,
      0.9171739600221064,
      0.9171747896325313,
      0.8631127322820585,
      0.9172324799059278,
      0.5145907558722483,
      0.5145907558722489,
      0.8607456902963136,
      0.4119308805841974,
      0.41193088058419686,
      0.09214443428966768
    ],
    [
      0.5973076616118901,
      0.5973005856929232,
      0.5613116743750214,
      0.5145907558722483,
      0.4516485386712304,
      0.30934621741109586,
      0.5538705066113774,
      0.3213546343271665,
      0.20716254325408168,
      0.06761481393720535,
      0.5972997560824983,
      0.5973005856929232,
      0.5432385283424505,
      0.5145907558722483,
      0.5973582759663197,
      0.19471655193264029,
      0.5408714863567056,
      0.36863954339326266,
      0.13874853597192574,
      0.08874391215326512
    ],
    [
      0.5973076616118904,
      0.5973005856929234,
      0.5613116743750218,
      0.5145907558722489,
      0.30934621741109586,
      0.4516485386712308,
      0.5538705066113777,
      0.20716254325408232,
      0.32135463432716616,
      0.06761481393720538,
      0.5972997560824985,
      0.5973005856929234,
      0.5432385283424509,
      0.5145907558722489,
      0.19471655193264029,
      0.5973582759663201,
      0.5408714863567059,
      0.13874853597192643,
      0.3686395433932623,
      0.08874391215326513
    ],
    [
      0.9434619328417322,
      0.9434555201169889,
      0.8950749965150726,
      0.8607456902963136,
      0.5538705066113769,
      0.5538705066113773,
      0.9118263937973179,
      0.4301070834060349,
      0.4301070834060341,
      0.08207275913045038,
      0.9434546905065639,
      0.9434555201169889,
      0.8893934627665163,
      0.8607456902963136,
      0.5408714863567056,
      0.5408714863567059,
      0.9435132103903854,
      0.44307996708162234,
      0.4430799670816217,
      0.05612699177927549
    ],
    [
      0.45140905203056764,
      0.4514050106589857,
      0.4351587543603193,
      0.4119308805841974,
      0.3213546343271665,
      0.20716254325408237,
      0.4301070834060349,
      0.3057116213207785,
      0.11462963329947931,
      0.03108007181663451,
      0.4514032740236062,
      0.4514050106589857,
      0.44332074690775297,
      0.4119308805841974,
      0.36863954339326266,
      0.13874853597192643,
      0.44307996708162234,
      0.4514213264368923,
      0.0,
      0.0
    ],
    [
      0.45140905203056686,
      0.451405010658985,
      0.4351587543603186,
      0.41193088058419686,
      0.20716254325408168,
      0.32135463432716616,
      0.43010708340603415,
      0.11462963329947931,
      0.3057116213207777,
      0.03108007181663448,
      0.45140327402360547,
      0.451405010658985,
      0.44332074690775225,
      0.41193088058419686,
      0.13874853597192574,
      0.3686395433932623,
      0.4430799670816217,
      0.0,
      0.45142132643689153,
      0.0
    ],
    [
      0.09589709160717781,
      0.09590608164360079,
      0.07433645920762641,
      0.09337064105470008,
      0.06761481393720535,
      0.06761481393720538,
      0.08207275913045038,
      0.031080071816634507,
      0.03108007181663448,
      0.032544634597214274,
      0.09590864762110053,
      0.09590600396076653,
      0.05801247411275905,
      0.09214443428966768,
      0.08874391215326512,
      0.08874391215326513,
      0.05612699177927549,
      0.0,
      0.0,
      0.09593106267834992
    ]
  ],
  "RNCS": [
    14.53834488997253,
    14.63258159362546,
    0.4728641538045214,
    0.37837195030738474,
    0.1470776102877316,
    0.14707761028773175,
    0.46245531621991587,
    0.11285900241120735,
    0.1128590024112072,
    0.043274561128099936,
    14.538344889973258,
    14.632581593626083,
    0.4728641538045224,
    0.37837195030738474,
    0.1470776102877316,
    0.14707761028773175,
    0.46245531621991387,
    0.11285900241120735,
    0.1128590024112072,
    0.043274561128099916
  ]
}