{
  "E": -127.6501623357069,
  "sol": {
    "(((), ()), ((), ()))": 0.9316178469421856,
    "(((0,), (0,)), ((), ()))": 5.63209079046656e-18,
    "(((1,), (0,)), ((), ()))": 6.983923826634766e-17,
    "(((2,), (0,)), ((), ()))": 1.6645046007846355e-15,
    "(((3,), (0,)), ((), ()))": 4.112099787907147e-15,
    "(((4,), (0,)), ((), ()))": 5.34838686806864e-09,
    "(((5,), (0,)), ((), ()))": 7.301727021841542e-15,
    "(((6,), (0,)), ((), ()))": 0.15569800043713486,
    "(((7,), (0,)), ((), ()))": 1.27499685309014e-08,
    "(((0,), (1,)), ((), ()))": -3.1618792907371144e-05,
    "(((1,), (1,)), ((), ()))": -8.710842178964952e-05,
    "(((2,), (1,)), ((), ()))": -0.0073347372260512385,
    "(((3,), (1,)), ((), ()))": 0.005694385740895117,
    "(((4,), (1,)), ((), ()))": -1.2459314012856451e-14,
    "(((5,), (1,)), ((), ()))": 0.006154085141082893,
    "(((6,), (1,)), ((), ()))": -4.1718051183256807e-16,
    "(((7,), (1,)), ((), ()))": 4.235925141508944e-14,
    "(((), ()), ((0,), (0,)))": 1.009425945955375e-17,
    "(((), ()), ((1,), (0,)))": 4.059879265710069e-20,
    "(((), ()), ((2,), (0,)))": -1.2424454276177653e-16,
    "(((), ()), ((3,), (0,)))": -1.2184363936924527e-16,
    "(((), ()), ((4,), (0,)))": 0.14836440236722442,
    "(((), ()), ((5,), (0,)))": -2.43179211663259e-09,
    "(((), ()), ((6,), (0,)))": 6.371196147478477e-15,
    "(((), ()), ((0,), (1,)))": 5.25230458677731e-17,
    "(((), ()), ((1,), (1,)))": -1.162726170214735e-16,
    "(((), ()), ((2,), (1,)))": -2.7051878391259106e-15,
    "(((), ()), ((3,), (1,)))": 2.696794268059397e-14,
    "(((), ()), ((4,), (1,)))": 1.9221208978332e-09,
    "(((), ()), ((5,), (1,)))": 0.08735100769196652,
    "(((), ()), ((6,), (1,)))": 2.9686706763683295e-13,
    "(((), ()), ((0,), (2,)))": 0.00010090302852633415,
    "(((), ()), ((1,), (2,)))": 0.0001072706582786183,
    "(((), ()), ((2,), (2,)))": 0.006479033953468984,
    "(((), ()), ((3,), (2,)))": -0.011567464357690571,
    "(((), ()), ((4,), (2,)))": 1.6147248295580779e-16,
    "(((), ()), ((5,), (2,)))": -1.2422987838255861e-14,
    "(((), ()), ((6,), (2,)))": 0.004304119474916801,
    "(((0,), (0,)), ((0,), (0,)))": 0.00020668100620592475,
    "(((0,), (0,)), ((1,), (0,)))": -9.313341043648795e-06,
    "(((0,), (0,)), ((2,), (0,)))": 0.00040065919272752506,
    "(((0,), (0,)), ((3,), (0,)))": 0.00038440671473247693,
    "(((0,), (0,)), ((4,), (0,)))": 2.5205506707187566e-19,
    "(((0,), (0,)), ((5,), (0,)))": 2.4492485849092384e-15,
    "(((0,), (0,)), ((6,), (0,)))": 3.8655908887955635e-05,
    "(((0,), (0,)), ((0,), (1,)))": -3.2672685170962743e-12,
    "(((0,), (0,)), ((1,), (1,)))": -4.6995432725454024e-14,
    "(((0,), (0,)), ((2,), (1,)))": -8.310832420003448e-12,
    "(((0,), (0,)), ((3,), (1,)))": -4.972886538603568e-12,
    "(((0,), (0,)), ((4,), (1,)))": -7.682118724803551e-18,
    "(((0,), (0,)), ((5,), (1,)))": 9.856421580174709e-18,
    "(((0,), (0,)), ((6,), (1,)))": -1.0469404195355667e-12,
    "(((0,), (0,)), ((0,), (2,)))": 4.873720706941299e-19,
    "(((0,), (0,)), ((1,), (2,)))": -9.952045848070348e-21,
    "(((0,), (0,)), ((2,), (2,)))": 1.1342998242034724e-18,
    "(((0,), (0,)), ((3,), (2,)))": 1.8416860920493749e-19,
    "(((0,), (0,)), ((4,), (2,)))": 0.00036504017174504864,
    "(((0,), (0,)), ((5,), (2,)))": 3.3105688947122365e-12,
    "(((0,), (0,)), ((6,), (2,)))": -3.2943457860209585e-17,
    "(((1,), (0,)), ((0,), (0,)))": -8.665731708713699e-06,
    "(((1,), (0,)), ((1,), (0,)))": 0.00032942388464864727,
    "(((1,), (0,)), ((2,), (0,)))": 0.0003701174446925429,
    "(((1,), (0,)), ((3,), (0,)))": -0.0007275350618235563,
    "(((1,), (0,)), ((4,), (0,)))": -3.625526130758605e-18,
    "(((1,), (0,)), ((5,), (0,)))": -1.903852325584605e-16,
    "(((1,), (0,)), ((6,), (0,)))": 0.0005410377855924876,
    "(((1,), (0,)), ((0,), (1,)))": 7.179289513228978e-14,
    "(((1,), (0,)), ((1,), (1,)))": 2.9024587207219715e-12,
    "(((1,), (0,)), ((2,), (1,)))": 5.752495598006145e-12,
    "(((1,), (0,)), ((3,), (1,)))": -5.880541880034926e-12,
    "(((1,), (0,)), ((4,), (1,)))": -6.257897806670531e-17,
    "(((1,), (0,)), ((5,), (1,)))": -2.7668298571515098e-17,
    "(((1,), (0,)), ((6,), (1,)))": 4.520573427435438e-12,
    "(((1,), (0,)), ((0,), (2,)))": 1.0417865789510125e-20,
    "(((1,), (0,)), ((1,), (2,)))": -6.494799591877368e-20,
    "(((1,), (0,)), ((2,), (2,)))": -1.829152962449488e-18,
    "(((1,), (0,)), ((3,), (2,)))": 7.434720835270711e-18,
    "(((1,), (0,)), ((4,), (2,)))": 0.00041243980967331,
    "(((1,), (0,)), ((5,), (2,)))": -5.83756750791821e-12,
    "(((1,), (0,)), ((6,), (2,)))": 6.35083008080692e-17,
    "(((2,), (0,)), ((0,), (0,)))": 0.00037193526512806734,
    "(((2,), (0,)), ((1,), (0,)))": 0.00044083616680780873,
    "(((2,), (0,)), ((2,), (0,)))": 0.010515825340849069,
    "(((2,), (0,)), ((3,), (0,)))": -0.0012592785702667166,
    "(((2,), (0,)), ((4,), (0,)))": 1.0698499207557435e-16,
    "(((2,), (0,)), ((5,), (0,)))": 1.3751048370346602e-13,
    "(((2,), (0,)), ((6,), (0,)))": 0.008055185267656221,
    "(((2,), (0,)), ((0,), (1,)))": -5.8943914128960175e-12,
    "(((2,), (0,)), ((1,), (1,)))": 3.989637541201806e-12,
    "(((2,), (0,)), ((2,), (1,)))": -1.349576254080277e-10,
    "(((2,), (0,)), ((3,), (1,)))": -3.189950676942903e-10,
    "(((2,), (0,)), ((4,), (1,)))": -2.847026180676249e-15,
    "(((2,), (0,)), ((5,), (1,)))": -1.7046421828666488e-16,
    "(((2,), (0,)), ((6,), (1,)))": 7.674269274809963e-11,
    "(((2,), (0,)), ((0,), (2,)))": 7.60103462490022e-19,
    "(((2,), (0,)), ((1,), (2,)))": -1.4375128975905673e-18,
    "(((2,), (0,)), ((2,), (2,)))": 3.976401742641866e-17,
    "(((2,), (0,)), ((3,), (2,)))": 1.8577436739928693e-16,
    "(((2,), (0,)), ((4,), (2,)))": 0.019445519795017147,
    "(((2,), (0,)), ((5,), (2,)))": -1.504496815255951e-11,
    "(((2,), (0,)), ((6,), (2,)))": 1.479403293985688e-16,
    "(((3,), (0,)), ((0,), (0,)))": -0.00043480887974354826,
    "(((3,), (0,)), ((1,), (0,)))": 0.0007479080113483913,
    "(((3,), (0,)), ((2,), (0,)))": -0.002683776973177025,
    "(((3,), (0,)), ((3,), (0,)))": -0.04402282947912879,
    "(((3,), (0,)), ((4,), (0,)))": 4.3822836025663556e-16,
    "(((3,), (0,)), ((5,), (0,)))": -1.250650406284354e-12,
    "(((3,), (0,)), ((6,), (0,)))": 0.021952021394362524,
    "(((3,), (0,)), ((0,), (1,)))": 6.527247375746066e-12,
    "(((3,), (0,)), ((1,), (1,)))": 6.496573279897533e-12,
    "(((3,), (0,)), ((2,), (1,)))": 5.225471271401569e-10,
    "(((3,), (0,)), ((3,), (1,)))": 5.457556669705328e-11,
    "(((3,), (0,)), ((4,), (1,)))": 8.368447169745656e-15,
    "(((3,), (0,)), ((5,), (1,)))": -3.464841499289635e-15,
    "(((3,), (0,)), ((6,), (1,)))": 5.758631745978664e-10,
    "(((3,), (0,)), ((0,), (2,)))": -2.7001271241255493e-18,
    "(((3,), (0,)), ((1,), (2,)))": -5.474202594064108e-18,
    "(((3,), (0,)), ((2,), (2,)))": 4.832445460779337e-17,
    "(((3,), (0,)), ((3,), (2,)))": 1.205542619883441e-16,
    "(((3,), (0,)), ((4,), (2,)))": 0.0033221307270812797,
    "(((3,), (0,)), ((5,), (2,)))": -3.402544904717712e-10,
    "(((3,), (0,)), ((6,), (2,)))": 2.6306489524758195e-15,
    "(((4,), (0,)), ((0,), (0,)))": 1.237600807107715e-15,
    "(((4,), (0,)), ((1,), (0,)))": 7.832507062005405e-16,
    "(((4,), (0,)), ((2,), (0,)))": 5.016542572234721e-14,
    "(((4,), (0,)), ((3,), (0,)))": 1.4053106866779802e-12,
    "(((4,), (0,)), ((4,), (0,)))": 1.1478170411313614e-08,
    "(((4,), (0,)), ((5,), (0,)))": 0.017198164573000982,
    "(((4,), (0,)), ((6,), (0,)))": 1.469627915968404e-13,
    "(((4,), (0,)), ((0,), (1,)))": 7.888097494119738e-18,
    "(((4,), (0,)), ((1,), (1,)))": 6.784651892426748e-18,
    "(((4,), (0,)), ((2,), (1,)))": -3.8986702677224407e-16,
    "(((4,), (0,)), ((3,), (1,)))": 2.3545231177049826e-14,
    "(((4,), (0,)), ((4,), (1,)))": 0.03254056124594881,
    "(((4,), (0,)), ((5,), (1,)))": -2.8976948525659838e-09,
    "(((4,), (0,)), ((6,), (1,)))": -1.269167859764029e-14,
    "(((4,), (0,)), ((0,), (2,)))": 4.636045705964248e-14,
    "(((4,), (0,)), ((1,), (2,)))": -4.308648808055716e-14,
    "(((4,), (0,)), ((2,), (2,)))": 6.402640616111265e-11,
    "(((4,), (0,)), ((3,), (2,)))": -9.981731992202885e-12,
    "(((4,), (0,)), ((4,), (2,)))": -2.3139029714005297e-16,
    "(((4,), (0,)), ((5,), (2,)))": -4.011012132973317e-18,
    "(((4,), (0,)), ((6,), (2,)))": -1.0542774120772379e-10,
    "(((5,), (0,)), ((0,), (0,)))": 0.00011343523640662222,
    "(((5,), (0,)), ((1,), (0,)))": 0.0003340906693344485,
    "(((5,), (0,)), ((2,), (0,)))": 0.006204188387730618,
    "(((5,), (0,)), ((3,), (0,)))": -0.007302485928116541,
    "(((5,), (0,)), ((4,), (0,)))": 2.579324020942287e-16,
    "(((5,), (0,)), ((5,), (0,)))": 1.800740312789665e-11,
    "(((5,), (0,)), ((6,), (0,)))": 0.026728605151919528,
    "(((5,), (0,)), ((0,), (1,)))": -2.2560122722694444e-12,
    "(((5,), (0,)), ((1,), (1,)))": 3.349632340309485e-12,
    "(((5,), (0,)), ((2,), (1,)))": -3.3348988776737126e-11,
    "(((5,), (0,)), ((3,), (1,)))": -6.543389113749817e-10,
    "(((5,), (0,)), ((4,), (1,)))": -2.565916571664122e-13,
    "(((5,), (0,)), ((5,), (1,)))": 1.5321232966947828e-16,
    "(((5,), (0,)), ((6,), (1,)))": 3.013937446346628e-10,
    "(((5,), (0,)), ((0,), (2,)))": -1.6090032855095976e-20,
    "(((5,), (0,)), ((1,), (2,)))": -4.054029261093786e-18,
    "(((5,), (0,)), ((2,), (2,)))": -4.631718305059843e-18,
    "(((5,), (0,)), ((3,), (2,)))": 2.1388354525837363e-16,
    "(((5,), (0,)), ((4,), (2,)))": -0.0037389616322529235,
    "(((5,), (0,)), ((5,), (2,)))": -6.620333337149903e-11,
    "(((5,), (0,)), ((6,), (2,)))": 1.464665695710213e-16,
    "(((6,), (0,)), ((0,), (0,)))": 1.4177719818446148e-18,
    "(((6,), (0,)), ((1,), (0,)))": 2.562962232310739e-18,
    "(((6,), (0,)), ((2,), (0,)))": -2.7760680034316184e-17,
    "(((6,), (0,)), ((3,), (0,)))": 2.8513178308083664e-16,
    "(((6,), (0,)), ((4,), (0,)))": 0.188103356496244,
    "(((6,), (0,)), ((5,), (0,)))": 4.1730062810405976e-10,
    "(((6,), (0,)), ((6,), (0,)))": 5.018419264735384e-15,
    "(((6,), (0,)), ((0,), (1,)))": -2.4543546475698473e-18,
    "(((6,), (0,)), ((1,), (1,)))": -7.0681277568789e-17,
    "(((6,), (0,)), ((2,), (1,)))": -3.5705502974332576e-15,
    "(((6,), (0,)), ((3,), (1,)))": 4.060989230902199e-14,
    "(((6,), (0,)), ((4,), (1,)))": 1.5099377672140297e-09,
    "(((6,), (0,)), ((5,), (1,)))": 0.12582049873420392,
    "(((6,), (0,)), ((6,), (1,)))": 1.6932440655705203e-13,
    "(((6,), (0,)), ((0,), (2,)))": -7.558241402237054e-05,
    "(((6,), (0,)), ((1,), (2,)))": -0.00016573880094156951,
    "(((6,), (0,)), ((2,), (2,)))": 0.033090905518322854,
    "(((6,), (0,)), ((3,), (2,)))": -0.02155788057882898,
    "(((6,), (0,)), ((4,), (2,)))": 1.20507193726059e-16,
    "(((6,), (0,)), ((5,), (2,)))": 1.8790532540481196e-14,
    "(((6,), (0,)), ((6,), (2,)))": -0.03913906574216196,
    "(((7,), (0,)), ((0,), (0,)))": -2.373230828820956e-15,
    "(((7,), (0,)), ((1,), (0,)))": -5.9369983960332346e-15,
    "(((7,), (0,)), ((2,), (0,)))": -3.343270704655264e-13,
    "(((7,), (0,)), ((3,), (0,)))": -1.675397610636151e-12,
    "(((7,), (0,)), ((4,), (0,)))": 3.692223969720001e-07,
    "(((7,), (0,)), ((5,), (0,)))": 0.009174310605738601,
    "(((7,), (0,)), ((6,), (0,)))": 2.4579658802437925e-11,
    "(((7,), (0,)), ((0,), (1,)))": -2.3086981978482136e-17,
    "(((7,), (0,)), ((1,), (1,)))": -1.3002902775426667e-16,
    "(((7,), (0,)), ((2,), (1,)))": -4.999006684686916e-15,
    "(((7,), (0,)), ((3,), (1,)))": 9.690498974550264e-15,
    "(((7,), (0,)), ((4,), (1,)))": 0.019128940286647845,
    "(((7,), (0,)), ((5,), (1,)))": -1.0656650530702224e-07,
    "(((7,), (0,)), ((6,), (1,)))": 4.05649832163964e-13,
    "(((7,), (0,)), ((0,), (2,)))": 1.4711672298686572e-11,
    "(((7,), (0,)), ((1,), (2,)))": 1.3254859393125263e-11,
    "(((7,), (0,)), ((2,), (2,)))": -4.610044206105629e-10,
    "(((7,), (0,)), ((3,), (2,)))": 1.1858044570498845e-09,
    "(((7,), (0,)), ((4,), (2,)))": -5.925095328134711e-14,
    "(((7,), (0,)), ((5,), (2,)))": -1.0331154977457828e-15,
    "(((7,), (0,)), ((6,), (2,)))": 3.1579817396548897e-09,
    "(((0,), (1,)), ((0,), (0,)))": 2.9936990447079677e-19,
    "(((0,), (1,)), ((1,), (0,)))": 2.4383546938124073e-20,
    "(((0,), (1,)), ((2,), (0,)))": 9.503288373736756e-19,
    "(((0,), (1,)), ((3,), (0,)))": 7.998767442370746e-19,
    "(((0,), (1,)), ((4,), (0,)))": 0.00014303328043747284,
    "(((0,), (1,)), ((5,), (0,)))": -1.7539526922031653e-13,
    "(((0,), (1,)), ((6,), (0,)))": -6.896893306090416e-20,
    "(((0,), (1,)), ((0,), (1,)))": 1.7909132654323448e-17,
    "(((0,), (1,)), ((1,), (1,)))": 5.87831847829536e-19,
    "(((0,), (1,)), ((2,), (1,)))": 4.4521950469717095e-17,
    "(((0,), (1,)), ((3,), (1,)))": 4.853641352885028e-17,
    "(((0,), (1,)), ((4,), (1,)))": -7.778407019488967e-14,
    "(((0,), (1,)), ((5,), (1,)))": 0.00017570921167529382,
    "(((0,), (1,)), ((6,), (1,)))": -1.6102065621265985e-17,
    "(((0,), (1,)), ((0,), (2,)))": -0.0006674462584776447,
    "(((0,), (1,)), ((1,), (2,)))": 1.2587459471710455e-05,
    "(((0,), (1,)), ((2,), (2,)))": -0.00037490803379228236,
    "(((0,), (1,)), ((3,), (2,)))": -0.00034415527706482135,
    "(((0,), (1,)), ((4,), (2,)))": -7.576486274494927e-19,
    "(((0,), (1,)), ((5,), (2,)))": -2.390150105807494e-17,
    "(((0,), (1,)), ((6,), (2,)))": -1.0982298111199755e-05,
    "(((1,), (1,)), ((0,), (0,)))": -2.7313310235373414e-20,
    "(((1,), (1,)), ((1,), (0,)))": -1.5630351917623542e-19,
    "(((1,), (1,)), ((2,), (0,)))": -1.0566004440595313e-18,
    "(((1,), (1,)), ((3,), (0,)))": 1.989323638169783e-18,
    "(((1,), (1,)), ((4,), (0,)))": 0.0001492110494474089,
    "(((1,), (1,)), ((5,), (0,)))": -1.3931152094833588e-13,
    "(((1,), (1,)), ((6,), (0,)))": -2.670911810772152e-18,
    "(((1,), (1,)), ((0,), (1,)))": -8.953109494814738e-19,
    "(((1,), (1,)), ((1,), (1,)))": 5.3116466365077196e-18,
    "(((1,), (1,)), ((2,), (1,)))": -2.923255321901802e-17,
    "(((1,), (1,)), ((3,), (1,)))": 5.3601681118534195e-17,
    "(((1,), (1,)), ((4,), (1,)))": 7.349650423781717e-14,
    "(((1,), (1,)), ((5,), (1,)))": 0.00019381609771263697,
    "(((1,), (1,)), ((6,), (1,)))": -5.710433695196555e-17,
    "(((1,), (1,)), ((0,), (2,)))": 1.224012813715233e-05,
    "(((1,), (1,)), ((1,), (2,)))": -0.0008217059948470674,
    "(((1,), (1,)), ((2,), (2,)))": -0.0002304849939223149,
    "(((1,), (1,)), ((3,), (2,)))": 0.000553619275185523,
    "(((1,), (1,)), ((4,), (2,)))": 2.2665918533659776e-18,
    "(((1,), (1,)), ((5,), (2,)))": -1.6107687237547174e-17,
    "(((1,), (1,)), ((6,), (2,)))": -0.00047021387937442016,
    "(((2,), (1,)), ((0,), (0,)))": 3.6805725908230926e-19,
    "(((2,), (1,)), ((1,), (0,)))": -7.974518633938763e-19,
    "(((2,), (1,)), ((2,), (0,)))": 1.0187781451403992e-17,
    "(((2,), (1,)), ((3,), (0,)))": 1.2956390522549157e-18,
    "(((2,), (1,)), ((4,), (0,)))": -0.027907436544203506,
    "(((2,), (1,)), ((5,), (0,)))": 1.2497946627677808e-11,
    "(((2,), (1,)), ((6,), (0,)))": -7.353638225304274e-17,
    "(((2,), (1,)), ((0,), (1,)))": 3.466199702157942e-17,
    "(((2,), (1,)), ((1,), (1,)))": -2.6261924557036287e-17,
    "(((2,), (1,)), ((2,), (1,)))": 8.175499010907628e-16,
    "(((2,), (1,)), ((3,), (1,)))": -1.032158588380994e-15,
    "(((2,), (1,)), ((4,), (1,)))": -6.164703694755616e-12,
    "(((2,), (1,)), ((5,), (1,)))": -0.027885889962483673,
    "(((2,), (1,)), ((6,), (1,)))": -1.7162757250139651e-15,
    "(((2,), (1,)), ((0,), (2,)))": -0.0003539024874787181,
    "(((2,), (1,)), ((1,), (2,)))": -0.0002850863341071789,
    "(((2,), (1,)), ((2,), (2,)))": -0.02315032796139371,
    "(((2,), (1,)), ((3,), (2,)))": 0.00924743470559639,
    "(((2,), (1,)), ((4,), (2,)))": -3.6854841055007415e-17,
    "(((2,), (1,)), ((5,), (2,)))": -2.2673434393993996e-15,
    "(((2,), (1,)), ((6,), (2,)))": 0.015337499229790427,
    "(((3,), (1,)), ((0,), (0,)))": -5.381045483355082e-19,
    "(((3,), (1,)), ((1,), (0,)))": -6.945617367325383e-19,
    "(((3,), (1,)), ((2,), (0,)))": -1.0138669983056657e-17,
    "(((3,), (1,)), ((3,), (0,)))": -1.5470325733979388e-17,
    "(((3,), (1,)), ((4,), (0,)))": -0.004582717272061392,
    "(((3,), (1,)), ((5,), (0,)))": 7.778689050646495e-12,
    "(((3,), (1,)), ((6,), (0,)))": -6.334475702745205e-17,
    "(((3,), (1,)), ((0,), (1,)))": -2.973711719546273e-17,
    "(((3,), (1,)), ((1,), (1,)))": -3.3774292268470306e-17,
    "(((3,), (1,)), ((2,), (1,)))": -9.800302174847965e-16,
    "(((3,), (1,)), ((3,), (1,)))": -1.0109091165823071e-15,
    "(((3,), (1,)), ((4,), (1,)))": 1.4834126459612728e-12,
    "(((3,), (1,)), ((5,), (1,)))": -0.004898184518727689,
    "(((3,), (1,)), ((6,), (1,)))": -1.7693059298024774e-15,
    "(((3,), (1,)), ((0,), (2,)))": 0.00038340139686939673,
    "(((3,), (1,)), ((1,), (2,)))": -0.0006075357371782271,
    "(((3,), (1,)), ((2,), (2,)))": -0.0008082813911581718,
    "(((3,), (1,)), ((3,), (2,)))": 0.01694740699857699,
    "(((3,), (1,)), ((4,), (2,)))": 5.124066156805032e-17,
    "(((3,), (1,)), ((5,), (2,)))": 4.260922357308696e-15,
    "(((3,), (1,)), ((6,), (2,)))": -0.0030890936037134106,
    "(((4,), (1,)), ((0,), (0,)))": -5.938368766432109e-13,
    "(((4,), (1,)), ((1,), (0,)))": -6.625879076061862e-14,
    "(((4,), (1,)), ((2,), (0,)))": -4.161378934046893e-11,
    "(((4,), (1,)), ((3,), (0,)))": -1.3245528383894247e-11,
    "(((4,), (1,)), ((4,), (0,)))": 2.401676928666974e-15,
    "(((4,), (1,)), ((5,), (0,)))": 6.289766808623644e-18,
    "(((4,), (1,)), ((6,), (0,)))": 1.288396985247318e-11,
    "(((4,), (1,)), ((0,), (1,)))": -0.00025374995215518933,
    "(((4,), (1,)), ((1,), (1,)))": -0.0003569785160515202,
    "(((4,), (1,)), ((2,), (1,)))": -0.012159225387526314,
    "(((4,), (1,)), ((3,), (1,)))": 0.007403769296501914,
    "(((4,), (1,)), ((4,), (1,)))": 3.688279129492714e-17,
    "(((4,), (1,)), ((5,), (1,)))": 2.6975685752131364e-15,
    "(((4,), (1,)), ((6,), (1,)))": 0.0030099080096979767,
    "(((4,), (1,)), ((0,), (2,)))": -8.345004562366735e-18,
    "(((4,), (1,)), ((1,), (2,)))": -1.5084193770253172e-18,
    "(((4,), (1,)), ((2,), (2,)))": -4.109044165480682e-16,
    "(((4,), (1,)), ((3,), (2,)))": 7.819228403011716e-15,
    "(((4,), (1,)), ((4,), (2,)))": 3.0107186537214766e-11,
    "(((4,), (1,)), ((5,), (2,)))": -0.01365808332286239,
    "(((4,), (1,)), ((6,), (2,)))": -1.6154969005677562e-14,
    "(((5,), (1,)), ((0,), (0,)))": 2.0666959380173654e-19,
    "(((5,), (1,)), ((1,), (0,)))": 1.7438727932028355e-18,
    "(((5,), (1,)), ((2,), (0,)))": 3.982542977074592e-17,
    "(((5,), (1,)), ((3,), (0,)))": 1.6768677066861218e-17,
    "(((5,), (1,)), ((4,), (0,)))": 0.04282744836501307,
    "(((5,), (1,)), ((5,), (0,)))": -4.526142240229636e-11,
    "(((5,), (1,)), ((6,), (0,)))": -4.210294863829231e-17,
    "(((5,), (1,)), ((0,), (1,)))": -2.1926180267006056e-17,
    "(((5,), (1,)), ((1,), (1,)))": -1.3670288417724905e-17,
    "(((5,), (1,)), ((2,), (1,)))": -1.5806899713263768e-15,
    "(((5,), (1,)), ((3,), (1,)))": 5.409137400582975e-15,
    "(((5,), (1,)), ((4,), (1,)))": 8.51534460367216e-12,
    "(((5,), (1,)), ((5,), (1,)))": 0.04675734172377577,
    "(((5,), (1,)), ((6,), (1,)))": -1.76559820208404e-15,
    "(((5,), (1,)), ((0,), (2,)))": -7.150608408194295e-05,
    "(((5,), (1,)), ((1,), (2,)))": -0.0003560775232952903,
    "(((5,), (1,)), ((2,), (2,)))": 0.019355950851417447,
    "(((5,), (1,)), ((3,), (2,)))": -0.01196171175757459,
    "(((5,), (1,)), ((4,), (2,)))": 1.032006052366581e-16,
    "(((5,), (1,)), ((5,), (2,)))": -1.1551441004900839e-13,
    "(((5,), (1,)), ((6,), (2,)))": -0.03675849052731953,
    "(((6,), (1,)), ((0,), (0,)))": -0.0003229386839850955,
    "(((6,), (1,)), ((1,), (0,)))": -0.00038981484458214586,
    "(((6,), (1,)), ((2,), (0,)))": -0.0175524664310851,
    "(((6,), (1,)), ((3,), (0,)))": 0.007716685131468958,
    "(((6,), (1,)), ((4,), (0,)))": 1.9550620001913047e-18,
    "(((6,), (1,)), ((5,), (0,)))": -3.6009206878704444e-14,
    "(((6,), (1,)), ((6,), (0,)))": 0.0015521316392244965,
    "(((6,), (1,)), ((0,), (1,)))": -1.2520722302069e-13,
    "(((6,), (1,)), ((1,), (1,)))": 1.1566805139921088e-14,
    "(((6,), (1,)), ((2,), (1,)))": -6.557767502385642e-12,
    "(((6,), (1,)), ((3,), (1,)))": -2.4746109425128133e-12,
    "(((6,), (1,)), ((4,), (1,)))": 2.028932434925118e-15,
    "(((6,), (1,)), ((5,), (1,)))": 2.6154810555627002e-17,
    "(((6,), (1,)), ((6,), (1,)))": 3.913249279448509e-12,
    "(((6,), (1,)), ((0,), (2,)))": 3.2739880448604795e-19,
    "(((6,), (1,)), ((1,), (2,)))": -1.7258121438098447e-18,
    "(((6,), (1,)), ((2,), (2,)))": 3.8622180157024934e-17,
    "(((6,), (1,)), ((3,), (2,)))": 3.356186018576071e-17,
    "(((6,), (1,)), ((4,), (2,)))": -0.013670460245434751,
    "(((6,), (1,)), ((5,), (2,)))": 5.643513099456266e-12,
    "(((6,), (1,)), ((6,), (2,)))": -1.1000502591325151e-16,
    "(((7,), (1,)), ((0,), (0,)))": -1.8415552576434566e-11,
    "(((7,), (1,)), ((1,), (0,)))": -6.8370901133107186e-12,
    "(((7,), (1,)), ((2,), (0,)))": -1.3894947275014523e-09,
    "(((7,), (1,)), ((3,), (0,)))": -2.6486069680226913e-11,
    "(((7,), (1,)), ((4,), (0,)))": 6.389140366185626e-14,
    "(((7,), (1,)), ((5,), (0,)))": -1.7329234693924137e-17,
    "(((7,), (1,)), ((6,), (0,)))": 5.809215775157207e-10,
    "(((7,), (1,)), ((0,), (1,)))": 0.0002699625376322576,
    "(((7,), (1,)), ((1,), (1,)))": -0.00044303184708988823,
    "(((7,), (1,)), ((2,), (1,)))": -0.0009817479095692275,
    "(((7,), (1,)), ((3,), (1,)))": 0.021100104046718984,
    "(((7,), (1,)), ((4,), (1,)))": 1.386906008037652e-15,
    "(((7,), (1,)), ((5,), (1,)))": 4.95717315043927e-15,
    "(((7,), (1,)), ((6,), (1,)))": -0.007822308695689745,
    "(((7,), (1,)), ((0,), (2,)))": -1.7430508926363754e-17,
    "(((7,), (1,)), ((1,), (2,)))": -1.2120894730506778e-16,
    "(((7,), (1,)), ((2,), (2,)))": -1.3837268730160853e-15,
    "(((7,), (1,)), ((3,), (2,)))": 1.8968751721383802e-14,
    "(((7,), (1,)), ((4,), (2,)))": 1.2699500515462427e-09,
    "(((7,), (1,)), ((5,), (2,)))": 0.0011518933602666182,
    "(((7,), (1,)), ((6,), (2,)))": 1.853329805672807e-13
  },
  "red": [
    [
      0.9999987472267037,
      -2.4273976215360802e-08,
      8.177181135453485e-06,
      -2.3674581644966648e-05,
      6.117768261240739e-16,
      1.0906686042216092e-05,
      3.846923973365413e-18,
      1.7551900376745046e-16,
      6.268674061474789e-18,
      8.619119699347875e-06,
      0.0,
      0.0,
      0.0,
      0.0,
      0.0,
      0.0,
      0.0,
      0.0,
      0.0,
      0.0
    ],
    [
      -2.4273976215360802e-08,
      0.9999974185403739,
      1.1965884308223153e-05,
      5.435452575413026e-05,
      -9.219399823326672e-16,
      4.2378950866648237e-05,
      6.708136933354989e-18,
      1.440960922632203e-14,
      6.636117818616284e-17,
      -5.250416393635366e-05,
      0.0,
      0.0,
      0.0,
      0.0,
      0.0,
      0.0,
      0.0,
      0.0,
      0.0,
      0.0
    ],
    [
      8.177181135453485e-06,
      1.1965884308223153e-05,
      0.9969534347995724,
      0.000624517292575414,
      2.0174902571006884e-15,
      -0.003476636108356675,
      2.9400906369930853e-16,
      1.9900707254190114e-13,
      1.6164050062765963e-15,
      -0.013708079236497812,
      0.0,
      0.0,
      0.0,
      0.0,
      0.0,
      0.0,
      0.0,
      0.0,
      0.0,
      0.0
    ],
    [
      -2.3674581644966648e-05,
      5.435452575413026e-05,
      0.000624517292575414,
      0.9971635084038722,
      -8.061560938080107e-14,
      0.00038751815888675987,
      2.806864842123359e-16,
      6.071489664661272e-13,
      3.7792540202061365e-15,
      0.004014117842682415,
      0.0,
      0.0,
      0.0,
      0.0,
      0.0,
      0.0,
      0.0,
      0.0,
      0.0,
      0.0
    ],
    [
      6.117768261240739e-16,
      -9.219399823326672e-16,
      2.0174902571006884e-15,
      -8.061560938080107e-14,
      0.998233012791263,
      2.999529750768254e-13,
      2.711506776844629e-09,
      0.0009164087170668768,
      6.504326642313867e-09,
      -9.960359179086582e-15,
      0.0,
      0.0,
      0.0,
      0.0,
      0.0,
      0.0,
      0.0,
      0.0,
      0.0,
      0.0
    ],
    [
      1.0906686042216092e-05,
      4.2378950866648237e-05,
      -0.003476636108356675,
      0.00038751815888675987,
      2.999529750768254e-13,
      0.9931989269906062,
      1.3371775424449559e-15,
      8.303311852844801e-13,
      7.077496746412224e-15,
      0.01640587367134915,
      0.0,
      0.0,
      0.0,
      0.0,
      0.0,
      0.0,
      0.0,
      0.0,
      0.0,
      0.0
    ],
    [
      3.846923973365413e-18,
      6.708136933354989e-18,
      2.9400906369930853e-16,
      2.806864842123359e-16,
      2.711506776844629e-09,
      1.3371775424449559e-15,
      0.9202700103960274,
      5.836277599395726e-08,
      0.1857018576221066,
      -3.8075850354190907e-16,
      0.0,
      0.0,
      0.0,
      0.0,
      0.0,
      0.0,
      0.0,
      0.0,
      0.0,
      0.0
    ],
    [
      1.7551900376745046e-16,
      1.440960922632203e-14,
      1.9900707254190114e-13,
      6.071489664661272e-13,
      0.0009164087170668768,
      8.303311852844801e-13,
      5.836277599395726e-08,
      0.9990333680332402,
      5.781386560906039e-08,
      4.8560445688054294e-14,
      0.0,
      0.0,
      0.0,
      0.0,
      0.0,
      0.0,
      0.0,
      0.0,
      0.0,
      0.0
    ],
    [
      6.268674061474789e-18,
      6.636117818616284e-17,
      1.6164050062765963e-15,
      3.7792540202061365e-15,
      6.504326642313867e-09,
      7.077496746412224e-15,
      0.1857018576221066,
      5.781386560906039e-08,
      0.08483407423658708,
      -2.7888785568767722e-15,
      0.0,
      0.0,
      0.0,
      0.0,
      0.0,
      0.0,
      0.0,
      0.0,
      0.0,
      0.0
    ],
    [
      8.619119699347875e-06,
      -5.250416393635366e-05,
      -0.013708079236497812,
      0.004014117842682415,
      -9.960359179086582e-15,
      0.01640587367134915,
      -3.8075850354190907e-16,
      4.8560445688054294e-14,
      -2.7888785568767722e-15,
      0.010317498581754547,
      0.0,
      0.0,
      0.0,
      0.0,
      0.0,
      0.0,
      0.0,
      0.0,
      0.0,
      0.0
    ],
    [
      0.0,
      0.0,
      0.0,
      0.0,
      0.0,
      0.0,
      0.0,
      0.0,
      0.0,
      0.0,
      0.9999986257187391,
      -1.3398417141336299e-07,
      1.94015554532599e-05,
      2.422513571341108e-05,
      1.8718942416912903e-18,
      2.6815240918159325e-15,
      -7.539344367812009e-06,
      9.48933941742986e-18,
      6.308222306832926e-17,
      8.727888437904729e-05
    ],
    [
      0.0,
      0.0,
      0.0,
      0.0,
      0.0,
      0.0,
      0.0,
      0.0,
      0.0,
      0.0,
      -1.3398417141336299e-07,
      0.9999972372278683,
      1.2126302709611863e-05,
      -5.842089006219017e-05,
      -1.9334614830129725e-18,
      5.16754342160512e-15,
      4.917655033103216e-05,
      6.938141757412848e-18,
      -1.3478731698889712e-16,
      7.120008528821742e-05
    ],
    [
      0.0,
      0.0,
      0.0,
      0.0,
      0.0,
      0.0,
      0.0,
      0.0,
      0.0,
      0.0,
      1.94015554532599e-05,
      1.2126302709611863e-05,
      0.997317049847983,
      -0.0014456699370911745,
      -1.2362344201361753e-16,
      1.1338539340752351e-13,
      -0.002212903663323125,
      -6.132364168281243e-17,
      -3.0111507665533727e-15,
      0.01156325406329014
    ],
    [
      0.0,
      0.0,
      0.0,
      0.0,
      0.0,
      0.0,
      0.0,
      0.0,
      0.0,
      0.0,
      2.422513571341108e-05,
      -5.842089006219017e-05,
      -0.0014456699370911745,
      0.9963030292408281,
      1.0009371171153713e-15,
      -5.959795744679586e-14,
      2.0156648881331657e-05,
      -3.1127922386099336e-16,
      3.253865246046389e-14,
      -0.014290078495429511
    ],
    [
      0.0,
      0.0,
      0.0,
      0.0,
      0.0,
      0.0,
      0.0,
      0.0,
      0.0,
      0.0,
      1.8718942416912903e-18,
      -1.9334614830129725e-18,
      -1.2362344201361753e-16,
      1.0009371171153713e-15,
      0.9374652455963911,
      1.5376553971644987e-09,
      9.32940539267136e-15,
      0.1692766516103456,
      2.463142968182331e-09,
      1.9639186350922447e-16
    ],
    [
      0.0,
      0.0,
      0.0,
      0.0,
      0.0,
      0.0,
      0.0,
      0.0,
      0.0,
      0.0,
      2.6815240918159325e-15,
      5.16754342160512e-15,
      1.1338539340752351e-13,
      -5.959795744679586e-14,
      1.5376553971644987e-09,
      0.9727695867782621,
      7.397666879398349e-13,
      -2.0076528346293785e-09,
      0.10223433130526186,
      -9.17081560308641e-15
    ],
    [
      0.0,
      0.0,
      0.0,
      0.0,
      0.0,
      0.0,
      0.0,
      0.0,
      0.0,
      0.0,
      -7.539344367812009e-06,
      4.917655033103216e-05,
      -0.002212903663323125,
      2.0156648881331657e-05,
      9.32940539267136e-15,
      7.397666879398349e-13,
      0.9954838348179627,
      7.07082690270116e-15,
      3.0494576248501644e-13,
      -0.0024596404478876184
    ],
    [
      0.0,
      0.0,
      0.0,
      0.0,
      0.0,
      0.0,
      0.0,
      0.0,
      0.0,
      0.0,
      9.48933941742986e-18,
      6.938141757412848e-18,
      -6.132364168281243e-17,
      -3.1127922386099336e-16,
      0.1692766516103456,
      -2.0076528346293785e-09,
      7.07082690270116e-15,
      0.06469987621807925,
      6.888068669037915e-09,
      -7.510664082689043e-17
    ],
    [
      0.0,
      0.0,
      0.0,
      0.0,
      0.0,
      0.0,
      0.0,
      0.0,
      0.0,
      0.0,
      6.308222306832926e-17,
      -1.3478731698889712e-16,
      -3.0111507665533727e-15,
      3.253865246046389e-14,
      2.463142968182331e-09,
      0.10223433130526186,
      3.0494576248501644e-13,
      6.888068669037915e-09,
      0.028819421080716178,
      -1.2246221095535562e-14
    ],
    [
      0.0,
      0.0,
      0.0,
      0.0,
      0.0,
      0.0,
      0.0,
      0.0,
      0.0,
      0.0,
      8.727888437904729e-05,
      7.120008528821742e-05,
      0.01156325406329014,
      -0.014290078495429511,
      1.9639186350922447e-16,
      -9.17081560308641e-15,
      -0.0024596404478876184,
      -7.510664082689043e-17,
      -1.2246221095535562e-14,
      0.0071460934731709756
    ]
  ],
  "CSRM": [
    [
      1.1375965145287394,
      7.069110936194577e-07,
      2.0208777972019407e-05,
      -2.3402213900184485e-05,
      2.5751468865483027e-12,
      4.356749597331137e-15,
      1.2521093933067076e-18,
      3.0214825184330996e-12,
      -3.4900611268022747e-12,
      -0.0007129589223394128
    ],
    [
      7.069110936194577e-07,
      1.1375937623120518,
      2.5783419914637665e-05,
      -3.259538103270565e-05,
      4.4154170412798605e-12,
      6.910804347863859e-15,
      2.0018176295453546e-18,
      4.815868312681346e-12,
      3.100375221790051e-12,
      -0.0008777375153802324
    ],
    [
      2.0208777972019407e-05,
      2.5783419914637665e-05,
      1.1318223502069542,
      -0.0009806541868200738,
      1.3256236964551244e-10,
      2.2023256629861045e-13,
      6.166271094080917e-17,
      1.5373150642886908e-10,
      -1.441602854915342e-10,
      -0.02472893160387992
    ],
    [
      -2.3402213900184485e-05,
      -3.259538103270565e-05,
      -0.0009806541868200738,
      1.1327179163989356,
      -5.767554011600788e-10,
      -9.112477048305083e-13,
      -2.608869264865557e-16,
      -6.435724894363125e-10,
      5.829703399213391e-11,
      0.018103038074873817
    ],
    [
      2.5751468865483027e-12,
      4.4154170412798605e-12,
      1.3256236964551244e-10,
      -5.767554011600788e-10,
      1.0656634668268532,
      7.930826443228699e-18,
      6.332300211645796e-15,
      1.678000890263233e-16,
      0.034759477910847235,
      3.216017319087761e-11
    ],
    [
      4.356749597331137e-15,
      6.910804347863859e-15,
      2.2023256629861045e-13,
      -9.112477048305083e-13,
      7.930826443228699e-18,
      1.1013915047867395,
      3.1002327239940276e-12,
      2.632491509758516e-19,
      1.6365976445715703e-16,
      -1.2339125174071598e-13
    ],
    [
      1.2521093933067076e-18,
      2.0018176295453546e-18,
      6.166271094080917e-17,
      -2.608869264865557e-16,
      6.332300211645796e-15,
      3.1002327239940276e-12,
      1.0435198008078512,
      7.538547173119606e-17,
      1.8087051188214852e-13,
      -1.175061867990947e-16
    ],
    [
      3.0214825184330996e-12,
      4.815868312681346e-12,
      1.5373150642886908e-10,
      -6.435724894363125e-10,
      1.678000890263233e-16,
      2.632491509758516e-19,
      7.538547173119606e-17,
      0.07350600415685031,
      0.0032541010034226633,
      2.1282450862601415e-10
    ],
    [
      -3.4900611268022747e-12,
      3.100375221790051e-12,
      -1.441602854915342e-10,
      5.829703399213391e-11,
      0.034759477910847235,
      1.6365976445715703e-16,
      1.8087051188214852e-13,
      0.0032541010034226633,
      0.019785203917380798,
      -9.363218103167006e-11
    ],
    [
      -0.0007129589223394128,
      -0.0008777375153802324,
      -0.02472893160387992,
      0.018103038074873817,
      3.216017319087761e-11,
      -1.2339125174071598e-13,
      -1.175061867990947e-16,
      2.1282450862601415e-10,
      -9.363218103167006e-11,
      0.003899103867452476
    ]
  ],
  "TPM": [
    [
      0.0,
      0.0,
      0.0,
      0.0,
      0.0,
      0.0,
      0.0,
      0.0,
      4.858486939757854e-07,
      7.570944459422984e-07
    ],
    [
      0.0,
      0.0,
      0.0,
      0.0,
      0.0,
      0.0,
      0.0,
      0.0,
      1.237717861773575e-06,
      1.3234857834975127e-06
    ],
    [
      0.0,
      0.0,
      0.0,
      0.0,
      0.0,
      0.0,
      0.0,
      0.0,
      0.0005555152872788577,
      0.002467144380810431
    ],
    [
      0.0,
      0.0,
      0.0,
      0.0,
      0.0,
      0.0,
      0.0,
      0.0,
      0.0024388883952119176,
      0.00037534605651954516
    ],
    [
      0.0,
      0.0,
      0.0,
      0.0,
      0.0,
      0.0,
      0.0,
      0.0,
      0.0013546649908815407,
      0.00039845717080072573
    ],
    [
      0.0,
      0.0,
      0.0,
      0.0,
      0.0,
      0.0,
      0.0,
      0.0,
      0.0008203409058636657,
      0.005927366014158984
    ],
    [
      0.0,
      0.0,
      0.0,
      0.0,
      0.0,
      0.0,
      0.0,
      0.0,
      0.07854718785929327,
      0.0005571831481867677
    ],
    [
      0.0,
      0.0,
      0.0,
      0.0,
      0.0,
      0.0,
      0.0,
      0.0,
      0.0004500843317285625,
      0.0005089627483736648
    ],
    [
      4.858486939757854e-07,
      1.237717861773575e-06,
      0.0005555152872788577,
      0.0024388883952119176,
      0.0013546649908815407,
      0.0008203409058636657,
      0.07854718785929327,
      0.0004500843317285625,
      0.0,
      0.0
    ],
    [
      7.570944459422984e-07,
      1.3234857834975127e-06,
      0.002467144380810431,
      0.00037534605651954516,
      0.00039845717080072573,
      0.005927366014158984,
      0.0005571831481867677,
      0.0005089627483736648,
      0.0,
      0.0
    ],
    [
      0.0,
      0.0,
      0.0,
      0.0,
      0.0,
      0.0,
      0.0,
      4.858486939757854e-07,
      7.570944459422984e-07,
      0.0
    ],
    [
      0.0,
      0.0,
      0.0,
      0.0,
      0.0,
      0.0,
      0.0,
      1.237717861773575e-06,
      1.3234857834975127e-06,
      0.0
    ],
    [
      0.0,
      0.0,
      0.0,
      0.0,
      0.0,
      0.0,
      0.0,
      0.0005555152872788577,
      0.002467144380810431,
      0.0
    ],
    [
      0.0,
      0.0,
      0.0,
      0.0,
      0.0,
      0.0,
      0.0,
      0.0024388883952119176,
      0.00037534605651954516,
      0.0
    ],
    [
      0.0,
      0.0,
      0.0,
      0.0,
      0.0,
      0.0,
      0.0,
      0.0013546649908815407,
      0.00039845717080072573,
      0.0
    ],
    [
      0.0,
      0.0,
      0.0,
      0.0,
      0.0,
      0.0,
      0.0,
      0.0008203409058636657,
      0.005927366014158984,
      0.0
    ],
    [
      0.0,
      0.0,
      0.0,
      0.0,
      0.0,
      0.0,
      0.0,
      0.07854718785929327,
      0.0005571831481867677,
      0.0
    ],
    [
      4.858486939757854e-07,
      1.237717861773575e-06,
      0.0005555152872788577,
      0.0024388883952119176,
      0.0013546649908815407,
      0.0008203409058636657,
      0.07854718785929327,
      0.0,
      0.0,
      0.0
    ],
    [
      7.570944459422984e-07,
      1.3234857834975127e-06,
      0.002467144380810431,
      0.00037534605651954516,
      0.00039845717080072573,
      0.005927366014158984,
      0.0005571831481867677,
      0.0,
      0.0,
      0.0
    ],
    [
      0.0,
      0.0,
      0.0,
      0.0,
      0.0,
      0.0,
      0.0,
      0.0,
      0.0,
      0.0
    ]
  ],
  "SRRM": [
    [
      1.8047700894771264,
      7.851372469000783e-06,
      0.0002546057104045079,
      0.00016926067906598486,
      0.00013579400681134972,
      0.0003543213848713179,
      0.0008711662320905583,
      9.644416347927448e-05,
      0.0016847280069709643,
      0.00211130107414363
    ],
    [
      7.851372469000777e-06,
      1.8047630560708163,
      0.0003795661882332022,
      0.0002701317843851909,
      0.00021329260796723533,
      0.0005238726129756288,
      0.0014619268946772955,
      0.00014879861990844248,
      0.0028653975459612636,
      0.003020323577985148
    ],
    [
      0.00025460571040450755,
      0.0003795661882332022,
      1.7906243035462603,
      0.007115667497438919,
      0.006150150666488024,
      0.02025315780221789,
      0.027405409224632495,
      0.004713968912365135,
      0.04807834098961521,
      0.13372502013375215
    ],
    [
      0.00016926067906598483,
      0.0002701317843851911,
      0.007115667497438917,
      1.797999324722299,
      0.005042173022007817,
      0.009402615066774844,
      0.04310189746906042,
      0.00327228159239466,
      0.08774515110032503,
      0.04438739801451105
    ],
    [
      0.00013579400681134972,
      0.00021329260796723536,
      0.006150150666488026,
      0.005042173022007811,
      1.8009136467979991,
      0.008325792593285674,
      0.029787070293891504,
      0.002598609627378398,
      0.05965180906824887,
      0.04418436556987954
    ],
    [
      0.000354321384871318,
      0.0005238726129756287,
      0.020253157802217883,
      0.009402615066774837,
      0.008325792593285669,
      1.7755973224614336,
      0.03205745533023216,
      0.006526344770801463,
      0.05327514374729478,
      0.19697659824044514
    ],
    [
      0.000871166232090558,
      0.001461926894677295,
      0.027405409224632506,
      0.04310189746906041,
      0.0297870702938915,
      0.03205745533023215,
      1.4828488423978903,
      0.01739898735067812,
      0.6759881692180066,
      0.049416662034314725
    ],
    [
      9.644416347927439e-05,
      0.00014879861990844246,
      0.0047139689123651355,
      0.003272281592394661,
      0.0025986096273783984,
      0.006526344770801464,
      0.017398987350678127,
      1.8029505096562066,
      0.03394475525629562,
      0.038100707568232334
    ],
    [
      0.0016847280069709645,
      0.002865397545961264,
      0.048078340989615276,
      0.08774515110032506,
      0.05965180906824891,
      0.05327514374729478,
      0.6759881692180075,
      0.03394475525629562,
      0.3325277438118782,
      0.040758683524465295
    ],
    [
      0.0021113010741436334,
      0.003020323577985148,
      0.1337250201337522,
      0.044387398014511026,
      0.044184365569879556,
      0.1969765982404454,
      0.04941666203431473,
      0.03810070756823234,
      0.040758683524465315,
      0.04520677774519363
    ],
    [
