{
  "E": -147.69071397437511,
  "sol": {
    "(((), ()), ((), ()))": 0.9400074989113413,
    "(((0,), (0,)), ((), ()))": -8.77278206520135e-19,
    "(((), ()), ((0,), (0,)))": -8.77278206520135e-19,
    "(((0,), (1,)), ((), ()))": -1.643110827037581e-05,
    "(((), ()), ((0,), (1,)))": -1.643110827037581e-05,
    "(((1,), (0,)), ((), ()))": -4.535987065956177e-17,
    "(((), ()), ((1,), (0,)))": -4.535987065956177e-17,
    "(((1,), (1,)), ((), ()))": -1.6635875226564104e-16,
    "(((), ()), ((1,), (1,)))": -1.6635875226564104e-16,
    "(((2,), (0,)), ((), ()))": 6.942582855104197e-16,
    "(((), ()), ((2,), (0,)))": 6.942582855104197e-16,
    "(((2,), (1,)), ((), ()))": -5.89271119821225e-16,
    "(((), ()), ((2,), (1,)))": -5.89271119821225e-16,
    "(((3,), (0,)), ((), ()))": 5.273580905747922e-18,
    "(((), ()), ((3,), (0,)))": 5.273580905747922e-18,
    "(((3,), (1,)), ((), ()))": -0.011696340136900315,
    "(((), ()), ((3,), (1,)))": -0.011696340136900315,
    "(((4,), (0,)), ((), ()))": -1.9547411421124335e-15,
    "(((), ()), ((4,), (0,)))": -1.9547411421124335e-15,
    "(((4,), (1,)), ((), ()))": 3.986564675220281e-17,
    "(((), ()), ((4,), (1,)))": 3.986564675220281e-17,
    "(((5,), (0,)), ((), ()))": 2.1112237710805443e-15,
    "(((), ()), ((5,), (0,)))": 2.1112237710805443e-15,
    "(((5,), (1,)), ((), ()))": 1.66624336674048e-15,
    "(((), ()), ((5,), (1,)))": 1.66624336674048e-15,
    "(((6,), (0,)), ((), ()))": -9.46872616710984e-16,
    "(((), ()), ((6,), (0,)))": -9.46872616710984e-16,
    "(((6,), (1,)), ((), ()))": -3.8084197984949074e-16,
    "(((), ()), ((6,), (1,)))": -3.8084197984949074e-16,
    "(((7,), (0,)), ((), ()))": 4.141496543809782e-14,
    "(((), ()), ((7,), (0,)))": 4.141496543809782e-14,
    "(((7,), (1,)), ((), ()))": -3.782332220457471e-16,
    "(((), ()), ((7,), (1,)))": -3.782332220457471e-16,
    "(((0,), (0,)), ((0,), (0,)))": -0.00017693420541581542,
    "(((0,), (0,)), ((0,), (1,)))": -9.922613741053161e-22,
    "(((0,), (0,)), ((1,), (0,)))": -8.53227451099356e-17,
    "(((0,), (0,)), ((1,), (1,)))": -3.277621603285098e-20,
    "(((0,), (0,)), ((2,), (0,)))": -3.417701490320479e-15,
    "(((0,), (0,)), ((2,), (1,)))": -1.2219365817613504e-19,
    "(((0,), (0,)), ((3,), (0,)))": 0.0005656161800391198,
    "(((0,), (0,)), ((3,), (1,)))": -1.0022760314991363e-19,
    "(((0,), (0,)), ((4,), (0,)))": -1.656716125138616e-19,
    "(((0,), (0,)), ((4,), (1,)))": 5.4020256865981e-19,
    "(((0,), (0,)), ((5,), (0,)))": 1.3509017761600332e-15,
    "(((0,), (0,)), ((5,), (1,)))": 3.8440758790354995e-19,
    "(((0,), (0,)), ((6,), (0,)))": -5.868308057088848e-19,
    "(((0,), (0,)), ((6,), (1,)))": 3.510533711592323e-15,
    "(((0,), (0,)), ((7,), (0,)))": -5.8589187985733215e-18,
    "(((0,), (0,)), ((7,), (1,)))": 4.532255149757694e-19,
    "(((0,), (1,)), ((0,), (0,)))": -9.922613741052319e-22,
    "(((0,), (1,)), ((0,), (1,)))": -0.0005700124401454378,
    "(((0,), (1,)), ((1,), (0,)))": 4.96441316649149e-20,
    "(((0,), (1,)), ((1,), (1,)))": -1.4992257346055442e-16,
    "(((0,), (1,)), ((2,), (0,)))": -2.292216524747241e-19,
    "(((0,), (1,)), ((2,), (1,)))": -4.327787826932789e-15,
    "(((0,), (1,)), ((3,), (0,)))": -6.966067246599408e-20,
    "(((0,), (1,)), ((3,), (1,)))": 0.0007165036894057304,
    "(((0,), (1,)), ((4,), (0,)))": -3.2478566800613813e-19,
    "(((0,), (1,)), ((4,), (1,)))": -2.5810110518039614e-19,
    "(((0,), (1,)), ((5,), (0,)))": 1.6862951850095113e-19,
    "(((0,), (1,)), ((5,), (1,)))": 1.7105727840373093e-15,
    "(((0,), (1,)), ((6,), (0,)))": -1.0104025445700072e-15,
    "(((0,), (1,)), ((6,), (1,)))": -4.354513359116144e-19,
    "(((0,), (1,)), ((7,), (0,)))": 2.1084962556126428e-18,
    "(((0,), (1,)), ((7,), (1,)))": -5.310175986461966e-19,
    "(((1,), (0,)), ((0,), (0,)))": -8.530860248003576e-17,
    "(((1,), (0,)), ((0,), (1,)))": 4.964413166491548e-20,
    "(((1,), (0,)), ((1,), (0,)))": -0.00016641596610463488,
    "(((1,), (0,)), ((1,), (1,)))": -1.529597792608386e-20,
    "(((1,), (0,)), ((2,), (0,)))": 0.0004155117848043948,
    "(((1,), (0,)), ((2,), (1,)))": 1.1888810935353819e-18,
    "(((1,), (0,)), ((3,), (0,)))": 4.6459802515268756e-15,
    "(((1,), (0,)), ((3,), (1,)))": 1.0469957134095269e-18,
    "(((1,), (0,)), ((4,), (0,)))": -6.26663064489726e-19,
    "(((1,), (0,)), ((4,), (1,)))": -1.667219531847573e-17,
    "(((1,), (0,)), ((5,), (0,)))": -0.00016381046955055186,
    "(((1,), (0,)), ((5,), (1,)))": -2.724993776233517e-18,
    "(((1,), (0,)), ((6,), (0,)))": -7.262680157069098e-18,
    "(((1,), (0,)), ((6,), (1,)))": -0.0004269157629157003,
    "(((1,), (0,)), ((7,), (0,)))": 9.131708774824394e-19,
    "(((1,), (0,)), ((7,), (1,)))": -2.3863045279187992e-18,
    "(((1,), (1,)), ((0,), (0,)))": -3.2776216032851366e-20,
    "(((1,), (1,)), ((0,), (1,)))": -1.499316336638858e-16,
    "(((1,), (1,)), ((1,), (0,)))": -1.5295977926084146e-20,
    "(((1,), (1,)), ((1,), (1,)))": -0.0005518215538462042,
    "(((1,), (1,)), ((2,), (0,)))": 7.716378620366429e-19,
    "(((1,), (1,)), ((2,), (1,)))": 0.0005277055460723936,
    "(((1,), (1,)), ((3,), (0,)))": 4.414192461333251e-19,
    "(((1,), (1,)), ((3,), (1,)))": 5.896014650190193e-15,
    "(((1,), (1,)), ((4,), (0,)))": 3.1969603937347275e-17,
    "(((1,), (1,)), ((4,), (1,)))": -7.593539539844477e-19,
    "(((1,), (1,)), ((5,), (0,)))": 2.066547303840186e-18,
    "(((1,), (1,)), ((5,), (1,)))": -0.00020795695942929122,
    "(((1,), (1,)), ((6,), (0,)))": 0.00012250125588328322,
    "(((1,), (1,)), ((6,), (1,)))": 2.0048367550351455e-18,
    "(((1,), (1,)), ((7,), (0,)))": -5.378022113209688e-19,
    "(((1,), (1,)), ((7,), (1,)))": -3.612900494160391e-20,
    "(((2,), (0,)), ((0,), (0,)))": -3.417703567599457e-15,
    "(((2,), (0,)), ((0,), (1,)))": -2.292216524747249e-19,
    "(((2,), (0,)), ((1,), (0,)))": 0.00041551178480439473,
    "(((2,), (0,)), ((1,), (1,)))": 7.716378620366428e-19,
    "(((2,), (0,)), ((2,), (0,)))": -0.009302604305460215,
    "(((2,), (0,)), ((2,), (1,)))": 3.0674206391116836e-18,
    "(((2,), (0,)), ((3,), (0,)))": 1.2322150422830218e-16,
    "(((2,), (0,)), ((3,), (1,)))": 1.3823206186662553e-17,
    "(((2,), (0,)), ((4,), (0,)))": 2.0346866092772063e-17,
    "(((2,), (0,)), ((4,), (1,)))": 6.467926092433081e-16,
    "(((2,), (0,)), ((5,), (0,)))": 0.004387797984048234,
    "(((2,), (0,)), ((5,), (1,)))": 2.6652756900731367e-16,
    "(((2,), (0,)), ((6,), (0,)))": -7.122238066809423e-17,
    "(((2,), (0,)), ((6,), (1,)))": 0.021532965580514762,
    "(((2,), (0,)), ((7,), (0,)))": 2.5580119078646123e-17,
    "(((2,), (0,)), ((7,), (1,)))": 1.7014987001355738e-16,
    "(((2,), (1,)), ((0,), (0,)))": -1.2219365817613427e-19,
    "(((2,), (1,)), ((0,), (1,)))": -4.327778491326674e-15,
    "(((2,), (1,)), ((1,), (0,)))": 1.1888810935353829e-18,
    "(((2,), (1,)), ((1,), (1,)))": 0.0005277055460723937,
    "(((2,), (1,)), ((2,), (0,)))": 3.0674206391116732e-18,
    "(((2,), (1,)), ((2,), (1,)))": -0.02452119696353584,
    "(((2,), (1,)), ((3,), (0,)))": 2.945946581063374e-17,
    "(((2,), (1,)), ((3,), (1,)))": 1.222852121819734e-16,
    "(((2,), (1,)), ((4,), (0,)))": 2.7865501951911444e-15,
    "(((2,), (1,)), ((4,), (1,)))": -5.0457886376806466e-17,
    "(((2,), (1,)), ((5,), (0,)))": 3.905047196716381e-16,
    "(((2,), (1,)), ((5,), (1,)))": -0.023285363845244225,
    "(((2,), (1,)), ((6,), (0,)))": 0.03172202862580226,
    "(((2,), (1,)), ((6,), (1,)))": 2.815736364423318e-16,
    "(((2,), (1,)), ((7,), (0,)))": 1.3350382087446864e-16,
    "(((2,), (1,)), ((7,), (1,)))": -2.063188050411556e-17,
    "(((3,), (0,)), ((0,), (0,)))": 0.0005656161800391198,
    "(((3,), (0,)), ((0,), (1,)))": -6.966067246599398e-20,
    "(((3,), (0,)), ((1,), (0,)))": 4.6459427661500584e-15,
    "(((3,), (0,)), ((1,), (1,)))": 4.414192461333275e-19,
    "(((3,), (0,)), ((2,), (0,)))": 1.237080769974357e-16,
    "(((3,), (0,)), ((2,), (1,)))": 2.945946581063374e-17,
    "(((3,), (0,)), ((3,), (0,)))": -0.03422446218887837,
    "(((3,), (0,)), ((3,), (1,)))": 6.961968387728895e-18,
    "(((3,), (0,)), ((4,), (0,)))": 3.300324498398463e-17,
    "(((3,), (0,)), ((4,), (1,)))": -2.9029221874527206e-17,
    "(((3,), (0,)), ((5,), (0,)))": -3.648479165234791e-16,
    "(((3,), (0,)), ((5,), (1,)))": 5.6304266083404625e-18,
    "(((3,), (0,)), ((6,), (0,)))": -6.602288986320862e-17,
    "(((3,), (0,)), ((6,), (1,)))": -3.709270844825003e-16,
    "(((3,), (0,)), ((7,), (0,)))": -5.804756850261326e-17,
    "(((3,), (0,)), ((7,), (1,)))": -4.5896423639337564e-17,
    "(((3,), (1,)), ((0,), (0,)))": -1.0022760314991406e-19,
    "(((3,), (1,)), ((0,), (1,)))": 0.0007165036894057305,
    "(((3,), (1,)), ((1,), (0,)))": 1.0469957134095253e-18,
    "(((3,), (1,)), ((1,), (1,)))": 5.895633787991834e-15,
    "(((3,), (1,)), ((2,), (0,)))": 1.3823206186662553e-17,
    "(((3,), (1,)), ((2,), (1,)))": 1.2080390459440795e-16,
    "(((3,), (1,)), ((3,), (0,)))": 6.961968387728881e-18,
    "(((3,), (1,)), ((3,), (1,)))": -0.020674009088405457,
    "(((3,), (1,)), ((4,), (0,)))": -3.3085316527022072e-18,
    "(((3,), (1,)), ((4,), (1,)))": -1.6903381609414863e-18,
    "(((3,), (1,)), ((5,), (0,)))": -4.968175269428613e-17,
    "(((3,), (1,)), ((5,), (1,)))": 6.685676814513372e-16,
    "(((3,), (1,)), ((6,), (0,)))": -8.122173342035474e-16,
    "(((3,), (1,)), ((6,), (1,)))": 2.0613223037668987e-17,
    "(((3,), (1,)), ((7,), (0,)))": -3.2858424305995855e-16,
    "(((3,), (1,)), ((7,), (1,)))": -1.1653028789678059e-17,
    "(((4,), (0,)), ((0,), (0,)))": -1.6567161251386159e-19,
    "(((4,), (0,)), ((0,), (1,)))": -2.2521991426327505e-19,
    "(((4,), (0,)), ((1,), (0,)))": -6.266630644897261e-19,
    "(((4,), (0,)), ((1,), (1,)))": 3.215818623470593e-17,
    "(((4,), (0,)), ((2,), (0,)))": 2.0346866092772063e-17,
    "(((4,), (0,)), ((2,), (1,)))": 2.7885638870052507e-15,
    "(((4,), (0,)), ((3,), (0,)))": 3.300324498398462e-17,
    "(((4,), (0,)), ((3,), (1,)))": -1.489832095917974e-18,
    "(((4,), (0,)), ((4,), (0,)))": 0.042332828718569505,
    "(((4,), (0,)), ((4,), (1,)))": -4.3241659034992465e-18,
    "(((4,), (0,)), ((5,), (0,)))": -1.5776914537016278e-16,
    "(((4,), (0,)), ((5,), (1,)))": 7.905579916989336e-15,
    "(((4,), (0,)), ((6,), (0,)))": -1.7095529945495563e-14,
    "(((4,), (0,)), ((6,), (1,)))": 2.4309886990543313e-17,
    "(((4,), (0,)), ((7,), (0,)))": 3.7702515107759087e-16,
    "(((4,), (0,)), ((7,), (1,)))": 8.830308781371855e-17,
    "(((4,), (1,)), ((0,), (0,)))": 5.176636076170994e-19,
    "(((4,), (1,)), ((0,), (1,)))": -2.5810110518039465e-19,
    "(((4,), (1,)), ((1,), (0,)))": -1.6776490773720404e-17,
    "(((4,), (1,)), ((1,), (1,)))": -7.593539539844471e-19,
    "(((4,), (1,)), ((2,), (0,)))": 6.4536329174490155e-16,
    "(((4,), (1,)), ((2,), (1,)))": -5.0457886376806466e-17,
    "(((4,), (1,)), ((3,), (0,)))": -3.0583505030023824e-17,
    "(((4,), (1,)), ((3,), (1,)))": -1.690338160941489e-18,
    "(((4,), (1,)), ((4,), (0,)))": -4.324165903499241e-18,
    "(((4,), (1,)), ((4,), (1,)))": -0.012523076592003989,
    "(((4,), (1,)), ((5,), (0,)))": 2.538961896525565e-16,
    "(((4,), (1,)), ((5,), (1,)))": -1.23710887408553e-16,
    "(((4,), (1,)), ((6,), (0,)))": 1.180086888983128e-16,
    "(((4,), (1,)), ((6,), (1,)))": -5.989366818688322e-17,
    "(((4,), (1,)), ((7,), (0,)))": 7.130691971248994e-17,
    "(((4,), (1,)), ((7,), (1,)))": 2.4613246654735055e-18,
    "(((5,), (0,)), ((0,), (0,)))": 1.3508881596457643e-15,
    "(((5,), (0,)), ((0,), (1,)))": 1.6862951850094821e-19,
    "(((5,), (0,)), ((1,), (0,)))": -0.0001638104695505518,
    "(((5,), (0,)), ((1,), (1,)))": 2.0665473038401814e-18,
    "(((5,), (0,)), ((2,), (0,)))": 0.004387797984048234,
    "(((5,), (0,)), ((2,), (1,)))": 3.90504719671638e-16,
    "(((5,), (0,)), ((3,), (0,)))": -3.6450673451812824e-16,
    "(((5,), (0,)), ((3,), (1,)))": -4.968175269428611e-17,
    "(((5,), (0,)), ((4,), (0,)))": -1.5776914537016275e-16,
    "(((5,), (0,)), ((4,), (1,)))": 2.5328119344442065e-16,
    "(((5,), (0,)), ((5,), (0,)))": -0.01797925743217072,
    "(((5,), (0,)), ((5,), (1,)))": 9.660366123957953e-16,
    "(((5,), (0,)), ((6,), (0,)))": -2.7406396651054525e-15,
    "(((5,), (0,)), ((6,), (1,)))": 0.013940965810736339,
    "(((5,), (0,)), ((7,), (0,)))": 1.5772816386602308e-16,
    "(((5,), (0,)), ((7,), (1,)))": 1.1143149505469663e-16,
    "(((5,), (1,)), ((0,), (0,)))": 3.8440758790355207e-19,
    "(((5,), (1,)), ((0,), (1,)))": 1.7110449283752445e-15,
    "(((5,), (1,)), ((1,), (0,)))": -2.7249937762335156e-18,
    "(((5,), (1,)), ((1,), (1,)))": -0.0002079569594292912,
    "(((5,), (1,)), ((2,), (0,)))": 2.665275690073137e-16,
    "(((5,), (1,)), ((2,), (1,)))": -0.023285363845244225,
    "(((5,), (1,)), ((3,), (0,)))": 5.6304266083404625e-18,
    "(((5,), (1,)), ((3,), (1,)))": 6.697630759420972e-16,
    "(((5,), (1,)), ((4,), (0,)))": 7.906715519139773e-15,
    "(((5,), (1,)), ((4,), (1,)))": -1.23710887408553e-16,
    "(((5,), (1,)), ((5,), (0,)))": 9.660366123957953e-16,
    "(((5,), (1,)), ((5,), (1,)))": -0.06138870892823216,
    "(((5,), (1,)), ((6,), (0,)))": 0.06443273551370071,
    "(((5,), (1,)), ((6,), (1,)))": 5.710949897131403e-16,
    "(((5,), (1,)), ((7,), (0,)))": 2.2566609449190425e-16,
    "(((5,), (1,)), ((7,), (1,)))": -4.782060758993365e-17,
    "(((6,), (0,)), ((0,), (0,)))": -5.868308057088849e-19,
    "(((6,), (0,)), ((0,), (1,)))": -1.0102437263572965e-15,
    "(((6,), (0,)), ((1,), (0,)))": -7.262680157069098e-18,
    "(((6,), (0,)), ((1,), (1,)))": 0.00012250125588328365,
    "(((6,), (0,)), ((2,), (0,)))": -7.122238066809424e-17,
    "(((6,), (0,)), ((2,), (1,)))": 0.03172202862580226,
    "(((6,), (0,)), ((3,), (0,)))": -6.602288986320862e-17,
    "(((6,), (0,)), ((3,), (1,)))": -8.157062796885324e-16,
    "(((6,), (0,)), ((4,), (0,)))": -1.7095522177260904e-14,
    "(((6,), (0,)), ((4,), (1,)))": 1.1800868889831276e-16,
    "(((6,), (0,)), ((5,), (0,)))": -2.7406396651054525e-15,
    "(((6,), (0,)), ((5,), (1,)))": 0.0644327355137007,
    "(((6,), (0,)), ((6,), (0,)))": -0.23982301175850168,
    "(((6,), (0,)), ((6,), (1,)))": -9.404237072008004e-16,
    "(((6,), (0,)), ((7,), (0,)))": -1.9455932828621013e-15,
    "(((6,), (0,)), ((7,), (1,)))": 6.86117762544776e-17,
    "(((6,), (1,)), ((0,), (0,)))": 3.510486501335577e-15,
    "(((6,), (1,)), ((0,), (1,)))": -4.3545133591161875e-19,
    "(((6,), (1,)), ((1,), (0,)))": -0.0004269157629157007,
    "(((6,), (1,)), ((1,), (1,)))": 2.0048367550351444e-18,
    "(((6,), (1,)), ((2,), (0,)))": 0.021532965580514755,
    "(((6,), (1,)), ((2,), (1,)))": 2.8157363644233173e-16,
    "(((6,), (1,)), ((3,), (0,)))": -3.6939752402291166e-16,
    "(((6,), (1,)), ((3,), (1,)))": 2.0613223037668987e-17,
    "(((6,), (1,)), ((4,), (0,)))": 2.4309886990543264e-17,
    "(((6,), (1,)), ((4,), (1,)))": -5.976739679165864e-17,
    "(((6,), (1,)), ((5,), (0,)))": 0.013940965810736325,
    "(((6,), (1,)), ((5,), (1,)))": 5.710949897131404e-16,
    "(((6,), (1,)), ((6,), (0,)))": -9.404237072008002e-16,
    "(((6,), (1,)), ((6,), (1,)))": -0.014363419554800978,
    "(((6,), (1,)), ((7,), (0,)))": 1.660496773177915e-17,
    "(((6,), (1,)), ((7,), (1,)))": 4.042124336114304e-17,
    "(((7,), (0,)), ((0,), (0,)))": -5.8589187985733215e-18,
    "(((7,), (0,)), ((0,), (1,)))": 2.1749049343603518e-18,
    "(((7,), (0,)), ((1,), (0,)))": 9.131708774824392e-19,
    "(((7,), (0,)), ((1,), (1,)))": -5.669776979165606e-19,
    "(((7,), (0,)), ((2,), (0,)))": 2.558011907864612e-17,
    "(((7,), (0,)), ((2,), (1,)))": 1.3440439378926893e-16,
    "(((7,), (0,)), ((3,), (0,)))": -5.804756850261328e-17,
    "(((7,), (0,)), ((3,), (1,)))": -3.266641368493802e-16,
    "(((7,), (0,)), ((4,), (0,)))": 3.7688259120527006e-16,
    "(((7,), (0,)), ((4,), (1,)))": 7.130691971248994e-17,
    "(((7,), (0,)), ((5,), (0,)))": 1.5772816386602308e-16,
    "(((7,), (0,)), ((5,), (1,)))": 2.2588353437372687e-16,
    "(((7,), (0,)), ((6,), (0,)))": -1.945754228763706e-15,
    "(((7,), (0,)), ((6,), (1,)))": 1.660496773177915e-17,
    "(((7,), (0,)), ((7,), (0,)))": -0.1778411690757271,
    "(((7,), (0,)), ((7,), (1,)))": 1.6509449273567158e-17,
    "(((7,), (1,)), ((0,), (0,)))": 4.296136999715877e-19,
    "(((7,), (1,)), ((0,), (1,)))": -5.310175986461967e-19,
    "(((7,), (1,)), ((1,), (0,)))": -2.3223557332977004e-18,
    "(((7,), (1,)), ((1,), (1,)))": -3.612900494160386e-20,
    "(((7,), (1,)), ((2,), (0,)))": 1.6882613155518453e-16,
    "(((7,), (1,)), ((2,), (1,)))": -2.063188050411556e-17,
    "(((7,), (1,)), ((3,), (0,)))": -4.7104887054965783e-17,
    "(((7,), (1,)), ((3,), (1,)))": -1.1653028789678059e-17,
    "(((7,), (1,)), ((4,), (0,)))": 8.830308781371855e-17,
    "(((7,), (1,)), ((4,), (1,)))": 2.63861590177472e-18,
    "(((7,), (1,)), ((5,), (0,)))": 1.1138600048276259e-16,
    "(((7,), (1,)), ((5,), (1,)))": -4.782060758993365e-17,
    "(((7,), (1,)), ((6,), (0,)))": 6.861177625447758e-17,
    "(((7,), (1,)), ((6,), (1,)))": 4.0402628245997885e-17,
    "(((7,), (1,)), ((7,), (0,)))": 1.6509449273567155e-17,
    "(((7,), (1,)), ((7,), (1,)))": -0.019250737886793864
  },
  "RSOPM": [
    [
      0.9999892887860607,
      0.9999798300249928,
      0.9755049167406108,
      0.9843574515751122,
      0.9824441283490765,
      0.9189721723156598,
      0.4279858961228895,
      0.7119229372250645,
      0.8855969110597559,
      0.11316077808926384,
      0.9999817844829767,
      0.9999798300249928,
      0.9755049167406108,
      0.9843649534476583,
      0.9824441283490765,
      0.9189721723156598,
      0.4279858961228895,
      0.7119229372250645,
      0.8855969110597559,
      0.11316078051980191
    ],
    [
      0.9999798300249928,
      0.9999905412389322,
      0.9755061691934822,
      0.9843587040279836,
      0.9824453808019479,
      0.9189734247685309,
      0.4279871485757609,
      0.7119241896779359,
      0.8855963870365802,
      0.11316255456531078,
      0.9999798300249928,
      0.9999840731585464,
      0.9755102304822111,
      0.9843587040279836,
      0.9824453808019479,
      0.9189740556715486,
      0.4279889244644003,
      0.7119241896779359,
      0.885597892728673,
      0.11316104887321819
    ],
    [
      0.9755049167406108,
      0.9755061691934822,
      0.9755156279545502,
      0.9598837907436016,
      0.9579704675175659,
      0.8944985114841489,
      0.4035122352913789,
      0.6874492763935539,
      0.8804718907065154,
      0.09381213761099352,
      0.9755049167406108,
      0.9755102304822109,
      0.9572235030561146,
      0.9598837907436016,
      0.9579704675175659,
      0.8995531286196609,
      0.4167456817655738,
      0.6874492763935539,
      0.8755869048830971,
      0.09869712343441205
    ],
    [
      0.9843574515751122,
      0.9843587040279836,
      0.9598837907436016,
      0.9843681627890518,
      0.9668230023520675,
      0.9033510463186506,
      0.4123647701258804,
      0.6963018112280555,
      0.8750523046592544,
      0.10808425849275606,
      0.9843649534476583,
      0.9843587040279836,
      0.9598837907436016,
      0.9831290637100026,
      0.9668230023520675,
      0.9033510463186506,
      0.4123647701258804,
      0.6963018112280555,
      0.8750523046592547,
      0.10931585569925906
    ],
    [
      0.9824441283490765,
      0.9824453808019479,
      0.9579704675175659,
      0.9668230023520675,
      0.9824548395630158,
      0.9014377230926148,
      0.41045144689984464,
      0.6943884880020196,
      0.8694667698433758,
      0.11175647008259898,
      0.9824441283490765,
      0.9824453808019479,
      0.9579704675175659,
      0.9668230023520675,
      0.9824548395630158,
      0.9014377230926148,
      0.4104514468998446,
      0.6943884880020196,
      0.8694667698433758,
      0.11175647008259897
    ],
    [
      0.9189721723156598,
      0.9189734247685309,
      0.8944985114841489,
      0.9033510463186506,
      0.9014377230926148,
      0.9189828835295991,
      0.34697949086642776,
      0.6309165319686028,
      0.8807667141681024,
      0.03698456972445558,
      0.9189721723156598,
      0.9189740556715486,
      0.8995531286196609,
      0.9033510463186506,
      0.9014377230926148,
      0.874802916003444,
      0.3861042103540536,
      0.6309165319686028,
      0.8451413209446368,
      0.0726099629479212
    ],
    [
      0.4279858961228895,
      0.4279871485757609,
      0.4035122352913789,
      0.4123647701258804,
      0.41045144689984464,
      0.34697949086642776,
      0.427996607336829,
      0.13993025577583265,
      0.3213795246616756,
      0.1053854830381123,
      0.4279858961228895,
      0.4279889244644003,
      0.41674568176557386,
      0.4123647701258804,
      0.41045144689984464,
      0.3861042103540537,
      0.37563666548636865,
      0.13993025577583265,
      0.36188839801646716,
      0.06487660968332072
    ],
    [
      0.7119229372250645,
      0.7119241896779359,
      0.6874492763935539,
      0.6963018112280555,
      0.6943884880020196,
      0.6309165319686028,
      0.13993025577583265,
      0.711933648439004,
      0.600870009038918,
      0.10983203976304484,
      0.7119229372250645,
      0.7119241896779358,
      0.6874492763935539,
      0.6963018112280555,
      0.6943884880020196,
      0.6309165319686028,
      0.13993025577583262,
      0.711933648439004,
      0.600870009038918,
      0.10983203976304484
    ],
    [
      0.8855969110597559,
      0.8855963870365802,
      0.8804718907065154,
      0.8750523046592544,
      0.8694667698433758,
      0.8807667141681024,
      0.3213795246616756,
      0.600870009038918,
      0.8856000730248825,
      0.0,
      0.8855969110597559,
      0.885597892728673,
      0.8755869048830971,
      0.8750523046592544,
      0.8694667698433758,
      0.8451413209446368,
      0.36188839801646716,
      0.600870009038918,
      0.8332401311744222,
      0.05235994185046025
    ],
    [
      0.11316077808926384,
      0.11316255456531078,
      0.09381213761099352,
      0.10808425849275606,
      0.11175647008259898,
      0.03698456972445558,
      0.1053854830381123,
      0.10983203976304484,
      0.0,
      0.11316832733807655,
      0.11316078051980193,
      0.1131610488732182,
      0.09869712343441205,
      0.10931585569925906,
      0.11175647008259898,
      0.07260996294792121,
      0.06487660968332071,
      0.10983203976304484,
      0.05235994185046025,
      0.05957678585057523
    ],
    [
      0.9999817844829767,
      0.9999798300249928,
      0.9755049167406108,
      0.9843649534476583,
      0.9824441283490765,
      0.9189721723156598,
      0.4279858961228895,
      0.7119229372250645,
      0.8855969110597559,
      0.11316078051980193,
      0.9999892887860607,
      0.9999798300249928,
      0.9755049167406108,
      0.9843574515751122,
      0.9824441283490765,
      0.9189721723156598,
      0.4279858961228895,
      0.7119229372250645,
      0.8855969110597559,
      0.11316077808926382
    ],
    [
      0.9999798300249928,
      0.9999840731585464,
      0.9755102304822109,
      0.9843587040279836,
      0.9824453808019479,
      0.9189740556715486,
      0.4279889244644003,
      0.7119241896779358,
      0.885597892728673,
      0.1131610488732182,
      0.9999798300249928,
      0.9999905412389322,
      0.9755061691934822,
      0.9843587040279836,
      0.9824453808019479,
      0.9189734247685309,
      0.42798714857576087,
      0.7119241896779358,
      0.8855963870365804,
      0.11316255456531078
    ],
    [
      0.9755049167406108,
      0.9755102304822111,
      0.9572235030561146,
      0.9598837907436016,
      0.9579704675175659,
      0.8995531286196609,
      0.41674568176557386,
      0.6874492763935539,
      0.8755869048830971,
      0.09869712343441205,
      0.9755049167406108,
      0.9755061691934822,
      0.9755156279545502,
      0.9598837907436016,
      0.9579704675175659,
      0.8944985114841489,
      0.40351223529137886,
      0.6874492763935539,
      0.8804718907065157,
      0.09381213761099351
    ],
    [
      0.9843649534476583,
      0.9843587040279836,
      0.9598837907436016,
      0.9831290637100026,
      0.9668230023520675,
      0.9033510463186506,
      0.4123647701258804,
      0.6963018112280555,
      0.8750523046592544,
      0.10931585569925906,
      0.9843574515751122,
      0.9843587040279836,
      0.9598837907436016,
      0.9843681627890518,
      0.9668230023520675,
      0.9033510463186506,
      0.4123647701258804,
      0.6963018112280555,
      0.8750523046592547,
      0.10808425849275606
    ],
    [
      0.9824441283490765,
      0.9824453808019479,
      0.9579704675175659,
      0.9668230023520675,
      0.9824548395630158,
      0.9014377230926148,
      0.41045144689984464,
      0.6943884880020196,
      0.8694667698433758,
      0.11175647008259898,
      0.9824441283490765,
      0.9824453808019479,
      0.9579704675175659,
      0.9668230023520675,
      0.9824548395630158,
      0.9014377230926148,
      0.4104514468998446,
      0.6943884880020196,
      0.8694667698433758,
      0.11175647008259897
    ],
    [
      0.9189721723156598,
      0.9189740556715486,
      0.8995531286196609,
      0.9033510463186506,
      0.9014377230926148,
      0.874802916003444,
      0.3861042103540537,
      0.6309165319686028,
      0.8451413209446368,
      0.07260996294792121,
      0.9189721723156598,
      0.9189734247685309,
      0.8944985114841489,
      0.9033510463186506,
      0.9014377230926148,
      0.9189828835295991,
      0.34697949086642776,
      0.6309165319686028,
      0.8807667141681024,
      0.03698456972445559
    ],
    [
      0.4279858961228895,
      0.4279889244644003,
      0.4167456817655738,
      0.4123647701258804,
      0.4104514468998446,
      0.3861042103540536,
      0.37563666548636865,
      0.13993025577583262,
      0.36188839801646716,
      0.06487660968332071,
      0.4279858961228895,
      0.42798714857576087,
      0.40351223529137886,
      0.4123647701258804,
      0.4104514468998446,
      0.34697949086642776,
      0.4279966073368289,
      0.13993025577583262,
      0.3213795246616756,
      0.10538548303811228
    ],
    [
      0.7119229372250645,
      0.7119241896779359,
      0.6874492763935539,
      0.6963018112280555,
      0.6943884880020196,
      0.6309165319686028,
      0.13993025577583265,
      0.711933648439004,
      0.600870009038918,
      0.10983203976304484,
      0.7119229372250645,
      0.7119241896779358,
      0.6874492763935539,
      0.6963018112280555,
      0.6943884880020196,
      0.6309165319686028,
      0.13993025577583262,
      0.711933648439004,
      0.600870009038918,
      0.10983203976304484
    ],
    [
      0.8855969110597559,
      0.885597892728673,
      0.8755869048830971,
      0.8750523046592547,
      0.8694667698433758,
      0.8451413209446368,
      0.36188839801646716,
      0.600870009038918,
      0.8332401311744222,
      0.05235994185046025,
      0.8855969110597559,
      0.8855963870365804,
      0.8804718907065157,
      0.8750523046592547,
      0.8694667698433758,
      0.8807667141681024,
      0.3213795246616756,
      0.600870009038918,
      0.8856000730248825,
      0.0
    ],
    [
      0.11316078051980191,
      0.11316104887321819,
      0.09869712343441205,
      0.10931585569925906,
      0.11175647008259897,
      0.0726099629479212,
      0.06487660968332072,
      0.10983203976304484,
      0.05235994185046025,
      0.05957678585057523,
      0.11316077808926382,
      0.11316255456531078,
      0.09381213761099351,
      0.10808425849275606,
      0.11175647008259897,
      0.03698456972445559,
      0.10538548303811228,
      0.10983203976304484,
      0.0,
      0.11316832733807655
    ]
  ],
  "RNCS": [
    22.474062355167227,
    23.527986420227723,
    0.483155743320252,
    0.6061046626610067,
    0.5718130462561591,
    0.2615022394936061,
    0.07855713240269849,
    0.1295196773665485,
    0.21793690895327267,
    0.035249085831181345,
    22.47406235516679,
    23.52798642022785,
    0.48315574332025196,
    0.6061046626610066,
    0.5718130462561595,
    0.26150223949360607,
    0.07855713240269849,
    0.1295196773665485,
    0.2179369089532727,
    0.035249085831181325
  ]
}