{
  "E": -15.594262704574875,
  "sol": {
    "(((), ()), ((), ()))": 0.9868719076332144,
    "(((0,), (0,)), ((), ()))": -5.396820346753462e-18,
    "(((), ()), ((0,), (0,)))": -5.396820346753462e-18,
    "(((0,), (1,)), ((), ()))": -3.447745393386694e-18,
    "(((), ()), ((0,), (1,)))": -3.447745393386694e-18,
    "(((0,), (2,)), ((), ()))": 0.00034539472871320063,
    "(((), ()), ((0,), (2,)))": 0.00034539472871320063,
    "(((0,), (3,)), ((), ()))": 3.487694039973428e-17,
    "(((), ()), ((0,), (3,)))": 3.487694039973428e-17,
    "(((1,), (0,)), ((), ()))": -1.6389227338660942e-16,
    "(((), ()), ((1,), (0,)))": -1.6389227338660942e-16,
    "(((1,), (1,)), ((), ()))": 1.5712972519368728e-17,
    "(((), ()), ((1,), (1,)))": 1.5712972519368728e-17,
    "(((1,), (2,)), ((), ()))": -0.010296211546496816,
    "(((), ()), ((1,), (2,)))": -0.010296211546496816,
    "(((1,), (3,)), ((), ()))": -4.3937623938694034e-16,
    "(((), ()), ((1,), (3,)))": -4.3937623938694034e-16,
    "(((2,), (0,)), ((), ()))": 1.0282142859758811e-17,
    "(((), ()), ((2,), (0,)))": 1.0282142859758811e-17,
    "(((2,), (1,)), ((), ()))": 2.85637216988624e-17,
    "(((), ()), ((2,), (1,)))": 2.85637216988624e-17,
    "(((2,), (2,)), ((), ()))": -5.923491504491751e-16,
    "(((), ()), ((2,), (2,)))": -5.923491504491751e-16,
    "(((2,), (3,)), ((), ()))": -0.0033745828557451892,
    "(((), ()), ((2,), (3,)))": -0.0033745828557451892,
    "(((0,), (0,)), ((0,), (0,)))": -0.001506318993954474,
    "(((0,), (0,)), ((0,), (1,)))": -8.956691519047498e-21,
    "(((0,), (0,)), ((0,), (2,)))": 2.9323698310035527e-20,
    "(((0,), (0,)), ((0,), (3,)))": 4.311197243834818e-20,
    "(((0,), (0,)), ((1,), (0,)))": 0.003082763262553825,
    "(((0,), (0,)), ((1,), (1,)))": -3.3768271801388555e-22,
    "(((0,), (0,)), ((1,), (2,)))": 1.6785620806332346e-18,
    "(((0,), (0,)), ((1,), (3,)))": -2.528095757998291e-20,
    "(((0,), (0,)), ((2,), (0,)))": 3.8830349475224334e-19,
    "(((0,), (0,)), ((2,), (1,)))": 1.6865305763807526e-20,
    "(((0,), (0,)), ((2,), (2,)))": -3.680434155208622e-19,
    "(((0,), (0,)), ((2,), (3,)))": -1.9512364761127863e-19,
    "(((0,), (1,)), ((0,), (0,)))": -2.258745399044709e-20,
    "(((0,), (1,)), ((0,), (1,)))": -0.0015063189939544736,
    "(((0,), (1,)), ((0,), (2,)))": -2.6286322007651676e-19,
    "(((0,), (1,)), ((0,), (3,)))": 3.829291483710824e-20,
    "(((0,), (1,)), ((1,), (0,)))": -6.084871247628305e-20,
    "(((0,), (1,)), ((1,), (1,)))": 0.003082763262553825,
    "(((0,), (1,)), ((1,), (2,)))": 2.7170562228460254e-18,
    "(((0,), (1,)), ((1,), (3,)))": 2.5850045780395638e-20,
    "(((0,), (1,)), ((2,), (0,)))": -2.2318041474087893e-21,
    "(((0,), (1,)), ((2,), (1,)))": 4.623764819717213e-19,
    "(((0,), (1,)), ((2,), (2,)))": -9.853338685640634e-19,
    "(((0,), (1,)), ((2,), (3,)))": -4.100634760765835e-19,
    "(((0,), (2,)), ((0,), (0,)))": 2.932369831003485e-20,
    "(((0,), (2,)), ((0,), (1,)))": -2.628632200765156e-19,
    "(((0,), (2,)), ((0,), (2,)))": -0.0018777088812683767,
    "(((0,), (2,)), ((0,), (3,)))": -8.54244512966386e-18,
    "(((0,), (2,)), ((1,), (0,)))": 3.160274536994792e-19,
    "(((0,), (2,)), ((1,), (1,)))": 2.076644332266422e-18,
    "(((0,), (2,)), ((1,), (2,)))": -0.0008069436594491996,
    "(((0,), (2,)), ((1,), (3,)))": 2.4180480555554817e-18,
    "(((0,), (2,)), ((2,), (0,)))": 7.399825609566307e-20,
    "(((0,), (2,)), ((2,), (1,)))": 2.1210906879953361e-19,
    "(((0,), (2,)), ((2,), (2,)))": -2.1896614729828312e-17,
    "(((0,), (2,)), ((2,), (3,)))": 0.00046887610328081534,
    "(((0,), (3,)), ((0,), (0,)))": 4.3111972438348225e-20,
    "(((0,), (3,)), ((0,), (1,)))": 3.829291483710774e-20,
    "(((0,), (3,)), ((0,), (2,)))": -8.2925721154947e-18,
    "(((0,), (3,)), ((0,), (3,)))": -0.0017691257849730278,
    "(((0,), (3,)), ((1,), (0,)))": -1.1392563048103637e-19,
    "(((0,), (3,)), ((1,), (1,)))": -2.20224556143104e-19,
    "(((0,), (3,)), ((1,), (2,)))": 4.0917682241260654e-18,
    "(((0,), (3,)), ((1,), (3,)))": 0.0012921654605847633,
    "(((0,), (3,)), ((2,), (0,)))": 4.405659457550632e-20,
    "(((0,), (3,)), ((2,), (1,)))": -1.6141846615939567e-19,
    "(((0,), (3,)), ((2,), (2,)))": 0.0004049259856765317,
    "(((0,), (3,)), ((2,), (3,)))": 2.3904669243668757e-19,
    "(((1,), (0,)), ((0,), (0,)))": 0.0030827632625538256,
    "(((1,), (0,)), ((0,), (1,)))": -1.9172702276249302e-19,
    "(((1,), (0,)), ((0,), (2,)))": 3.1602745369947967e-19,
    "(((1,), (0,)), ((0,), (3,)))": -1.1392563048103627e-19,
    "(((1,), (0,)), ((1,), (0,)))": -0.05294028161001077,
    "(((1,), (0,)), ((1,), (1,)))": 1.0528680051450731e-18,
    "(((1,), (0,)), ((1,), (2,)))": -3.598208858979099e-17,
    "(((1,), (0,)), ((1,), (3,)))": -1.9669287321380364e-18,
    "(((1,), (0,)), ((2,), (0,)))": 6.379152973057204e-17,
    "(((1,), (0,)), ((2,), (1,)))": -6.027060235725817e-19,
    "(((1,), (0,)), ((2,), (2,)))": 9.667762479829744e-18,
    "(((1,), (0,)), ((2,), (3,)))": 1.2352378704036455e-17,
    "(((1,), (1,)), ((0,), (0,)))": 1.142733068401995e-19,
    "(((1,), (1,)), ((0,), (1,)))": 0.0030827632625538256,
    "(((1,), (1,)), ((0,), (2,)))": 2.076644332266419e-18,
    "(((1,), (1,)), ((0,), (3,)))": -2.2022455614310454e-19,
    "(((1,), (1,)), ((1,), (0,)))": 3.646451317957562e-18,
    "(((1,), (1,)), ((1,), (1,)))": -0.05294028161001072,
    "(((1,), (1,)), ((1,), (2,)))": -3.018030787001951e-17,
    "(((1,), (1,)), ((1,), (3,)))": -6.525695555276062e-18,
    "(((1,), (1,)), ((2,), (0,)))": 1.1503505250961712e-18,
    "(((1,), (1,)), ((2,), (1,)))": 6.460754088485263e-17,
    "(((1,), (1,)), ((2,), (2,)))": 2.7529148692322703e-17,
    "(((1,), (1,)), ((2,), (3,)))": -5.26441670210224e-18,
    "(((1,), (2,)), ((0,), (0,)))": 1.678562080633235e-18,
    "(((1,), (2,)), ((0,), (1,)))": 2.717056222846027e-18,
    "(((1,), (2,)), ((0,), (2,)))": -0.0008069436594491979,
    "(((1,), (2,)), ((0,), (3,)))": 2.9989795005649353e-18,
    "(((1,), (2,)), ((1,), (0,)))": -3.598208858979099e-17,
    "(((1,), (2,)), ((1,), (1,)))": -3.0180307870019495e-17,
    "(((1,), (2,)), ((1,), (2,)))": -0.05804214108965476,
    "(((1,), (2,)), ((1,), (3,)))": 6.760675074689667e-17,
    "(((1,), (2,)), ((2,), (0,)))": 8.595442214226199e-18,
    "(((1,), (2,)), ((2,), (1,)))": 2.490177781409304e-17,
    "(((1,), (2,)), ((2,), (2,)))": -3.310064197600622e-16,
    "(((1,), (2,)), ((2,), (3,)))": 0.04868531630834063,
    "(((1,), (3,)), ((0,), (0,)))": -2.5280957579983186e-20,
    "(((1,), (3,)), ((0,), (1,)))": 2.585004578039583e-20,
    "(((1,), (3,)), ((0,), (2,)))": 3.192257265300012e-18,
    "(((1,), (3,)), ((0,), (3,)))": 0.0012921654605847633,
    "(((1,), (3,)), ((1,), (0,)))": -1.9669287321380145e-18,
    "(((1,), (3,)), ((1,), (1,)))": -6.52569555527607e-18,
    "(((1,), (3,)), ((1,), (2,)))": 1.3201777315655452e-16,
    "(((1,), (3,)), ((1,), (3,)))": -0.027992960161916124,
    "(((1,), (3,)), ((2,), (0,)))": 5.960773270385467e-18,
    "(((1,), (3,)), ((2,), (1,)))": -5.659270433123621e-18,
    "(((1,), (3,)), ((2,), (2,)))": 0.042257918987206926,
    "(((1,), (3,)), ((2,), (3,)))": 2.7216901909548974e-16,
    "(((2,), (0,)), ((0,), (0,)))": 4.84992409070105e-19,
    "(((2,), (0,)), ((0,), (1,)))": -1.3340925327661923e-20,
    "(((2,), (0,)), ((0,), (2,)))": 7.399825609566398e-20,
    "(((2,), (0,)), ((0,), (3,)))": 4.4056594575506707e-20,
    "(((2,), (0,)), ((1,), (0,)))": 6.190876916452133e-17,
    "(((2,), (0,)), ((1,), (1,)))": 5.830148899343562e-20,
    "(((2,), (0,)), ((1,), (2,)))": 8.595442214226217e-18,
    "(((2,), (0,)), ((1,), (3,)))": 5.960773270385478e-18,
    "(((2,), (0,)), ((2,), (0,)))": -0.001145732345975977,
    "(((2,), (0,)), ((2,), (1,)))": -1.6912332474206256e-18,
    "(((2,), (0,)), ((2,), (2,)))": 3.509237882342601e-18,
    "(((2,), (0,)), ((2,), (3,)))": -8.658861621375381e-18,
    "(((2,), (1,)), ((0,), (0,)))": 3.5586725768908385e-20,
    "(((2,), (1,)), ((0,), (1,)))": 5.732311273913438e-19,
    "(((2,), (1,)), ((0,), (2,)))": 2.1210906879953592e-19,
    "(((2,), (1,)), ((0,), (3,)))": -1.6141846615939754e-19,
    "(((2,), (1,)), ((1,), (0,)))": 1.577238034637038e-19,
    "(((2,), (1,)), ((1,), (1,)))": 6.32031177098373e-17,
    "(((2,), (1,)), ((1,), (2,)))": 2.4901777814093057e-17,
    "(((2,), (1,)), ((1,), (3,)))": -5.659270433123595e-18,
    "(((2,), (1,)), ((2,), (0,)))": 2.4704471763941885e-19,
    "(((2,), (1,)), ((2,), (1,)))": -0.0011457323459759718,
    "(((2,), (1,)), ((2,), (2,)))": 2.0380854537753374e-17,
    "(((2,), (1,)), ((2,), (3,)))": -2.471506520714052e-17,
    "(((2,), (2,)), ((0,), (0,)))": -3.6804341552086326e-19,
    "(((2,), (2,)), ((0,), (1,)))": -9.853338685640647e-19,
    "(((2,), (2,)), ((0,), (2,)))": -2.2070978211559436e-17,
    "(((2,), (2,)), ((0,), (3,)))": 0.00040492598567653176,
    "(((2,), (2,)), ((1,), (0,)))": 9.667762479829721e-18,
    "(((2,), (2,)), ((1,), (1,)))": 2.752914869232268e-17,
    "(((2,), (2,)), ((1,), (2,)))": -3.2537253333307443e-16,
    "(((2,), (2,)), ((1,), (3,)))": 0.04225791898720688,
    "(((2,), (2,)), ((2,), (0,)))": 3.509237882342612e-18,
    "(((2,), (2,)), ((2,), (1,)))": 2.038085453775338e-17,
    "(((2,), (2,)), ((2,), (2,)))": -0.07738718776621699,
    "(((2,), (2,)), ((2,), (3,)))": -3.746283252400589e-16,
    "(((2,), (3,)), ((0,), (0,)))": -1.9512364761127945e-19,
    "(((2,), (3,)), ((0,), (1,)))": -4.100634760765808e-19,
    "(((2,), (3,)), ((0,), (2,)))": 0.0004688761032808112,
    "(((2,), (3,)), ((0,), (3,)))": 6.972947889198722e-19,
    "(((2,), (3,)), ((1,), (0,)))": 1.2352378704036438e-17,
    "(((2,), (3,)), ((1,), (1,)))": -5.264416702102268e-18,
    "(((2,), (3,)), ((1,), (2,)))": 0.048685316308340665,
    "(((2,), (3,)), ((1,), (3,)))": 2.7453430997358623e-16,
    "(((2,), (3,)), ((2,), (0,)))": -8.65886162137539e-18,
    "(((2,), (3,)), ((2,), (1,)))": -2.471506520714053e-17,
    "(((2,), (3,)), ((2,), (2,)))": -2.753652243475702e-16,
    "(((2,), (3,)), ((2,), (3,)))": -0.04062417475565652
  },
  "RSOPM": [
    [
      0.9987298894871853,
      0.4587097940607742,
      0.544539850211464,
      0.10820611376561536,
      0.10820611376561515,
      0.5238405230931008,
      0.2539573840778009,
      0.9978902817031029,
      0.45953005245945333,
      0.5445546114437401,
      0.10820611376561536,
      0.10820611376561515,
      0.5238472603674835,
      0.2539552349565453
    ],
    [
      0.4587097940607742,
      0.45997990457358895,
      0.005789865297867758,
      0.0005032508266743409,
      0.0005032508266743403,
      0.2991856740237059,
      0.15526797411148133,
      0.4595300524594532,
      0.2952440350926124,
      0.16562828208952857,
      0.0005032508266743409,
      0.0005032508266743403,
      0.3257436827542336,
      0.13278715967159044
    ],
    [
      0.544539850211464,
      0.005789865297867758,
      0.5458099607242788,
      0.10860839215550608,
      0.10860839215550587,
      0.22500222456264146,
      0.0990711970655723,
      0.5445546114437402,
      0.1656282820895286,
      0.3855188103590527,
      0.10860839215550608,
      0.10860839215550587,
      0.20251926100149562,
      0.12199213296800719
    ],
    [
      0.10820611376561536,
      0.0005032508266743409,
      0.10860839215550608,
      0.10865887837389789,
      0.0,
      0.0,
      0.0,
      0.10820611376561536,
      0.0005032508266743409,
      0.10860839215550608,
      0.10865887837389789,
      1.6817513801525996e-34,
      5.682166796544287e-32,
      1.0269225701457141e-32
    ],
    [
      0.10820611376561515,
      0.0005032508266743403,
      0.10860839215550587,
      0.0,
      0.10865887837389768,
      0.0,
      0.0,
      0.10820611376561515,
      0.0005032508266743404,
      0.10860839215550587,
      5.662954051042552e-34,
      0.10865887837389768,
      1.0449371102390643e-31,
      2.743739629561172e-32
    ],
    [
      0.5238405230931008,
      0.2991856740237059,
      0.22500222456264146,
      0.0,
      0.0,
      0.5240142108397241,
      0.0,
      0.5238472603674833,
      0.3257436827542335,
      0.20251926100149548,
      5.682166796544284e-32,
      1.0449371102390635e-31,
      0.3600792503720234,
      0.15985317802393678
    ],
    [
      0.2539573840778009,
      0.15526797411148133,
      0.0990711970655723,
      0.0,
      0.0,
      0.0,
      0.25414827762742725,
      0.2539552349565456,
      0.1327871596715906,
      0.12199213296800733,
      1.0269225701457122e-32,
      2.7437396295611767e-32,
      0.15985317802393706,
      0.0938571272622011
    ],
    [
      0.9978902817031029,
      0.4595300524594532,
      0.5445546114437402,
      0.10820611376561536,
      0.10820611376561515,
      0.5238472603674833,
      0.2539552349565456,
      0.9987298894871853,
      0.45870979406077433,
      0.544539850211464,
      0.10820611376561536,
      0.10820611376561515,
      0.5238405230931011,
      0.25395738407780055
    ],
    [
      0.45953005245945333,
      0.2952440350926124,
      0.1656282820895286,
      0.0005032508266743409,
      0.0005032508266743404,
      0.3257436827542335,
      0.1327871596715906,
      0.45870979406077433,
      0.45997990457358906,
      0.005789865297867757,
      0.0005032508266743409,
      0.0005032508266743404,
      0.2991856740237061,
      0.1552679741114812
    ],
    [
      0.5445546114437401,
      0.16562828208952857,
      0.3855188103590527,
      0.10860839215550608,
      0.10860839215550587,
      0.20251926100149548,
      0.12199213296800733,
      0.544539850211464,
      0.005789865297867757,
      0.5458099607242788,
      0.10860839215550608,
      0.10860839215550587,
      0.2250022245626416,
      0.09907119706557213
    ],
    [
      0.10820611376561536,
      0.0005032508266743409,
      0.10860839215550608,
      0.10865887837389789,
      5.662954051042552e-34,
      5.682166796544284e-32,
      1.0269225701457122e-32,
      0.10820611376561536,
      0.0005032508266743409,
      0.10860839215550608,
      0.10865887837389789,
      0.0,
      0.0,
      0.0
    ],
    [
      0.10820611376561515,
      0.0005032508266743403,
      0.10860839215550587,
      1.6817513801525996e-34,
      0.10865887837389768,
      1.0449371102390635e-31,
      2.7437396295611767e-32,
      0.10820611376561515,
      0.0005032508266743404,
      0.10860839215550587,
      0.0,
      0.10865887837389768,
      0.0,
      0.0
    ],
    [
      0.5238472603674835,
      0.3257436827542336,
      0.20251926100149562,
      5.682166796544287e-32,
      1.0449371102390643e-31,
      0.3600792503720234,
      0.15985317802393706,
      0.5238405230931011,
      0.2991856740237061,
      0.2250022245626416,
      0.0,
      0.0,
      0.5240142108397243,
      0.0
    ],
    [
      0.2539552349565453,
      0.13278715967159044,
      0.12199213296800719,
      1.0269225701457141e-32,
      2.743739629561172e-32,
      0.15985317802393678,
      0.0938571272622011,
      0.25395738407780055,
      0.1552679741114812,
      0.09907119706557213,
      0.0,
      0.0,
      0.0,
      0.2541482776274269
    ]
  ],
  "RNCS": [
    6.1469401245304285,
    0.22485372038690438,
    0.2620045935162388,
    0.09169634798296233,
    0.09169634798296225,
    0.25198558955886274,
    0.14884134603631546,
    6.146940124530426,
    0.22485372038690443,
    0.2620045935162388,
    0.09169634798296233,
    0.09169634798296225,
    0.25198558955886285,
    0.14884134603631533
  ]
}