Initialising molecule solver Zombie_states_testing_SCF_fixed at log_verbosity = 5
| Initialising Data Storage Manager...
| Initialising self-analysis properties...
\_
Initialising molecule...
| Building molecule...
| | There are 10 atomic orbitals, each able to hold 2 electrons of opposing spin.
| | The molecule is occupied by 6 electrons in total: 3 with spin alpha, 3 with spin beta.
| | The molecule consists of the following atoms: ['Li', 'Li']
| | The atomic orbitals are ordered as follows: ['0 Li 1s    ', '0 Li 2s    ', '0 Li 2px   ', '0 Li 2py   ', '0 Li 2pz   ', '1 Li 1s    ', '1 Li 2s    ', '1 Li 2px   ', '1 Li 2py   ', '1 Li 2pz   ']
| | The nuclear repulsion energy is 1.8000000000000003
| | Calculating 1e integrals...
| | Calculating 2e integrals...
| \_
| Performing mean-field calculations to determine the molecular orbitals...
| | Mean field method: Restricted Hartree-Fock (selected by user)
| | Finding the molecular orbitals using mean-field approximations...
| | Done! Reference state energy is -14.63864
| | Transforming 1e and 2e integrals to MO basis...
| \_
| Reference state analysis
| | Occupied orbitals:
| |   -in the spin-alpha subspace: [0, 1, 2]
| |   -in the spin-beta subspace:  [0, 1, 2]
| | Testing each CS type Hamiltonian overlap evaluation against the reference state...
| |   -For Thouless: E_ref = -14.63864, which agrees with the true value
| |   -For Qubit: E_ref = -14.63864, which agrees with the true value
| \_
\_
Loading data from the disk...
| Reading files on disk...
| Restoring self-analysis values...
| | Results from SCF performed on the full CI loaded...
| | Results from diagonalisation on a low-excitation basis loaded...
| |   -environment: RHF
| |   -specification: SE
| |   -scope: [(0, 0), (1, 0), (0, 1), (1, 1)]
| |   -description: at most one excitation in each spin subspace
| |   -parameters:
| |     -diag_alg: SCF
| \_
\_
Obtaining the ground state with the method "LEGS Zombie cov SRRM alt" [N = 20, N_sub = 20]
|  LE Zombie diag. | mean   std     var    gershgorin disc  leeway  
| ------------------------------------------------------------------
|         1        | 0.0    1.0     1.0        0.0334       0.9666  
|         2        | 0.0   1.0714  1.1478      0.0364       1.1114  
|         3        | 0.0   0.0293  0.0009      0.5728       -0.5719 
|         4        | 0.0   0.0865  0.0075        0.0        0.0075  
|         5        | 0.0   0.0934  0.0087      0.2001       -0.1914 
|         6        | 0.0   0.0934  0.0087      0.2001       -0.1914 
|         7        | 0.0   0.0599  0.0036      0.1769       -0.1733 
|         8        | 0.0   0.0033   0.0        0.0198       -0.0198 
|         9        | 0.0   0.0033   0.0        0.0198       -0.0198 
|        10        | 0.0   0.032   0.001        0.108       -0.107  
| ------------------------------------------------------------------
|                     /   1.0       0.0       0.0       0.0    -0.00451  -0.00451  -0.00615  -0.00509  -0.00509   -0.008 
|                     |   0.0     1.14779     0.0       0.0    -0.00472  -0.00472  -0.00513  -0.00653  -0.00653  -0.00875
|                     |   0.0       0.0     0.00086     0.0    -0.16808  -0.16808  -0.1448   -0.00683  -0.00683  -0.07818
|                     |   0.0       0.0       0.0     0.00749    0.0       0.0       0.0       0.0       0.0       0.0   
|                     | -0.00451  -0.00472  -0.16808    0.0    0.00872   -0.00946  -0.00816  -0.0004   -0.0004   -0.00442
| covariance matrix = | -0.00451  -0.00472  -0.16808    0.0    -0.00946  0.00872   -0.00816  -0.0004   -0.0004   -0.00442
|                     | -0.00615  -0.00513  -0.1448     0.0    -0.00816  -0.00816  0.00358   -0.00035  -0.00035  -0.00382
|                     | -0.00509  -0.00653  -0.00683    0.0    -0.0004   -0.0004   -0.00035   1e-05     -4e-05   -0.00021
|                     | -0.00509  -0.00653  -0.00683    0.0    -0.0004   -0.0004   -0.00035   -4e-05    1e-05    -0.00021
|                     \  -0.008   -0.00875  -0.07818    0.0    -0.00442  -0.00442  -0.00382  -0.00021  -0.00021  0.00102 
| Gershgorin-proving the covariance matrix by re-scaling the off-diagonal terms...
|  LE Zombie diag. | mean   std     var    gershgorin disc  leeway 
| -----------------------------------------------------------------
|         1        | 0.0    1.0     1.0        0.0038       0.9962 
|         2        | 0.0   1.0714  1.1478      0.0038       1.144  
|         3        | 0.0   0.0293  0.0009      0.0002       0.0007 
|         4        | 0.0   0.0865  0.0075        0.0        0.0075 
|         5        | 0.0   0.0934  0.0087      0.0033       0.0055 
|         6        | 0.0   0.0934  0.0087       0.004       0.0047 
|         7        | 0.0   0.0599  0.0036      0.0025       0.0011 
|         8        | 0.0   0.0033   0.0          0.0         0.0   
|         9        | 0.0   0.0033   0.0          0.0         0.0   
|        10        | 0.0   0.032   0.001       0.0009       0.0001 
| -----------------------------------------------------------------
| Conditioned sampling with ground state search on 20 states, each taken from 20 random states begins at 16:22:30
| | Conditioned sampling with ground state search on 20 states, each taken from 20 random states waiting for the first event...
| \_ Evaluation finished at 16:56:46 (duration 34 min 16 sec)                                                                                                 
\_
Plotting obtained measurements...
| Collecting data from dataset 'LEGS_Zombie_small_SRRM'...
| Displaying plot...
\_
