{
  "E": -14.66726292269918,
  "sol": {
    "(((), ()), ((), ()))": 0.9536877992788613,
    "(((0,), (0,)), ((), ()))": 1.311559420978814e-14,
    "(((), ()), ((0,), (0,)))": 1.311559420978814e-14,
    "(((0,), (1,)), ((), ()))": 5.523916382792551e-17,
    "(((), ()), ((0,), (1,)))": 5.523916382792551e-17,
    "(((0,), (2,)), ((), ()))": 4.755436683432127e-18,
    "(((), ()), ((0,), (2,)))": 4.755436683432127e-18,
    "(((0,), (3,)), ((), ()))": 0.00025623904751497704,
    "(((), ()), ((0,), (3,)))": 0.00025623904751497704,
    "(((0,), (4,)), ((), ()))": -1.114459674717543e-18,
    "(((), ()), ((0,), (4,)))": -1.114459674717543e-18,
    "(((0,), (5,)), ((), ()))": -1.7835267041628806e-19,
    "(((), ()), ((0,), (5,)))": -1.7835267041628806e-19,
    "(((0,), (6,)), ((), ()))": -1.586522540179413e-14,
    "(((), ()), ((0,), (6,)))": -1.586522540179413e-14,
    "(((1,), (0,)), ((), ()))": 0.0007288051619262134,
    "(((), ()), ((1,), (0,)))": 0.0007288051619262134,
    "(((1,), (1,)), ((), ()))": 5.658886923449934e-17,
    "(((), ()), ((1,), (1,)))": 5.658886923449934e-17,
    "(((1,), (2,)), ((), ()))": 8.508404846437445e-18,
    "(((), ()), ((1,), (2,)))": 8.508404846437445e-18,
    "(((1,), (3,)), ((), ()))": -4.610874001284683e-15,
    "(((), ()), ((1,), (3,)))": -4.610874001284683e-15,
    "(((1,), (4,)), ((), ()))": 2.310888770896599e-18,
    "(((), ()), ((1,), (4,)))": 2.310888770896599e-18,
    "(((1,), (5,)), ((), ()))": 1.4807126316777612e-18,
    "(((), ()), ((1,), (5,)))": 1.4807126316777612e-18,
    "(((1,), (6,)), ((), ()))": -0.0008849328521722183,
    "(((), ()), ((1,), (6,)))": -0.0008849328521722183,
    "(((2,), (0,)), ((), ()))": 9.21530304085615e-16,
    "(((), ()), ((2,), (0,)))": 9.21530304085615e-16,
    "(((2,), (1,)), ((), ()))": -1.274402533076249e-16,
    "(((), ()), ((2,), (1,)))": -1.274402533076249e-16,
    "(((2,), (2,)), ((), ()))": 1.9101995571002637e-16,
    "(((), ()), ((2,), (2,)))": 1.9101995571002637e-16,
    "(((2,), (3,)), ((), ()))": -0.04290119058996829,
    "(((), ()), ((2,), (3,)))": -0.04290119058996829,
    "(((2,), (4,)), ((), ()))": 3.829900513502811e-17,
    "(((), ()), ((2,), (4,)))": 3.829900513502811e-17,
    "(((2,), (5,)), ((), ()))": 9.247726054598072e-17,
    "(((), ()), ((2,), (5,)))": 9.247726054598072e-17,
    "(((2,), (6,)), ((), ()))": 1.780954385093441e-16,
    "(((), ()), ((2,), (6,)))": 1.780954385093441e-16,
    "(((0,), (0,)), ((0,), (0,)))": -0.0018875615058680092,
    "(((0,), (0,)), ((0,), (1,)))": -1.3924882280699311e-18,
    "(((0,), (0,)), ((0,), (2,)))": -5.667502472992456e-19,
    "(((0,), (0,)), ((0,), (3,)))": 2.6475468566483676e-14,
    "(((0,), (0,)), ((0,), (4,)))": -1.342434115013416e-19,
    "(((0,), (0,)), ((0,), (5,)))": 1.743089120935724e-20,
    "(((0,), (0,)), ((0,), (6,)))": 0.0009017609422796055,
    "(((0,), (0,)), ((1,), (0,)))": -4.445232122860561e-16,
    "(((0,), (0,)), ((1,), (1,)))": 3.9738513174908126e-18,
    "(((0,), (0,)), ((1,), (2,)))": -5.832287260872831e-19,
    "(((0,), (0,)), ((1,), (3,)))": 0.0007092585945454647,
    "(((0,), (0,)), ((1,), (4,)))": -6.932655629914995e-19,
    "(((0,), (0,)), ((1,), (5,)))": -1.6190443585896094e-18,
    "(((0,), (0,)), ((1,), (6,)))": -1.2757861035448678e-15,
    "(((0,), (0,)), ((2,), (0,)))": 0.0011756040076582289,
    "(((0,), (0,)), ((2,), (1,)))": 3.1190106312459e-18,
    "(((0,), (0,)), ((2,), (2,)))": 1.3949789379041488e-18,
    "(((0,), (0,)), ((2,), (3,)))": 2.2077230600863133e-14,
    "(((0,), (0,)), ((2,), (4,)))": 5.257597602683576e-19,
    "(((0,), (0,)), ((2,), (5,)))": 6.63478364045857e-19,
    "(((0,), (0,)), ((2,), (6,)))": -0.00216355758445347,
    "(((0,), (1,)), ((0,), (0,)))": -1.3924882280699273e-18,
    "(((0,), (1,)), ((0,), (1,)))": -0.00040064287405458743,
    "(((0,), (1,)), ((0,), (2,)))": 4.611949786434096e-19,
    "(((0,), (1,)), ((0,), (3,)))": -2.6052070140237385e-18,
    "(((0,), (1,)), ((0,), (4,)))": 1.1192295376652381e-14,
    "(((0,), (1,)), ((0,), (5,)))": 3.202507896820094e-14,
    "(((0,), (1,)), ((0,), (6,)))": 6.536060255063792e-19,
    "(((0,), (1,)), ((1,), (0,)))": 4.374921110962087e-18,
    "(((0,), (1,)), ((1,), (1,)))": 8.63774666996053e-16,
    "(((0,), (1,)), ((1,), (2,)))": -7.234133030008865e-20,
    "(((0,), (1,)), ((1,), (3,)))": 2.013440557059466e-18,
    "(((0,), (1,)), ((1,), (4,)))": 0.0003225629752638178,
    "(((0,), (1,)), ((1,), (5,)))": 0.000922954151423375,
    "(((0,), (1,)), ((1,), (6,)))": 6.079026790057306e-18,
    "(((0,), (1,)), ((2,), (0,)))": 3.371870242255339e-18,
    "(((0,), (1,)), ((2,), (1,)))": -0.0027381580527432716,
    "(((0,), (1,)), ((2,), (2,)))": -1.4171614257733683e-09,
    "(((0,), (1,)), ((2,), (3,)))": -5.693559364294694e-18,
    "(((0,), (1,)), ((2,), (4,)))": 1.2846811915059553e-14,
    "(((0,), (1,)), ((2,), (5,)))": 3.676068349587851e-14,
    "(((0,), (1,)), ((2,), (6,)))": -1.9512472114716957e-18,
    "(((0,), (2,)), ((0,), (0,)))": -5.667502472992473e-19,
    "(((0,), (2,)), ((0,), (1,)))": -9.029770309631655e-21,
    "(((0,), (2,)), ((0,), (2,)))": -0.0004006428740545878,
    "(((0,), (2,)), ((0,), (3,)))": 3.4116051596395953e-19,
    "(((0,), (2,)), ((0,), (4,)))": 3.202569135935888e-14,
    "(((0,), (2,)), ((0,), (5,)))": -1.1192704664552336e-14,
    "(((0,), (2,)), ((0,), (6,)))": 4.966183952879858e-19,
    "(((0,), (2,)), ((1,), (0,)))": -5.751021389356564e-19,
    "(((0,), (2,)), ((1,), (1,)))": -1.2802817255945798e-19,
    "(((0,), (2,)), ((1,), (2,)))": 8.620910831668609e-16,
    "(((0,), (2,)), ((1,), (3,)))": -1.0118994687943058e-19,
    "(((0,), (2,)), ((1,), (4,)))": 0.0009229541514233751,
    "(((0,), (2,)), ((1,), (5,)))": -0.0003225629752638182,
    "(((0,), (2,)), ((1,), (6,)))": -7.823618546917194e-19,
    "(((0,), (2,)), ((2,), (0,)))": 1.527705810385491e-18,
    "(((0,), (2,)), ((2,), (1,)))": 1.4171614257944687e-09,
    "(((0,), (2,)), ((2,), (2,)))": -0.0027381580527432734,
    "(((0,), (2,)), ((2,), (3,)))": 1.3211496604765703e-20,
    "(((0,), (2,)), ((2,), (4,)))": 3.676141139754286e-14,
    "(((0,), (2,)), ((2,), (5,)))": -1.2848001053492643e-14,
    "(((0,), (2,)), ((2,), (6,)))": -9.38483657248553e-19,
    "(((0,), (3,)), ((0,), (0,)))": 2.6477357195082387e-14,
    "(((0,), (3,)), ((0,), (1,)))": -2.60520701402374e-18,
    "(((0,), (3,)), ((0,), (2,)))": 3.411605159639602e-19,
    "(((0,), (3,)), ((0,), (3,)))": -0.0008351498605253284,
    "(((0,), (3,)), ((0,), (4,)))": -4.01739554370107e-20,
    "(((0,), (3,)), ((0,), (5,)))": -3.394711227740212e-19,
    "(((0,), (3,)), ((0,), (6,)))": 3.449563742681639e-14,
    "(((0,), (3,)), ((1,), (0,)))": 0.0007709121673894131,
    "(((0,), (3,)), ((1,), (1,)))": 1.999903158594872e-18,
    "(((0,), (3,)), ((1,), (2,)))": -1.089555330961927e-19,
    "(((0,), (3,)), ((1,), (3,)))": 2.1460545295093954e-15,
    "(((0,), (3,)), ((1,), (4,)))": -9.862254616352845e-19,
    "(((0,), (3,)), ((1,), (5,)))": -5.619610214278617e-18,
    "(((0,), (3,)), ((1,), (6,)))": 0.0010180261502772798,
    "(((0,), (3,)), ((2,), (0,)))": 1.829543104648278e-14,
    "(((0,), (3,)), ((2,), (1,)))": -3.15240736206003e-18,
    "(((0,), (3,)), ((2,), (2,)))": 3.924506615574914e-19,
    "(((0,), (3,)), ((2,), (3,)))": -0.003281183556167728,
    "(((0,), (3,)), ((2,), (4,)))": 2.2063216996458864e-19,
    "(((0,), (3,)), ((2,), (5,)))": 6.139910001421133e-19,
    "(((0,), (3,)), ((2,), (6,)))": 3.187853528570558e-14,
    "(((0,), (4,)), ((0,), (0,)))": -1.3424341150134285e-19,
    "(((0,), (4,)), ((0,), (1,)))": 1.1192173324000015e-14,
    "(((0,), (4,)), ((0,), (2,)))": 3.2025330085896904e-14,
    "(((0,), (4,)), ((0,), (3,)))": -4.0173955437011253e-20,
    "(((0,), (4,)), ((0,), (4,)))": -0.0010818736759561252,
    "(((0,), (4,)), ((0,), (5,)))": 2.804781947427432e-19,
    "(((0,), (4,)), ((0,), (6,)))": -3.97688317359038e-20,
    "(((0,), (4,)), ((1,), (0,)))": -6.0811445581819045e-19,
    "(((0,), (4,)), ((1,), (1,)))": 0.0003030822173293234,
    "(((0,), (4,)), ((1,), (2,)))": 0.0008672135020679275,
    "(((0,), (4,)), ((1,), (3,)))": -9.236421774176513e-19,
    "(((0,), (4,)), ((1,), (4,)))": -1.4076884631733716e-15,
    "(((0,), (4,)), ((1,), (5,)))": 1.000914655276793e-19,
    "(((0,), (4,)), ((1,), (6,)))": -1.8866158386869217e-19,
    "(((0,), (4,)), ((2,), (0,)))": 9.672520159177644e-19,
    "(((0,), (4,)), ((2,), (1,)))": 1.6696085082570246e-14,
    "(((0,), (4,)), ((2,), (2,)))": 4.7774685980442116e-14,
    "(((0,), (4,)), ((2,), (3,)))": 2.169942758097093e-19,
    "(((0,), (4,)), ((2,), (4,)))": -0.00271509809573416,
    "(((0,), (4,)), ((2,), (5,)))": 1.3999424815441122e-09,
    "(((0,), (4,)), ((2,), (6,)))": -9.356132729847127e-19,
    "(((0,), (5,)), ((0,), (0,)))": 1.743089120935724e-20,
    "(((0,), (5,)), ((0,), (1,)))": 3.202469240293434e-14,
    "(((0,), (5,)), ((0,), (2,)))": -1.1192427217710616e-14,
    "(((0,), (5,)), ((0,), (3,)))": -3.3947112277402186e-19,
    "(((0,), (5,)), ((0,), (4,)))": 2.3291286673515015e-20,
    "(((0,), (5,)), ((0,), (5,)))": -0.0010818736759561258,
    "(((0,), (5,)), ((0,), (6,)))": -1.6467863368009348e-21,
    "(((0,), (5,)), ((1,), (0,)))": -1.6688800884075983e-18,
    "(((0,), (5,)), ((1,), (1,)))": 0.000867213502067927,
    "(((0,), (5,)), ((1,), (2,)))": -0.0003030822173293237,
    "(((0,), (5,)), ((1,), (3,)))": -5.318877102767181e-18,
    "(((0,), (5,)), ((1,), (4,)))": -1.2708512815331367e-20,
    "(((0,), (5,)), ((1,), (5,)))": -1.408124321055259e-15,
    "(((0,), (5,)), ((1,), (6,)))": -1.3675101346327325e-18,
    "(((0,), (5,)), ((2,), (0,)))": 1.0277783530767032e-18,
    "(((0,), (5,)), ((2,), (1,)))": 4.777401523275805e-14,
    "(((0,), (5,)), ((2,), (2,)))": -1.6696874425866593e-14,
    "(((0,), (5,)), ((2,), (3,)))": 7.325424485850313e-19,
    "(((0,), (5,)), ((2,), (4,)))": -1.3999424808190392e-09,
    "(((0,), (5,)), ((2,), (5,)))": -0.002715098095734162,
    "(((0,), (5,)), ((2,), (6,)))": -5.183885601332e-19,
    "(((0,), (6,)), ((0,), (0,)))": 0.0009017609422796063,
    "(((0,), (6,)), ((0,), (1,)))": 6.536060255063728e-19,
    "(((0,), (6,)), ((0,), (2,)))": 4.966183952879841e-19,
    "(((0,), (6,)), ((0,), (3,)))": 3.4496639227240134e-14,
    "(((0,), (6,)), ((0,), (4,)))": -3.976883173590433e-20,
    "(((0,), (6,)), ((0,), (5,)))": -1.6467863367988343e-21,
    "(((0,), (6,)), ((0,), (6,)))": -0.002510317368231016,
    "(((0,), (6,)), ((1,), (0,)))": -1.2749270959154576e-15,
    "(((0,), (6,)), ((1,), (1,)))": 5.450246208049127e-18,
    "(((0,), (6,)), ((1,), (2,)))": -6.473197494090321e-19,
    "(((0,), (6,)), ((1,), (3,)))": 0.0009103178118039431,
    "(((0,), (6,)), ((1,), (4,)))": -7.502506060324086e-20,
    "(((0,), (6,)), ((1,), (5,)))": -1.2309723771700653e-18,
    "(((0,), (6,)), ((1,), (6,)))": -1.5991298766273944e-15,
    "(((0,), (6,)), ((2,), (0,)))": -0.0025658395245132665,
    "(((0,), (6,)), ((2,), (1,)))": -2.217829056487158e-18,
    "(((0,), (6,)), ((2,), (2,)))": -1.05555719934554e-18,
    "(((0,), (6,)), ((2,), (3,)))": 6.139134218962658e-14,
    "(((0,), (6,)), ((2,), (4,)))": -6.928196096526818e-19,
    "(((0,), (6,)), ((2,), (5,)))": -4.3019545035820207e-19,
    "(((0,), (6,)), ((2,), (6,)))": -0.0011274724039697962,
    "(((1,), (0,)), ((0,), (0,)))": -4.44018877468754e-16,
    "(((1,), (0,)), ((0,), (1,)))": 4.374921110962086e-18,
    "(((1,), (0,)), ((0,), (2,)))": -5.751021389356555e-19,
    "(((1,), (0,)), ((0,), (3,)))": 0.0007709121673894121,
    "(((1,), (0,)), ((0,), (4,)))": -6.0811445581819045e-19,
    "(((1,), (0,)), ((0,), (5,)))": -1.6688800884075977e-18,
    "(((1,), (0,)), ((0,), (6,)))": -1.2763205159290952e-15,
    "(((1,), (0,)), ((1,), (0,)))": -0.0019121453497349698,
    "(((1,), (0,)), ((1,), (1,)))": -1.4375580101000716e-18,
    "(((1,), (0,)), ((1,), (2,)))": -5.887117015156178e-19,
    "(((1,), (0,)), ((1,), (3,)))": -2.6483320570166334e-14,
    "(((1,), (0,)), ((1,), (4,)))": -1.594928904738007e-19,
    "(((1,), (0,)), ((1,), (5,)))": 1.965559710263615e-20,
    "(((1,), (0,)), ((1,), (6,)))": 0.0008308178198813828,
    "(((1,), (0,)), ((2,), (0,)))": -2.1018639891269446e-14,
    "(((1,), (0,)), ((2,), (1,)))": 6.616220789539911e-18,
    "(((1,), (0,)), ((2,), (2,)))": -7.785348716935472e-19,
    "(((1,), (0,)), ((2,), (3,)))": 0.0012336594459385717,
    "(((1,), (0,)), ((2,), (4,)))": -1.1252413098539937e-18,
    "(((1,), (0,)), ((2,), (5,)))": -3.157755834073656e-18,
    "(((1,), (0,)), ((2,), (6,)))": 3.869211651993053e-14,
    "(((1,), (1,)), ((0,), (0,)))": 3.973851317490819e-18,
    "(((1,), (1,)), ((0,), (1,)))": 8.637619759461568e-16,
    "(((1,), (1,)), ((0,), (2,)))": -4.3986116145739304e-20,
    "(((1,), (1,)), ((0,), (3,)))": 1.9999031585948737e-18,
    "(((1,), (1,)), ((0,), (4,)))": 0.0003030822173293236,
    "(((1,), (1,)), ((0,), (5,)))": 0.0008672135020679275,
    "(((1,), (1,)), ((0,), (6,)))": 5.4502462080491165e-18,
    "(((1,), (1,)), ((1,), (0,)))": -1.4375580101000693e-18,
    "(((1,), (1,)), ((1,), (1,)))": -0.0003522121390069963,
    "(((1,), (1,)), ((1,), (2,)))": 2.5456870559699076e-20,
    "(((1,), (1,)), ((1,), (3,)))": -2.1611626205668818e-18,
    "(((1,), (1,)), ((1,), (4,)))": -1.1192309676977366e-14,
    "(((1,), (1,)), ((1,), (5,)))": -3.202437431808314e-14,
    "(((1,), (1,)), ((1,), (6,)))": 5.718607431085739e-19,
    "(((1,), (1,)), ((2,), (0,)))": 5.6687774799455076e-18,
    "(((1,), (1,)), ((2,), (1,)))": 4.899321409769729e-14,
    "(((1,), (1,)), ((2,), (2,)))": -2.6096713536508843e-19,
    "(((1,), (1,)), ((2,), (3,)))": 1.6431070595645837e-18,
    "(((1,), (1,)), ((2,), (4,)))": 0.000718139875098809,
    "(((1,), (1,)), ((2,), (5,)))": 0.002054839256707577,
    "(((1,), (1,)), ((2,), (6,)))": 1.0640441467585944e-17,
    "(((1,), (2,)), ((0,), (0,)))": -5.8322872608728435e-19,
    "(((1,), (2,)), ((0,), (1,)))": -2.265967991958462e-19,
    "(((1,), (2,)), ((0,), (2,)))": 8.622232513864943e-16,
    "(((1,), (2,)), ((0,), (3,)))": -1.0895553309619154e-19,
    "(((1,), (2,)), ((0,), (4,)))": 0.0008672135020679275,
    "(((1,), (2,)), ((0,), (5,)))": -0.00030308221732932395,
    "(((1,), (2,)), ((0,), (6,)))": -6.473197494090289e-19,
    "(((1,), (2,)), ((1,), (0,)))": -5.887117015156194e-19,
    "(((1,), (2,)), ((1,), (1,)))": 3.6381302374168053e-19,
    "(((1,), (2,)), ((1,), (2,)))": -0.00035221213900699637,
    "(((1,), (2,)), ((1,), (3,)))": 2.7184170544353553e-19,
    "(((1,), (2,)), ((1,), (4,)))": -3.202381603512623e-14,
    "(((1,), (2,)), ((1,), (5,)))": 1.1192228541989763e-14,
    "(((1,), (2,)), ((1,), (6,)))": 5.390255834508058e-19,
    "(((1,), (2,)), ((2,), (0,)))": -4.9452084380867695e-19,
    "(((1,), (2,)), ((2,), (1,)))": -2.366011072798487e-19,
    "(((1,), (2,)), ((2,), (2,)))": 4.898937971944956e-14,
    "(((1,), (2,)), ((2,), (3,)))": -1.2266827729724723e-18,
    "(((1,), (2,)), ((2,), (4,)))": 0.002054839256707578,
    "(((1,), (2,)), ((2,), (5,)))": -0.0007181398750988092,
    "(((1,), (2,)), ((2,), (6,)))": -1.4352461043415403e-18,
    "(((1,), (3,)), ((0,), (0,)))": 0.0007092585945454661,
    "(((1,), (3,)), ((0,), (1,)))": 2.0134405570594643e-18,
    "(((1,), (3,)), ((0,), (2,)))": -1.0118994687943121e-19,
    "(((1,), (3,)), ((0,), (3,)))": 2.146084501782664e-15,
    "(((1,), (3,)), ((0,), (4,)))": -9.236421774176512e-19,
    "(((1,), (3,)), ((0,), (5,)))": -5.318877102767188e-18,
    "(((1,), (3,)), ((0,), (6,)))": 0.0009103178118039433,
    "(((1,), (3,)), ((1,), (0,)))": -2.6482301973148888e-14,
    "(((1,), (3,)), ((1,), (1,)))": -2.161162620566884e-18,
    "(((1,), (3,)), ((1,), (2,)))": 2.7184170544353707e-19,
    "(((1,), (3,)), ((1,), (3,)))": -0.0007157219540432599,
    "(((1,), (3,)), ((1,), (4,)))": -1.074050355364075e-19,
    "(((1,), (3,)), ((1,), (5,)))": -5.975459305772645e-19,
    "(((1,), (3,)), ((1,), (6,)))": -3.449805257249026e-14,
    "(((1,), (3,)), ((2,), (0,)))": 0.0010220999597710704,
    "(((1,), (3,)), ((2,), (1,)))": 4.6599394844564874e-18,
    "(((1,), (3,)), ((2,), (2,)))": -6.419249794919206e-19,
    "(((1,), (3,)), ((2,), (3,)))": 5.872605405039195e-14,
    "(((1,), (3,)), ((2,), (4,)))": -2.291732084288743e-18,
    "(((1,), (3,)), ((2,), (5,)))": -1.2777336155714744e-17,
    "(((1,), (3,)), ((2,), (6,)))": 0.001782185509495465,
    "(((1,), (4,)), ((0,), (0,)))": -6.932655629914995e-19,
    "(((1,), (4,)), ((0,), (1,)))": 0.00032256297526381787,
    "(((1,), (4,)), ((0,), (2,)))": 0.0009229541514233751,
    "(((1,), (4,)), ((0,), (3,)))": -9.862254616352847e-19,
    "(((1,), (4,)), ((0,), (4,)))": -1.4073795390057303e-15,
    "(((1,), (4,)), ((0,), (5,)))": 9.348984282910272e-20,
    "(((1,), (4,)), ((0,), (6,)))": -7.502506060324065e-20,
    "(((1,), (4,)), ((1,), (0,)))": -1.5949289047380032e-19,
    "(((1,), (4,)), ((1,), (1,)))": -1.1192501341157841e-14,
    "(((1,), (4,)), ((1,), (2,)))": -3.2023755334712216e-14,
    "(((1,), (4,)), ((1,), (3,)))": -1.0740503553640953e-19,
    "(((1,), (4,)), ((1,), (4,)))": -0.0011608526775655679,
    "(((1,), (4,)), ((1,), (5,)))": 1.1325430271431107e-19,
    "(((1,), (4,)), ((1,), (6,)))": -4.4454112209321356e-20,
    "(((1,), (4,)), ((2,), (0,)))": -8.827775025238322e-19,
    "(((1,), (4,)), ((2,), (1,)))": 0.0009333007294920361,
    "(((1,), (4,)), ((2,), (2,)))": 0.0026704762854480287,
    "(((1,), (4,)), ((2,), (3,)))": -3.2489452426354946e-18,
    "(((1,), (4,)), ((2,), (4,)))": 4.858198313058693e-14,
    "(((1,), (4,)), ((2,), (5,)))": 8.594885803870705e-20,
    "(((1,), (4,)), ((2,), (6,)))": -6.049391091718433e-19,
    "(((1,), (5,)), ((0,), (0,)))": -1.6190443585896098e-18,
    "(((1,), (5,)), ((0,), (1,)))": 0.000922954151423375,
    "(((1,), (5,)), ((0,), (2,)))": -0.0003225629752638182,
    "(((1,), (5,)), ((0,), (3,)))": -5.619610214278615e-18,
    "(((1,), (5,)), ((0,), (4,)))": -4.361566742145294e-21,
    "(((1,), (5,)), ((0,), (5,)))": -1.4080613888387784e-15,
    "(((1,), (5,)), ((0,), (6,)))": -1.2309723771700651e-18,
    "(((1,), (5,)), ((1,), (0,)))": 1.9655597102634705e-20,
    "(((1,), (5,)), ((1,), (1,)))": -3.2024579847555124e-14,
    "(((1,), (5,)), ((1,), (2,)))": 1.1191905374885466e-14,
    "(((1,), (5,)), ((1,), (3,)))": -5.9754593057726235e-19,
    "(((1,), (5,)), ((1,), (4,)))": 2.3512731191909683e-19,
    "(((1,), (5,)), ((1,), (5,)))": -0.0011608526775655683,
    "(((1,), (5,)), ((1,), (6,)))": -4.5540506133084064e-20,
    "(((1,), (5,)), ((2,), (0,)))": -3.154584579290717e-18,
    "(((1,), (5,)), ((2,), (1,)))": 0.0026704762854480304,
    "(((1,), (5,)), ((2,), (2,)))": -0.0009333007294920372,
    "(((1,), (5,)), ((2,), (3,)))": -1.6288860297051432e-17,
    "(((1,), (5,)), ((2,), (4,)))": 1.5479749263313144e-19,
    "(((1,), (5,)), ((2,), (5,)))": 4.857930569799855e-14,
    "(((1,), (5,)), ((2,), (6,)))": -2.613018128986208e-18,
    "(((1,), (6,)), ((0,), (0,)))": -1.2747128486012723e-15,
    "(((1,), (6,)), ((0,), (1,)))": 6.0790267900573216e-18,
    "(((1,), (6,)), ((0,), (2,)))": -7.823618546917222e-19,
    "(((1,), (6,)), ((0,), (3,)))": 0.00101802615027728,
    "(((1,), (6,)), ((0,), (4,)))": -1.8866158386869236e-19,
    "(((1,), (6,)), ((0,), (5,)))": -1.3675101346327327e-18,
    "(((1,), (6,)), ((0,), (6,)))": -1.599216127642871e-15,
    "(((1,), (6,)), ((1,), (0,)))": 0.0008308178198813845,
    "(((1,), (6,)), ((1,), (1,)))": 5.718607431085759e-19,
    "(((1,), (6,)), ((1,), (2,)))": 5.390255834508039e-19,
    "(((1,), (6,)), ((1,), (3,)))": -3.449676279981966e-14,
    "(((1,), (6,)), ((1,), (4,)))": -4.445411220932162e-20,
    "(((1,), (6,)), ((1,), (5,)))": -4.554050613308326e-20,
    "(((1,), (6,)), ((1,), (6,)))": -0.002599629184577488,
    "(((1,), (6,)), ((2,), (0,)))": 4.5883781752231137e-14,
    "(((1,), (6,)), ((2,), (1,)))": 2.0506615778945788e-17,
    "(((1,), (6,)), ((2,), (2,)))": -2.9701442434253864e-18,
    "(((1,), (6,)), ((2,), (3,)))": 0.0034317304804958636,
    "(((1,), (6,)), ((2,), (4,)))": -7.742112733008056e-19,
    "(((1,), (6,)), ((2,), (5,)))": -4.5612527232394886e-18,
    "(((1,), (6,)), ((2,), (6,)))": 2.0155238844992166e-14,
    "(((2,), (0,)), ((0,), (0,)))": 0.001175604007658227,
    "(((2,), (0,)), ((0,), (1,)))": 3.3718702422553234e-18,
    "(((2,), (0,)), ((0,), (2,)))": 1.527705810385493e-18,
    "(((2,), (0,)), ((0,), (3,)))": 1.829407669040138e-14,
    "(((2,), (0,)), ((0,), (4,)))": 9.672520159177669e-19,
    "(((2,), (0,)), ((0,), (5,)))": 1.0277783530767048e-18,
    "(((2,), (0,)), ((0,), (6,)))": -0.002565839524513274,
    "(((2,), (0,)), ((1,), (0,)))": -2.1018712087044528e-14,
    "(((2,), (0,)), ((1,), (1,)))": 5.668777479945501e-18,
    "(((2,), (0,)), ((1,), (2,)))": -4.945208438086797e-19,
    "(((2,), (0,)), ((1,), (3,)))": 0.001022099959771069,
    "(((2,), (0,)), ((1,), (4,)))": -8.827775025238332e-19,
    "(((2,), (0,)), ((1,), (5,)))": -3.154584579290717e-18,
    "(((2,), (0,)), ((1,), (6,)))": 4.588098674609326e-14,
    "(((2,), (0,)), ((2,), (0,)))": -0.14130959032797802,
    "(((2,), (0,)), ((2,), (1,)))": 1.1045334680075465e-17,
    "(((2,), (0,)), ((2,), (2,)))": -1.989322125530511e-17,
    "(((2,), (0,)), ((2,), (3,)))": 5.836874571362844e-17,
    "(((2,), (0,)), ((2,), (4,)))": -1.1134550140220952e-17,
    "(((2,), (0,)), ((2,), (5,)))": -3.1782529115172843e-17,
    "(((2,), (0,)), ((2,), (6,)))": 0.049601591229159275,
    "(((2,), (1,)), ((0,), (0,)))": 3.1190106312459046e-18,
    "(((2,), (1,)), ((0,), (1,)))": -0.002738158052743272,
    "(((2,), (1,)), ((0,), (2,)))": 1.4171614254928095e-09,
    "(((2,), (1,)), ((0,), (3,)))": -3.1524073620600314e-18,
    "(((2,), (1,)), ((0,), (4,)))": 1.6696123324987265e-14,
    "(((2,), (1,)), ((0,), (5,)))": 4.777389219627499e-14,
    "(((2,), (1,)), ((0,), (6,)))": -2.2178290564871828e-18,
    "(((2,), (1,)), ((1,), (0,)))": 6.616220789539926e-18,
    "(((2,), (1,)), ((1,), (1,)))": 4.8993512590158506e-14,
    "(((2,), (1,)), ((1,), (2,)))": -8.213554185989084e-20,
    "(((2,), (1,)), ((1,), (3,)))": 4.659939484456505e-18,
    "(((2,), (1,)), ((1,), (4,)))": 0.0009333007294920358,
    "(((2,), (1,)), ((1,), (5,)))": 0.0026704762854480304,
    "(((2,), (1,)), ((1,), (6,)))": 2.050661577894581e-17,
    "(((2,), (1,)), ((2,), (0,)))": 1.1045334680075458e-17,
    "(((2,), (1,)), ((2,), (1,)))": -0.16160358492657503,
    "(((2,), (1,)), ((2,), (2,)))": -8.58782089981909e-17,
    "(((2,), (1,)), ((2,), (3,)))": 4.0889449131967476e-16,
    "(((2,), (1,)), ((2,), (4,)))": -3.546824630753136e-17,
    "(((2,), (1,)), ((2,), (5,)))": -1.7703067371776304e-16,
    "(((2,), (1,)), ((2,), (6,)))": 5.541119746111515e-17,
    "(((2,), (2,)), ((0,), (0,)))": 1.3949789379041447e-18,
    "(((2,), (2,)), ((0,), (1,)))": -1.4171614252342064e-09,
    "(((2,), (2,)), ((0,), (2,)))": -0.0027381580527432725,
    "(((2,), (2,)), ((0,), (3,)))": 3.9245066155749026e-19,
    "(((2,), (2,)), ((0,), (4,)))": 4.7774894842374336e-14,
    "(((2,), (2,)), ((0,), (5,)))": -1.6696778144957862e-14,
    "(((2,), (2,)), ((0,), (6,)))": -1.0555571993455373e-18,
    "(((2,), (2,)), ((1,), (0,)))": -7.785348716935452e-19,
    "(((2,), (2,)), ((1,), (1,)))": -3.3043689011526105e-19,
    "(((2,), (2,)), ((1,), (2,)))": 4.898909117673706e-14,
    "(((2,), (2,)), ((1,), (3,)))": -6.419249794919231e-19,
    "(((2,), (2,)), ((1,), (4,)))": 0.0026704762854480295,
    "(((2,), (2,)), ((1,), (5,)))": -0.0009333007294920372,
    "(((2,), (2,)), ((1,), (6,)))": -2.970144243425391e-18,
    "(((2,), (2,)), ((2,), (0,)))": -1.989322125530511e-17,
    "(((2,), (2,)), ((2,), (1,)))": -8.705264977938734e-17,
    "(((2,), (2,)), ((2,), (2,)))": -0.16160358492657534,
    "(((2,), (2,)), ((2,), (3,)))": -8.472177447728583e-17,
    "(((2,), (2,)), ((2,), (4,)))": -1.7032078719178436e-16,
    "(((2,), (2,)), ((2,), (5,)))": 5.532458536135156e-17,
    "(((2,), (2,)), ((2,), (6,)))": 8.280749487116606e-19,
    "(((2,), (3,)), ((0,), (0,)))": 2.207789185905054e-14,
    "(((2,), (3,)), ((0,), (1,)))": -5.693559364294691e-18,
    "(((2,), (3,)), ((0,), (2,)))": 1.3211496604765534e-20,
    "(((2,), (3,)), ((0,), (3,)))": -0.003281183556167728,
    "(((2,), (3,)), ((0,), (4,)))": 2.16994275809708e-19,
    "(((2,), (3,)), ((0,), (5,)))": 7.325424485850423e-19,
    "(((2,), (3,)), ((0,), (6,)))": 6.139347916873966e-14,
    "(((2,), (3,)), ((1,), (0,)))": 0.001233659445938575,
    "(((2,), (3,)), ((1,), (1,)))": 1.6431070595645722e-18,
    "(((2,), (3,)), ((1,), (2,)))": -1.2266827729724682e-18,
    "(((2,), (3,)), ((1,), (3,)))": 5.872642579370017e-14,
    "(((2,), (3,)), ((1,), (4,)))": -3.2489452426354908e-18,
    "(((2,), (3,)), ((1,), (5,)))": -1.6288860297051426e-17,
    "(((2,), (3,)), ((1,), (6,)))": 0.0034317304804958627,
    "(((2,), (3,)), ((2,), (0,)))": 6.627546109823421e-17,
    "(((2,), (3,)), ((2,), (1,)))": 4.0889449131967486e-16,
    "(((2,), (3,)), ((2,), (2,)))": -8.472177447728587e-17,
    "(((2,), (3,)), ((2,), (3,)))": -0.09417738509611556,
    "(((2,), (3,)), ((2,), (4,)))": 2.603797682118266e-17,
    "(((2,), (3,)), ((2,), (5,)))": 1.1735553810105293e-16,
    "(((2,), (3,)), ((2,), (6,)))": 4.0426588592711875e-16,
    "(((2,), (4,)), ((0,), (0,)))": 5.257597602683547e-19,
    "(((2,), (4,)), ((0,), (1,)))": 1.284705466968368e-14,
    "(((2,), (4,)), ((0,), (2,)))": 3.676179820197e-14,
    "(((2,), (4,)), ((0,), (3,)))": 2.2063216996458927e-19,
    "(((2,), (4,)), ((0,), (4,)))": -0.0027150980957341597,
    "(((2,), (4,)), ((0,), (5,)))": -1.3999424810543287e-09,
    "(((2,), (4,)), ((0,), (6,)))": -6.9281960965267655e-19,
    "(((2,), (4,)), ((1,), (0,)))": -1.125241309853993e-18,
    "(((2,), (4,)), ((1,), (1,)))": 0.000718139875098809,
    "(((2,), (4,)), ((1,), (2,)))": 0.0020548392567075776,
    "(((2,), (4,)), ((1,), (3,)))": -2.2917320842887455e-18,
    "(((2,), (4,)), ((1,), (4,)))": 4.8582408660189394e-14,
    "(((2,), (4,)), ((1,), (5,)))": 5.4821577214879584e-21,
    "(((2,), (4,)), ((1,), (6,)))": -7.742112733008086e-19,
    "(((2,), (4,)), ((2,), (0,)))": -1.1134550140220939e-17,
    "(((2,), (4,)), ((2,), (1,)))": -3.5402071377877055e-17,
    "(((2,), (4,)), ((2,), (2,)))": -2.02108015784861e-16,
    "(((2,), (4,)), ((2,), (3,)))": 2.6037976821182708e-17,
    "(((2,), (4,)), ((2,), (4,)))": -0.0010489189540322588,
    "(((2,), (4,)), ((2,), (5,)))": -1.1230405801704421e-17,
    "(((2,), (4,)), ((2,), (6,)))": 7.623566089349879e-18,
    "(((2,), (5,)), ((0,), (0,)))": 6.634783640458585e-19,
    "(((2,), (5,)), ((0,), (1,)))": 3.676042742535077e-14,
    "(((2,), (5,)), ((0,), (2,)))": -1.2847821235252548e-14,
    "(((2,), (5,)), ((0,), (3,)))": 6.139910001421087e-19,
    "(((2,), (5,)), ((0,), (4,)))": 1.3999424818109162e-09,
    "(((2,), (5,)), ((0,), (5,)))": -0.002715098095734162,
    "(((2,), (5,)), ((0,), (6,)))": -4.3019545035820236e-19,
    "(((2,), (5,)), ((1,), (0,)))": -3.1577558340736567e-18,
    "(((2,), (5,)), ((1,), (1,)))": 0.002054839256707577,
    "(((2,), (5,)), ((1,), (2,)))": -0.0007181398750988092,
    "(((2,), (5,)), ((1,), (3,)))": -1.2777336155714744e-17,
    "(((2,), (5,)), ((1,), (4,)))": 3.2787861521792307e-19,
    "(((2,), (5,)), ((1,), (5,)))": 4.858027154584284e-14,
    "(((2,), (5,)), ((1,), (6,)))": -4.561252723239496e-18,
    "(((2,), (5,)), ((2,), (0,)))": -3.178252911517287e-17,
    "(((2,), (5,)), ((2,), (1,)))": -1.7456442322347263e-16,
    "(((2,), (5,)), ((2,), (2,)))": 5.525841043169725e-17,
    "(((2,), (5,)), ((2,), (3,)))": 1.17355538101053e-16,
    "(((2,), (5,)), ((2,), (4,)))": -9.885623586396885e-18,
    "(((2,), (5,)), ((2,), (5,)))": -0.0010489189540323247,
    "(((2,), (5,)), ((2,), (6,)))": 6.7043211270674624e-18,
    "(((2,), (6,)), ((0,), (0,)))": -0.0021635575844534587,
    "(((2,), (6,)), ((0,), (1,)))": -1.9512472114716772e-18,
    "(((2,), (6,)), ((0,), (2,)))": -9.384836572485548e-19,
    "(((2,), (6,)), ((0,), (3,)))": 3.1878006013085124e-14,
    "(((2,), (6,)), ((0,), (4,)))": -9.356132729847166e-19,
    "(((2,), (6,)), ((0,), (5,)))": -5.18388560133201e-19,
    "(((2,), (6,)), ((0,), (6,)))": -0.0011274724039697964,
    "(((2,), (6,)), ((1,), (0,)))": 3.869808505182527e-14,
    "(((2,), (6,)), ((1,), (1,)))": 1.0640441467585922e-17,
    "(((2,), (6,)), ((1,), (2,)))": -1.4352461043415362e-18,
    "(((2,), (6,)), ((1,), (3,)))": 0.0017821855094954668,
    "(((2,), (6,)), ((1,), (4,)))": -6.049391091718418e-19,
    "(((2,), (6,)), ((1,), (5,)))": -2.6130181289862017e-18,
    "(((2,), (6,)), ((1,), (6,)))": 2.0156792121749867e-14,
    "(((2,), (6,)), ((2,), (0,)))": 0.049601591229159324,
    "(((2,), (6,)), ((2,), (1,)))": 5.5411197461114757e-17,
    "(((2,), (6,)), ((2,), (2,)))": 8.280749487117307e-19,
    "(((2,), (6,)), ((2,), (3,)))": 3.2657251561334215e-16,
    "(((2,), (6,)), ((2,), (4,)))": 7.623566089349913e-18,
    "(((2,), (6,)), ((2,), (5,)))": 6.704321127067469e-18,
    "(((2,), (6,)), ((2,), (6,)))": -0.02362353453028551
  },
  "red": [
    [
      0.9999240989509365,
      -1.748451897446593e-16,
      0.0008381183584014005,
      1.1527083984077597e-14,
      5.325165535721148e-17,
      4.011733247904204e-18,
      0.0003845886197058162,
      -1.1507012305716327e-18,
      -4.060119619474209e-19,
      -1.7710151628373726e-14,
      0.0,
      0.0,
      0.0,
      0.0,
      0.0,
      0.0,
      0.0,
      0.0,
      0.0,
      0.0
    ],
    [
      -1.748451897446593e-16,
      0.9999338720662606,
      -1.499957330528816e-14,
      0.0006402007366357599,
      5.4094099005323524e-17,
      8.174493712508258e-18,
      -6.905607124994727e-15,
      2.7536401043899677e-18,
      1.6387013492504926e-18,
      -0.000988015638101062,
      0.0,
      0.0,
      0.0,
      0.0,
      0.0,
      0.0,
      0.0,
      0.0,
      0.0,
      0.0
    ],
    [
      0.0008381183584014005,
      -1.499957330528816e-14,
      0.911511266993955,
      7.551477182088512e-16,
      -1.1864565066749496e-16,
      1.5493366375723486e-16,
      -0.03687727892317479,
      3.542940004017736e-17,
      8.317592125745791e-17,
      1.9716889565660791e-16,
      0.0,
      0.0,
      0.0,
      0.0,
      0.0,
      0.0,
      0.0,
      0.0,
      0.0,
      0.0
    ],
    [
      1.1527083984077597e-14,
      0.0006402007366357599,
      7.551477182088512e-16,
      0.022455835198019712,
      -5.589146463544414e-19,
      6.0750152648977456e-18,
      -3.436989032107576e-17,
      1.9682213317330234e-18,
      4.854630353512383e-18,
      -0.008182108889935289,
      0.0,
      0.0,
      0.0,
      0.0,
      0.0,
      0.0,
      0.0,
      0.0,
      0.0,
      0.0
    ],
    [
      5.325165535721148e-17,
      5.4094099005323524e-17,
      -1.1864565066749496e-16,
      -5.589146463544414e-19,
      0.02614573737801368,
      2.7940106400640617e-17,
      -9.901211068046665e-17,
      5.794050404367663e-18,
      2.847574910150439e-17,
      -9.773328644843678e-18,
      0.0,
      0.0,
      0.0,
      0.0,
      0.0,
      0.0,
      0.0,
      0.0,
      0.0,
      0.0
    ],
    [
      4.011733247904204e-18,
      8.174493712508258e-18,
      1.5493366375723486e-16,
      6.0750152648977456e-18,
      2.7940106400640617e-17,
      0.026145737378013782,
      1.3469648512623954e-17,
      3.289629214555076e-17,
      -9.002674725359244e-18,
      -1.1533922159439375e-18,
      0.0,
      0.0,
      0.0,
      0.0,
      0.0,
      0.0,
      0.0,
      0.0,
      0.0,
      0.0
    ],
    [
      0.0003845886197058162,
      -6.905607124994727e-15,
      -0.03687727892317479,
      -3.436989032107576e-17,
      -9.901211068046665e-17,
      1.3469648512623954e-17,
      0.01075326344963989,
      -4.130120118323828e-18,
      -1.5160600202752268e-17,
      -4.4615990989561756e-17,
      0.0,
      0.0,
      0.0,
      0.0,
      0.0,
      0.0,
      0.0,
      0.0,
      0.0,
      0.0
    ],
    [
      -1.1507012305716327e-18,
      2.7536401043899677e-18,
      3.542940004017736e-17,
      1.9682213317330234e-18,
      5.794050404367663e-18,
      3.289629214555076e-17,
      -4.130120118323828e-18,
      3.290241841776472e-05,
      1.452587529269186e-20,
      -7.385896246531168e-19,
      0.0,
      0.0,
      0.0,
      0.0,
      0.0,
      0.0,
      0.0,
      0.0,
      0.0,
      0.0
    ],
    [
      -4.060119619474209e-19,
      1.6387013492504926e-18,
      8.317592125745791e-17,
      4.854630353512383e-18,
      2.847574910150439e-17,
      -9.002674725359244e-18,
      -1.5160600202752268e-17,
      1.452587529269186e-20,
      3.2902418417764884e-05,
      -1.741436030570482e-18,
      0.0,
      0.0,
      0.0,
      0.0,
      0.0,
      0.0,
      0.0,
      0.0,
      0.0,
      0.0
    ],
    [
      -1.7710151628373726e-14,
      -0.000988015638101062,
      1.9716889565660791e-16,
      -0.008182108889935289,
      -9.773328644843678e-18,
      -1.1533922159439375e-18,
      -4.4615990989561756e-17,
      -7.385896246531168e-19,
      -1.741436030570482e-18,
      0.003064383748326713,
      0.0,
      0.0,
      0.0,
      0.0,
      0.0,
      0.0,
      0.0,
      0.0,
      0.0,
      0.0
    ],
    [
      0.0,
      0.0,
      0.0,
      0.0,
      0.0,
      0.0,
      0.0,
      0.0,
      0.0,
      0.0,
      0.9999240989509365,
      -1.748513551489172e-16,
      0.0008381183584014011,
      1.152705551684134e-14,
      5.325165535721148e-17,
      4.011733247904204e-18,
      0.0003845886197058162,
      -1.1507012305716327e-18,
      -4.0601196194742133e-19,
      -1.771024450393363e-14
    ],
    [
      0.0,
      0.0,
      0.0,
      0.0,
      0.0,
      0.0,
      0.0,
      0.0,
      0.0,
      0.0,
      -1.748513551489172e-16,
      0.9999338720662606,
      -1.4999329144851135e-14,
      0.0006402007366357597,
      5.4094099005323524e-17,
      8.174493712508258e-18,
      -6.905624964761885e-15,
      2.7536401043899677e-18,
      1.6387013492504926e-18,
      -0.0009880156381010619
    ],
    [
      0.0,
      0.0,
      0.0,
      0.0,
      0.0,
      0.0,
      0.0,
      0.0,
      0.0,
      0.0,
      0.0008381183584014011,
      -1.4999329144851135e-14,
      0.911511266993955,
      7.54806434373863e-16,
      -1.1864565066749496e-16,
      1.5493366375723486e-16,
      -0.03687727892317479,
      3.542940004017737e-17,
      8.317592125745791e-17,
      1.938328924808727e-16
    ],
    [
      0.0,
      0.0,
      0.0,
      0.0,
      0.0,
      0.0,
      0.0,
      0.0,
      0.0,
      0.0,
      1.152705551684134e-14,
      0.0006402007366357597,
      7.54806434373863e-16,
      0.02245583519801972,
      -5.589146463544552e-19,
      6.07501526489775e-18,
      -3.7825431157973927e-17,
      1.9682213317330272e-18,
      4.854630353512382e-18,
      -0.008182108889935284
    ],
    [
      0.0,
      0.0,
      0.0,
      0.0,
      0.0,
      0.0,
      0.0,
      0.0,
      0.0,
      0.0,
      5.325165535721148e-17,
      5.4094099005323524e-17,
      -1.1864565066749496e-16,
      -5.589146463544552e-19,
      0.026145737378013685,
      2.7940017039893525e-17,
      -9.901211068046665e-17,
      5.804890069681561e-18,
      2.887172248935725e-17,
      -9.773328644843701e-18
    ],
    [
      0.0,
      0.0,
      0.0,
      0.0,
      0.0,
      0.0,
      0.0,
      0.0,
      0.0,
      0.0,
      4.011733247904204e-18,
      8.174493712508258e-18,
      1.5493366375723486e-16,
      6.07501526489775e-18,
      2.7940017039893525e-17,
      0.026145737378013786,
      1.3469648512623951e-17,
      2.7792458919299977e-17,
      -9.012947795433934e-18,
      -1.1533922159439334e-18
    ],
    [
      0.0,
      0.0,
      0.0,
      0.0,
      0.0,
      0.0,
      0.0,
      0.0,
      0.0,
      0.0,
      0.0003845886197058162,
      -6.905624964761885e-15,
      -0.03687727892317479,
      -3.7825431157973927e-17,
      -9.901211068046665e-17,
      1.3469648512623951e-17,
      0.01075326344963989,
      -4.130120118323827e-18,
      -1.516060020275226e-17,
      -5.0511298707272447e-17
    ],
    [
      0.0,
      0.0,
      0.0,
      0.0,
      0.0,
      0.0,
      0.0,
      0.0,
      0.0,
      0.0,
      -1.1507012305716327e-18,
      2.7536401043899677e-18,
      3.542940004017737e-17,
      1.9682213317330272e-18,
      5.804890069681561e-18,
      2.7792458919299977e-17,
      -4.130120118323827e-18,
      3.290241841776472e-05,
      1.2895163856923797e-20,
      -7.385896246531159e-19
    ],
    [
      0.0,
      0.0,
      0.0,
      0.0,
      0.0,
      0.0,
      0.0,
      0.0,
      0.0,
      0.0,
      -4.0601196194742133e-19,
      1.6387013492504926e-18,
      8.317592125745791e-17,
      4.854630353512382e-18,
      2.887172248935725e-17,
      -9.012947795433934e-18,
      -1.516060020275226e-17,
      1.2895163856923797e-20,
      3.290241841776489e-05,
      -1.7414360305704705e-18
    ],
    [
      0.0,
      0.0,
      0.0,
      0.0,
      0.0,
      0.0,
      0.0,
      0.0,
      0.0,
      0.0,
      -1.771024450393363e-14,
      -0.0009880156381010619,
      1.938328924808727e-16,
      -0.008182108889935284,
      -9.773328644843701e-18,
      -1.1533922159439334e-18,
      -5.0511298707272447e-17,
      -7.385896246531159e-19,
      -1.7414360305704705e-18,
      0.0030643837483267083
    ]
  ],
  "CSRM": [
    [
      1.0087556980355024,
      1.5159082492132459e-05,
      0.0006314746421945036,
      -0.0018161684294540205,
      -0.0003854893931040709,
      -0.00038548939310407125,
      -0.0008035620592143463,
      -0.0010409540610043994,
      -0.0010409540610044,
      -0.0024153698504222844
    ],
    [
      1.5159082492132459e-05,
      1.008775821746518,
      0.0006030348444706692,
      -0.001839822440709812,
      -0.0003388904495807768,
      -0.00033889044958077685,
      -0.0006886512641625176,
      -0.0011169458466320187,
      -0.001116945846632019,
      -0.0025013036336242606
    ],
    [
      0.0006314746421945036,
      0.0006030348444706692,
      0.9176629416871921,
      -0.13596484985252769,
      -0.1554912664396964,
      -0.1554912664396967,
      -0.09061532196347888,
      -0.0010092457826921444,
      -0.0010092457826922077,
      -0.022730023616524004
    ],
    [
      -0.0018161684294540205,
      -0.001839822440709812,
      -0.13596484985252769,
      0.020156221907614798,
      0.02303436024188475,
      0.02303436024188479,
      0.013421818604538241,
      0.0001474008872040304,
      0.0001474008872040398,
      0.003375068535574009
    ],
    [
      -0.0003854893931040709,
      -0.0003388904495807768,
      -0.1554912664396964,
      0.02303436024188475,
      0.02636360428336939,
      0.02636360428336944,
      0.015373599775993698,
      0.00018686885365558781,
      0.00018686885365559855,
      0.003859798622320781
    ],
    [
      -0.00038548939310407125,
      -0.00033889044958077685,
      -0.1554912664396967,
      0.02303436024188479,
      0.02636360428336944,
      0.026363604283369493,
      0.015373599775993728,
      0.00018686885365558814,
      0.00018686885365559887,
      0.0038597986223207884
    ],
    [
      -0.0008035620592143463,
      -0.0006886512641625176,
      -0.09061532196347888,
      0.013421818604538241,
      0.015373599775993698,
      0.015373599775993728,
      0.008971275475849052,
      0.00011938966391374919,
      0.00011938966391375547,
      0.002256063947812385
    ],
    [
      -0.0010409540610043994,
      -0.0011169458466320187,
      -0.0010092457826921444,
      0.0001474008872040304,
      0.00018686885365558781,
      0.00018686885365558814,
      0.00011938966391374919,
      1.8525223919460657e-05,
      1.8525223919460735e-05,
      3.6961311853358675e-05
    ],
    [
      -0.0010409540610044,
      -0.001116945846632019,
      -0.0010092457826922077,
      0.0001474008872040398,
      0.00018686885365559855,
      0.00018686885365559887,
      0.00011938966391375547,
      1.8525223919460735e-05,
      1.852522391946082e-05,
      3.6961311853360254e-05
    ],
    [
      -0.0024153698504222844,
      -0.0025013036336242606,
      -0.022730023616524004,
      0.003375068535574009,
