{
  "E": -14.666696875231908,
  "sol": {
    "(((), ()), ((), ()))": 0.9541739644681901,
    "(((0,), (0,)), ((), ()))": 0.0007325863474620761,
    "(((), ()), ((0,), (0,)))": 0.0007325863474620761,
    "(((0,), (1,)), ((), ()))": 3.516034722315631e-17,
    "(((), ()), ((0,), (1,)))": 3.516034722315631e-17,
    "(((0,), (2,)), ((), ()))": -8.297032870845315e-17,
    "(((), ()), ((0,), (2,)))": -8.297032870845315e-17,
    "(((0,), (3,)), ((), ()))": 4.156412424728197e-16,
    "(((), ()), ((0,), (3,)))": 4.156412424728197e-16,
    "(((0,), (4,)), ((), ()))": 2.358806400843218e-17,
    "(((), ()), ((0,), (4,)))": 2.358806400843218e-17,
    "(((0,), (5,)), ((), ()))": 2.4688531503907467e-17,
    "(((), ()), ((0,), (5,)))": 2.4688531503907467e-17,
    "(((0,), (6,)), ((), ()))": -0.0009296151633082063,
    "(((), ()), ((0,), (6,)))": -0.0009296151633082063,
    "(((1,), (0,)), ((), ()))": 1.1894603359703277e-15,
    "(((), ()), ((1,), (0,)))": 1.1894603359703277e-15,
    "(((1,), (1,)), ((), ()))": -4.5536135959863124e-17,
    "(((), ()), ((1,), (1,)))": -4.5536135959863124e-17,
    "(((1,), (2,)), ((), ()))": 9.508987779170779e-17,
    "(((), ()), ((1,), (2,)))": 9.508987779170779e-17,
    "(((1,), (3,)), ((), ()))": -0.0002661069780541039,
    "(((), ()), ((1,), (3,)))": -0.0002661069780541039,
    "(((1,), (4,)), ((), ()))": -2.7580747789408276e-17,
    "(((), ()), ((1,), (4,)))": -2.7580747789408276e-17,
    "(((1,), (5,)), ((), ()))": -8.263642587154932e-18,
    "(((), ()), ((1,), (5,)))": -8.263642587154932e-18,
    "(((1,), (6,)), ((), ()))": -1.5507750546730207e-15,
    "(((), ()), ((1,), (6,)))": -1.5507750546730207e-15,
    "(((2,), (0,)), ((), ()))": 5.859289178047015e-16,
    "(((), ()), ((2,), (0,)))": 5.859289178047015e-16,
    "(((2,), (1,)), ((), ()))": 3.7246714955604356e-16,
    "(((), ()), ((2,), (1,)))": 3.7246714955604356e-16,
    "(((2,), (2,)), ((), ()))": -1.6648380146491697e-16,
    "(((), ()), ((2,), (2,)))": -1.6648380146491697e-16,
    "(((2,), (3,)), ((), ()))": -0.048053456301241505,
    "(((), ()), ((2,), (3,)))": -0.048053456301241505,
    "(((2,), (4,)), ((), ()))": 6.531332900226565e-17,
    "(((), ()), ((2,), (4,)))": 6.531332900226565e-17,
    "(((2,), (5,)), ((), ()))": 7.411444504530968e-17,
    "(((), ()), ((2,), (5,)))": 7.411444504530968e-17,
    "(((2,), (6,)), ((), ()))": -4.742290335257684e-16,
    "(((), ()), ((2,), (6,)))": -4.742290335257684e-16,
    "(((0,), (0,)), ((0,), (0,)))": -0.0019135830956386306,
    "(((0,), (0,)), ((0,), (1,)))": 5.755151748883218e-19,
    "(((0,), (0,)), ((0,), (2,)))": -5.112934319634631e-19,
    "(((0,), (0,)), ((0,), (3,)))": 2.51903200869408e-15,
    "(((0,), (0,)), ((0,), (4,)))": 4.302510195669734e-20,
    "(((0,), (0,)), ((0,), (5,)))": -3.6698681826835816e-19,
    "(((0,), (0,)), ((0,), (6,)))": 0.0008420167400428805,
    "(((0,), (0,)), ((1,), (0,)))": -2.0148439600297373e-17,
    "(((0,), (0,)), ((1,), (1,)))": 5.71271867804557e-18,
    "(((0,), (0,)), ((1,), (2,)))": -4.5806351156248805e-18,
    "(((0,), (0,)), ((1,), (3,)))": -0.0008054503804173536,
    "(((0,), (0,)), ((1,), (4,)))": -6.077180482453975e-19,
    "(((0,), (0,)), ((1,), (5,)))": 2.324819628158476e-18,
    "(((0,), (0,)), ((1,), (6,)))": -9.704133209605708e-17,
    "(((0,), (0,)), ((2,), (0,)))": 2.0178095926664733e-15,
    "(((0,), (0,)), ((2,), (1,)))": -7.390081208531652e-18,
    "(((0,), (0,)), ((2,), (2,)))": 6.146970520706563e-18,
    "(((0,), (0,)), ((2,), (3,)))": 0.001089195729449538,
    "(((0,), (0,)), ((2,), (4,)))": 1.0618687267201257e-18,
    "(((0,), (0,)), ((2,), (5,)))": -4.46146526754334e-18,
    "(((0,), (0,)), ((2,), (6,)))": -3.5512994302206563e-15,
    "(((0,), (1,)), ((0,), (0,)))": 5.755151748883358e-19,
    "(((0,), (1,)), ((0,), (1,)))": -0.0004035255492761021,
    "(((0,), (1,)), ((0,), (2,)))": 2.0886116208464398e-19,
    "(((0,), (1,)), ((0,), (3,)))": 2.2270324119743524e-18,
    "(((0,), (1,)), ((0,), (4,)))": 2.696119727338353e-15,
    "(((0,), (1,)), ((0,), (5,)))": -1.413913193124102e-15,
    "(((0,), (1,)), ((0,), (6,)))": -1.6809955460023636e-19,
    "(((0,), (1,)), ((1,), (0,)))": 5.54139616018869e-18,
    "(((0,), (1,)), ((1,), (1,)))": 6.788355863686997e-17,
    "(((0,), (1,)), ((1,), (2,)))": 1.760237387258578e-18,
    "(((0,), (1,)), ((1,), (3,)))": 1.6502926215558455e-18,
    "(((0,), (1,)), ((1,), (4,)))": -0.0008102397055351443,
    "(((0,), (1,)), ((1,), (5,)))": 0.0004252469620494099,
    "(((0,), (1,)), ((1,), (6,)))": 6.232865433239855e-18,
    "(((0,), (1,)), ((2,), (0,)))": -5.287575244483983e-18,
    "(((0,), (1,)), ((2,), (1,)))": -4.3590854706573164e-15,
    "(((0,), (1,)), ((2,), (2,)))": -4.945679322754203e-18,
    "(((0,), (1,)), ((2,), (3,)))": -5.935587097548278e-18,
    "(((0,), (1,)), ((2,), (4,)))": 0.0019655095762928457,
    "(((0,), (1,)), ((2,), (5,)))": -0.001031574292986569,
    "(((0,), (1,)), ((2,), (6,)))": -1.5054208996736407e-17,
    "(((0,), (2,)), ((0,), (0,)))": -5.112934319634739e-19,
    "(((0,), (2,)), ((0,), (1,)))": -3.0611452002234557e-19,
    "(((0,), (2,)), ((0,), (2,)))": -0.00040352554927610204,
    "(((0,), (2,)), ((0,), (3,)))": -1.8029638578979063e-18,
    "(((0,), (2,)), ((0,), (4,)))": 1.4147018670112083e-15,
    "(((0,), (2,)), ((0,), (5,)))": 2.695057133184655e-15,
    "(((0,), (2,)), ((0,), (6,)))": 7.51985101799364e-20,
    "(((0,), (2,)), ((1,), (0,)))": -4.615995093864986e-18,
    "(((0,), (2,)), ((1,), (1,)))": 1.7289253306338512e-18,
    "(((0,), (2,)), ((1,), (2,)))": 6.65705730118294e-17,
    "(((0,), (2,)), ((1,), (3,)))": -1.6411659143024301e-18,
    "(((0,), (2,)), ((1,), (4,)))": -0.0004252469620494107,
    "(((0,), (2,)), ((1,), (5,)))": -0.0008102397055351446,
    "(((0,), (2,)), ((1,), (6,)))": -4.5643114146334836e-18,
    "(((0,), (2,)), ((2,), (0,)))": 3.887651281867046e-18,
    "(((0,), (2,)), ((2,), (1,)))": -4.721926297207904e-18,
    "(((0,), (2,)), ((2,), (2,)))": -4.355199260238034e-15,
    "(((0,), (2,)), ((2,), (3,)))": 8.805995003634871e-18,
    "(((0,), (2,)), ((2,), (4,)))": 0.0010315742929865698,
    "(((0,), (2,)), ((2,), (5,)))": 0.0019655095762928466,
    "(((0,), (2,)), ((2,), (6,)))": 1.1443904449103702e-17,
    "(((0,), (3,)), ((0,), (0,)))": 2.5180399923341946e-15,
    "(((0,), (3,)), ((0,), (1,)))": 2.2270324119743524e-18,
    "(((0,), (3,)), ((0,), (2,)))": -1.8029638578978985e-18,
    "(((0,), (3,)), ((0,), (3,)))": -0.0007097589243506024,
    "(((0,), (3,)), ((0,), (4,)))": 3.392413735052244e-19,
    "(((0,), (3,)), ((0,), (5,)))": -6.298481507767565e-19,
    "(((0,), (3,)), ((0,), (6,)))": 2.8396039715879075e-15,
    "(((0,), (3,)), ((1,), (0,)))": -0.0007551337367857796,
    "(((0,), (3,)), ((1,), (1,)))": 1.653157396250628e-18,
    "(((0,), (3,)), ((1,), (2,)))": -1.5858656680817796e-18,
    "(((0,), (3,)), ((1,), (3,)))": 1.5122689608038118e-16,
    "(((0,), (3,)), ((1,), (4,)))": -3.490440513340911e-18,
    "(((0,), (3,)), ((1,), (5,)))": 7.55661041608022e-18,
    "(((0,), (3,)), ((1,), (6,)))": -0.0008295981104287601,
    "(((0,), (3,)), ((2,), (0,)))": 0.0008913681062816923,
    "(((0,), (3,)), ((2,), (1,)))": -4.29882540821248e-18,
    "(((0,), (3,)), ((2,), (2,)))": 4.219994538517745e-18,
    "(((0,), (3,)), ((2,), (3,)))": -5.058638826736094e-15,
    "(((0,), (3,)), ((2,), (4,)))": 8.433353080430548e-18,
    "(((0,), (3,)), ((2,), (5,)))": -1.8806594502597525e-17,
    "(((0,), (3,)), ((2,), (6,)))": 0.0019138548998592876,
    "(((0,), (4,)), ((0,), (0,)))": 4.302510195669782e-20,
    "(((0,), (4,)), ((0,), (1,)))": 2.695783298858726e-15,
    "(((0,), (4,)), ((0,), (2,)))": 1.415043333677518e-15,
    "(((0,), (4,)), ((0,), (3,)))": 3.3924137350522666e-19,
    "(((0,), (4,)), ((0,), (4,)))": -0.0011323734956683435,
    "(((0,), (4,)), ((0,), (5,)))": -7.488125448171968e-20,
    "(((0,), (4,)), ((0,), (6,)))": 7.356375661531029e-20,
    "(((0,), (4,)), ((1,), (0,)))": -5.29678114220808e-19,
    "(((0,), (4,)), ((1,), (1,)))": -0.0008556316787591007,
    "(((0,), (4,)), ((1,), (2,)))": -0.0004490704960644995,
    "(((0,), (4,)), ((1,), (3,)))": -3.670504313016794e-18,
    "(((0,), (4,)), ((1,), (4,)))": -1.2565513812435761e-16,
    "(((0,), (4,)), ((1,), (5,)))": -5.134232885972399e-19,
    "(((0,), (4,)), ((1,), (6,)))": -2.892890375406942e-19,
    "(((0,), (4,)), ((2,), (0,)))": 9.411843988907524e-19,
    "(((0,), (4,)), ((2,), (1,)))": 0.0024905391355189146,
    "(((0,), (4,)), ((2,), (2,)))": 0.0013071331823280175,
    "(((0,), (4,)), ((2,), (3,)))": 9.508780461734606e-18,
    "(((0,), (4,)), ((2,), (4,)))": -4.364350430632779e-15,
    "(((0,), (4,)), ((2,), (5,)))": 1.5032787608988028e-18,
    "(((0,), (4,)), ((2,), (6,)))": 4.634286611432213e-19,
    "(((0,), (5,)), ((0,), (0,)))": -3.669868182683551e-19,
    "(((0,), (5,)), ((0,), (1,)))": -1.4142368000974822e-15,
    "(((0,), (5,)), ((0,), (2,)))": 2.6950294084921977e-15,
    "(((0,), (5,)), ((0,), (3,)))": -6.298481507767634e-19,
    "(((0,), (5,)), ((0,), (4,)))": -1.3575410797675654e-19,
    "(((0,), (5,)), ((0,), (5,)))": -0.0011323734956683444,
    "(((0,), (5,)), ((0,), (6,)))": 4.25900900929367e-20,
    "(((0,), (5,)), ((1,), (0,)))": 1.9452234163318026e-18,
    "(((0,), (5,)), ((1,), (1,)))": 0.0004490704960644997,
    "(((0,), (5,)), ((1,), (2,)))": -0.0008556316787591021,
    "(((0,), (5,)), ((1,), (3,)))": 7.985964005345928e-18,
    "(((0,), (5,)), ((1,), (4,)))": -5.54815290075254e-19,
    "(((0,), (5,)), ((1,), (5,)))": -1.209167069229599e-16,
    "(((0,), (5,)), ((1,), (6,)))": 1.49814200960658e-18,
    "(((0,), (5,)), ((2,), (0,)))": -6.242004078709101e-18,
    "(((0,), (5,)), ((2,), (1,)))": -0.0013071331823280182,
    "(((0,), (5,)), ((2,), (2,)))": 0.002490539135518914,
    "(((0,), (5,)), ((2,), (3,)))": -2.4576911330494327e-17,
    "(((0,), (5,)), ((2,), (4,)))": 1.2281202243481554e-18,
    "(((0,), (5,)), ((2,), (5,)))": -4.376609118609365e-15,
    "(((0,), (5,)), ((2,), (6,)))": -1.8390832746935286e-18,
    "(((0,), (6,)), ((0,), (0,)))": 0.0008420167400428789,
    "(((0,), (6,)), ((0,), (1,)))": -1.680995546002455e-19,
    "(((0,), (6,)), ((0,), (2,)))": 7.519851017992811e-20,
    "(((0,), (6,)), ((0,), (3,)))": 2.8396039715879075e-15,
    "(((0,), (6,)), ((0,), (4,)))": 7.356375661531096e-20,
    "(((0,), (6,)), ((0,), (5,)))": 4.2590090092939153e-20,
    "(((0,), (6,)), ((0,), (6,)))": -0.0024986609046503206,
    "(((0,), (6,)), ((1,), (0,)))": -9.22948417502331e-17,
    "(((0,), (6,)), ((1,), (1,)))": 7.072729554326316e-18,
    "(((0,), (6,)), ((1,), (2,)))": -5.2733402104520065e-18,
    "(((0,), (6,)), ((1,), (3,)))": -0.0009246394677925442,
    "(((0,), (6,)), ((1,), (4,)))": -3.189153669005536e-19,
    "(((0,), (6,)), ((1,), (5,)))": 1.3542866376146522e-18,
    "(((0,), (6,)), ((1,), (6,)))": -1.3498014590771806e-16,
    "(((0,), (6,)), ((2,), (0,)))": -4.120535865162589e-15,
    "(((0,), (6,)), ((2,), (1,)))": -2.5914606736787836e-17,
    "(((0,), (6,)), ((2,), (2,)))": 1.9689133808211098e-17,
    "(((0,), (6,)), ((2,), (3,)))": 0.0034181334568207204,
    "(((0,), (6,)), ((2,), (4,)))": 1.4149337420269674e-18,
    "(((0,), (6,)), ((2,), (5,)))": -5.1351993721348506e-18,
    "(((0,), (6,)), ((2,), (6,)))": -1.9861162929549577e-15,
    "(((1,), (0,)), ((0,), (0,)))": -2.0259002687872228e-17,
    "(((1,), (0,)), ((0,), (1,)))": 5.541396160188681e-18,
    "(((1,), (0,)), ((0,), (2,)))": -4.61599509386498e-18,
    "(((1,), (0,)), ((0,), (3,)))": -0.0007551337367857805,
    "(((1,), (0,)), ((0,), (4,)))": -5.296781142208082e-19,
    "(((1,), (0,)), ((0,), (5,)))": 1.9452234163318026e-18,
    "(((1,), (0,)), ((0,), (6,)))": -9.680727935633996e-17,
    "(((1,), (0,)), ((1,), (0,)))": -0.0018961813036469076,
    "(((1,), (0,)), ((1,), (1,)))": 5.866106618767377e-19,
    "(((1,), (0,)), ((1,), (2,)))": -4.987274986897153e-19,
    "(((1,), (0,)), ((1,), (3,)))": -2.527816118703493e-15,
    "(((1,), (0,)), ((1,), (4,)))": 5.148121911984027e-20,
    "(((1,), (0,)), ((1,), (5,)))": -5.212300332465154e-19,
    "(((1,), (0,)), ((1,), (6,)))": 0.0009058557035340589,
    "(((1,), (0,)), ((2,), (0,)))": -0.0012528088463934798,
    "(((1,), (0,)), ((2,), (1,)))": 1.3188284473979217e-18,
    "(((1,), (0,)), ((2,), (2,)))": -1.4022290634954488e-18,
    "(((1,), (0,)), ((2,), (3,)))": 1.7429116207420642e-15,
    "(((1,), (0,)), ((2,), (4,)))": 3.4417244535971667e-19,
    "(((1,), (0,)), ((2,), (5,)))": 9.746899109651927e-19,
    "(((1,), (0,)), ((2,), (6,)))": 0.0021893201711491953,
    "(((1,), (1,)), ((0,), (0,)))": 5.712718678045581e-18,
    "(((1,), (1,)), ((0,), (1,)))": 6.780391416513613e-17,
    "(((1,), (1,)), ((0,), (2,)))": 1.7004889645981084e-18,
    "(((1,), (1,)), ((0,), (3,)))": 1.6531573962506301e-18,
    "(((1,), (1,)), ((0,), (4,)))": -0.0008556316787591019,
    "(((1,), (1,)), ((0,), (5,)))": 0.0004490704960644997,
    "(((1,), (1,)), ((0,), (6,)))": 7.072729554326306e-18,
    "(((1,), (1,)), ((1,), (0,)))": 5.866106618767558e-19,
    "(((1,), (1,)), ((1,), (1,)))": -0.00044215582788703465,
    "(((1,), (1,)), ((1,), (2,)))": 2.893999320978018e-20,
    "(((1,), (1,)), ((1,), (3,)))": 2.688994880236803e-18,
    "(((1,), (1,)), ((1,), (4,)))": -2.6928709997926642e-15,
    "(((1,), (1,)), ((1,), (5,)))": 1.4141828847997515e-15,
    "(((1,), (1,)), ((1,), (6,)))": -2.603461644113306e-19,
    "(((1,), (1,)), ((2,), (0,)))": 6.623023745893048e-19,
    "(((1,), (1,)), ((2,), (1,)))": 0.002688276188183037,
    "(((1,), (1,)), ((2,), (2,)))": -1.3913420053895541e-09,
    "(((1,), (1,)), ((2,), (3,)))": -7.564749958120193e-19,
    "(((1,), (1,)), ((2,), (4,)))": 3.1816374868052394e-15,
    "(((1,), (1,)), ((2,), (5,)))": -1.6690280421326628e-15,
    "(((1,), (1,)), ((2,), (6,)))": -1.0145870154770428e-18,
    "(((1,), (2,)), ((0,), (0,)))": -4.580635115624885e-18,
    "(((1,), (2,)), ((0,), (1,)))": 1.8027868391004607e-18,
    "(((1,), (2,)), ((0,), (2,)))": 6.660735987818201e-17,
    "(((1,), (2,)), ((0,), (3,)))": -1.5858656680817825e-18,
    "(((1,), (2,)), ((0,), (4,)))": -0.0004490704960645001,
    "(((1,), (2,)), ((0,), (5,)))": -0.0008556316787591019,
    "(((1,), (2,)), ((0,), (6,)))": -5.273340210451997e-18,
    "(((1,), (2,)), ((1,), (0,)))": -4.987274986897203e-19,
    "(((1,), (2,)), ((1,), (1,)))": -1.1270986414475402e-19,
    "(((1,), (2,)), ((1,), (2,)))": -0.00044215582788703444,
    "(((1,), (2,)), ((1,), (3,)))": -2.1169776832810867e-18,
    "(((1,), (2,)), ((1,), (4,)))": -1.4133396345835829e-15,
    "(((1,), (2,)), ((1,), (5,)))": -2.6936628261743397e-15,
    "(((1,), (2,)), ((1,), (6,)))": 2.4013449735034053e-19,
    "(((1,), (2,)), ((2,), (0,)))": -7.60423307206374e-19,
    "(((1,), (2,)), ((2,), (1,)))": 1.3913420060194451e-09,
    "(((1,), (2,)), ((2,), (2,)))": 0.0026882761881830385,
    "(((1,), (2,)), ((2,), (3,)))": -3.133764301746433e-18,
    "(((1,), (2,)), ((2,), (4,)))": 1.6694321062513943e-15,
    "(((1,), (2,)), ((2,), (5,)))": 3.180159015025925e-15,
    "(((1,), (2,)), ((2,), (6,)))": 4.0574910909819443e-19,
    "(((1,), (3,)), ((0,), (0,)))": -0.0008054503804173525,
    "(((1,), (3,)), ((0,), (1,)))": 1.6502926215558429e-18,
    "(((1,), (3,)), ((0,), (2,)))": -1.6411659143024274e-18,
    "(((1,), (3,)), ((0,), (3,)))": 1.5142110655915434e-16,
    "(((1,), (3,)), ((0,), (4,)))": -3.670504313016799e-18,
    "(((1,), (3,)), ((0,), (5,)))": 7.985964005345928e-18,
    "(((1,), (3,)), ((0,), (6,)))": -0.0009246394677925434,
    "(((1,), (3,)), ((1,), (0,)))": -2.529166744553191e-15,
    "(((1,), (3,)), ((1,), (1,)))": 2.688994880236807e-18,
    "(((1,), (3,)), ((1,), (2,)))": -2.1169776832810852e-18,
    "(((1,), (3,)), ((1,), (3,)))": -0.0008094259472686147,
    "(((1,), (3,)), ((1,), (4,)))": 2.4205317047611365e-19,
    "(((1,), (3,)), ((1,), (5,)))": -4.1327091576816856e-19,
    "(((1,), (3,)), ((1,), (6,)))": -2.834089718756083e-15,
    "(((1,), (3,)), ((2,), (0,)))": 1.421789021641513e-15,
    "(((1,), (3,)), ((2,), (1,)))": -3.485299908524084e-18,
    "(((1,), (3,)), ((2,), (2,)))": 2.5047758224122005e-18,
    "(((1,), (3,)), ((2,), (3,)))": 0.003140562309914206,
    "(((1,), (3,)), ((2,), (4,)))": 1.0493322637807601e-19,
    "(((1,), (3,)), ((2,), (5,)))": -6.427850970420344e-19,
    "(((1,), (3,)), ((2,), (6,)))": 3.104870319388968e-15,
    "(((1,), (4,)), ((0,), (0,)))": -6.077180482453969e-19,
    "(((1,), (4,)), ((0,), (1,)))": -0.0008102397055351436,
    "(((1,), (4,)), ((0,), (2,)))": -0.00042524696204940997,
    "(((1,), (4,)), ((0,), (3,)))": -3.490440513340908e-18,
    "(((1,), (4,)), ((0,), (4,)))": -1.2556794270832704e-16,
    "(((1,), (4,)), ((0,), (5,)))": -4.916549944670746e-19,
    "(((1,), (4,)), ((0,), (6,)))": -3.1891536690055304e-19,
    "(((1,), (4,)), ((1,), (0,)))": 5.148121911983907e-20,
    "(((1,), (4,)), ((1,), (1,)))": -2.692938449415376e-15,
    "(((1,), (4,)), ((1,), (2,)))": -1.41337602252212e-15,
    "(((1,), (4,)), ((1,), (3,)))": 2.4205317047611346e-19,
    "(((1,), (4,)), ((1,), (4,)))": -0.001059774914143649,
    "(((1,), (4,)), ((1,), (5,)))": -6.205630208466249e-20,
    "(((1,), (4,)), ((1,), (6,)))": 5.51772975337818e-20,
    "(((1,), (4,)), ((2,), (0,)))": 1.9657107118179574e-19,
    "(((1,), (4,)), ((2,), (1,)))": 4.030515548608016e-15,
    "(((1,), (4,)), ((2,), (2,)))": 2.1154922144200574e-15,
    "(((1,), (4,)), ((2,), (3,)))": 1.4835806378577995e-18,
    "(((1,), (4,)), ((2,), (4,)))": 0.002711493108491897,
    "(((1,), (4,)), ((2,), (5,)))": -1.3668071990499296e-09,
    "(((1,), (4,)), ((2,), (6,)))": -5.466599307951196e-19,
    "(((1,), (5,)), ((0,), (0,)))": 2.324819628158476e-18,
    "(((1,), (5,)), ((0,), (1,)))": 0.0004252469620494099,
    "(((1,), (5,)), ((0,), (2,)))": -0.0008102397055351449,
    "(((1,), (5,)), ((0,), (3,)))": 7.556610416080223e-18,
    "(((1,), (5,)), ((0,), (4,)))": -5.691584358372046e-19,
    "(((1,), (5,)), ((0,), (5,)))": -1.209069410363645e-16,
    "(((1,), (5,)), ((0,), (6,)))": 1.354286637614649e-18,
    "(((1,), (5,)), ((1,), (0,)))": -5.212300332465129e-19,
    "(((1,), (5,)), ((1,), (1,)))": 1.4139333675069247e-15,
    "(((1,), (5,)), ((1,), (2,)))": -2.693474873668363e-15,
    "(((1,), (5,)), ((1,), (3,)))": -4.132709157681734e-19,
    "(((1,), (5,)), ((1,), (4,)))": -1.4025816097104695e-19,
    "(((1,), (5,)), ((1,), (5,)))": -0.00105977491414365,
    "(((1,), (5,)), ((1,), (6,)))": 1.1821814544966726e-19,
    "(((1,), (5,)), ((2,), (0,)))": 2.305480485581719e-18,
    "(((1,), (5,)), ((2,), (1,)))": -2.11471951169963e-15,
    "(((1,), (5,)), ((2,), (2,)))": 4.029960996328642e-15,
    "(((1,), (5,)), ((2,), (3,)))": -4.7412405093481355e-19,
    "(((1,), (5,)), ((2,), (4,)))": 1.3668071992163428e-09,
    "(((1,), (5,)), ((2,), (5,)))": 0.0027114931084918988,
    "(((1,), (5,)), ((2,), (6,)))": -8.841350329747676e-19,
    "(((1,), (6,)), ((0,), (0,)))": -9.242526489207039e-17,
    "(((1,), (6,)), ((0,), (1,)))": 6.232865433239864e-18,
    "(((1,), (6,)), ((0,), (2,)))": -4.564311414633493e-18,
    "(((1,), (6,)), ((0,), (3,)))": -0.0008295981104287609,
    "(((1,), (6,)), ((0,), (4,)))": -2.892890375406946e-19,
    "(((1,), (6,)), ((0,), (5,)))": 1.4981420096065825e-18,
    "(((1,), (6,)), ((0,), (6,)))": -1.357257039152406e-16,
    "(((1,), (6,)), ((1,), (0,)))": 0.0009058557035340519,
    "(((1,), (6,)), ((1,), (1,)))": -2.603461644113358e-19,
    "(((1,), (6,)), ((1,), (2,)))": 2.40134497350339e-19,
    "(((1,), (6,)), ((1,), (3,)))": -2.8338058949347953e-15,
    "(((1,), (6,)), ((1,), (4,)))": 5.517729753378243e-20,
    "(((1,), (6,)), ((1,), (5,)))": 1.182181454496677e-19,
    "(((1,), (6,)), ((1,), (6,)))": -0.0024180798294065357,
    "(((1,), (6,)), ((2,), (0,)))": 0.0025400491609371984,
    "(((1,), (6,)), ((2,), (1,)))": -1.372919830315289e-18,
    "(((1,), (6,)), ((2,), (2,)))": 7.644133574582223e-19,
    "(((1,), (6,)), ((2,), (3,)))": 5.5443328623309146e-15,
    "(((1,), (6,)), ((2,), (4,)))": -6.039108657310566e-19,
    "(((1,), (6,)), ((2,), (5,)))": -3.5729645637977937e-19,
    "(((1,), (6,)), ((2,), (6,)))": 0.0012234920585130595,
    "(((2,), (0,)), ((0,), (0,)))": 2.0205441314715304e-15,
    "(((2,), (0,)), ((0,), (1,)))": -5.28757524448398e-18,
    "(((2,), (0,)), ((0,), (2,)))": 3.887651281867045e-18,
    "(((2,), (0,)), ((0,), (3,)))": 0.0008913681062816918,
    "(((2,), (0,)), ((0,), (4,)))": 9.41184398890752e-19,
    "(((2,), (0,)), ((0,), (5,)))": -6.2420040787091e-18,
    "(((2,), (0,)), ((0,), (6,)))": -4.131809502853513e-15,
    "(((2,), (0,)), ((1,), (0,)))": -0.0012528088463934774,
    "(((2,), (0,)), ((1,), (1,)))": 6.623023745892867e-19,
    "(((2,), (0,)), ((1,), (2,)))": -7.604233072063709e-19,
    "(((2,), (0,)), ((1,), (3,)))": 1.4246926565807465e-15,
    "(((2,), (0,)), ((1,), (4,)))": 1.9657107118179843e-19,
    "(((2,), (0,)), ((1,), (5,)))": 2.3054804855817135e-18,
    "(((2,), (0,)), ((1,), (6,)))": 0.002540049160937196,
    "(((2,), (0,)), ((2,), (0,)))": -0.1533954391595596,
    "(((2,), (0,)), ((2,), (1,)))": 4.304903467060715e-17,
    "(((2,), (0,)), ((2,), (2,)))": -1.375326238100509e-17,
    "(((2,), (0,)), ((2,), (3,)))": -4.1667776956692705e-16,
    "(((2,), (0,)), ((2,), (4,)))": -6.322888614759151e-18,
    "(((2,), (0,)), ((2,), (5,)))": -3.164628009994445e-18,
    "(((2,), (0,)), ((2,), (6,)))": 0.05517417898559393,
    "(((2,), (1,)), ((0,), (0,)))": -7.390081208531646e-18,
    "(((2,), (1,)), ((0,), (1,)))": -4.3593144077509436e-15,
    "(((2,), (1,)), ((0,), (2,)))": -4.857424269461735e-18,
    "(((2,), (1,)), ((0,), (3,)))": -4.298825408212478e-18,
    "(((2,), (1,)), ((0,), (4,)))": 0.0024905391355189146,
    "(((2,), (1,)), ((0,), (5,)))": -0.0013071331823280182,
    "(((2,), (1,)), ((0,), (6,)))": -2.5914606736787823e-17,
    "(((2,), (1,)), ((1,), (0,)))": 1.3188284473979539e-18,
    "(((2,), (1,)), ((1,), (1,)))": 0.002688276188183037,
    "(((2,), (1,)), ((1,), (2,)))": 1.3913420063905496e-09,
    "(((2,), (1,)), ((1,), (3,)))": -3.485299908524097e-18,
    "(((2,), (1,)), ((1,), (4,)))": 4.0313917772410086e-15,
    "(((2,), (1,)), ((1,), (5,)))": -2.11460362528484e-15,
    "(((2,), (1,)), ((1,), (6,)))": -1.372919830315303e-18,
    "(((2,), (1,)), ((2,), (0,)))": 4.304903467060706e-17,
    "(((2,), (1,)), ((2,), (1,)))": -0.1505268702997362,
    "(((2,), (1,)), ((2,), (2,)))": -4.331605710308152e-17,
    "(((2,), (1,)), ((2,), (3,)))": -3.724728963108766e-16,
    "(((2,), (1,)), ((2,), (4,)))": -6.04551587985555e-16,
    "(((2,), (1,)), ((2,), (5,)))": 5.61889139517523e-17,
    "(((2,), (1,)), ((2,), (6,)))": -9.106860361179753e-18,
    "(((2,), (2,)), ((0,), (0,)))": 6.146970520706568e-18,
    "(((2,), (2,)), ((0,), (1,)))": -4.833583068038813e-18,
    "(((2,), (2,)), ((0,), (2,)))": -4.3551693988779955e-15,
    "(((2,), (2,)), ((0,), (3,)))": 4.219994538517732e-18,
    "(((2,), (2,)), ((0,), (4,)))": 0.0013071331823280184,
    "(((2,), (2,)), ((0,), (5,)))": 0.002490539135518914,
    "(((2,), (2,)), ((0,), (6,)))": 1.9689133808211064e-17,
    "(((2,), (2,)), ((1,), (0,)))": -1.4022290634954596e-18,
    "(((2,), (2,)), ((1,), (1,)))": -1.391342005715658e-09,
    "(((2,), (2,)), ((1,), (2,)))": 0.0026882761881830385,
    "(((2,), (2,)), ((1,), (3,)))": 2.5047758224122163e-18,
    "(((2,), (2,)), ((1,), (4,)))": 2.1155879335886372e-15,
    "(((2,), (2,)), ((1,), (5,)))": 4.030552977597529e-15,
    "(((2,), (2,)), ((1,), (6,)))": 7.644133574582161e-19,
    "(((2,), (2,)), ((2,), (0,)))": -1.375326238100517e-17,
    "(((2,), (2,)), ((2,), (1,)))": -4.547480553863913e-17,
    "(((2,), (2,)), ((2,), (2,)))": -0.15052687029973644,
    "(((2,), (2,)), ((2,), (3,)))": 3.1111256452136917e-16,
    "(((2,), (2,)), ((2,), (4,)))": -3.1226818968479453e-16,
    "(((2,), (2,)), ((2,), (5,)))": -3.2768111249657746e-16,
    "(((2,), (2,)), ((2,), (6,)))": 3.962350920300679e-17,
    "(((2,), (3,)), ((0,), (0,)))": 0.0010891957294495366,
    "(((2,), (3,)), ((0,), (1,)))": -5.935587097548281e-18,
    "(((2,), (3,)), ((0,), (2,)))": 8.805995003634882e-18,
    "(((2,), (3,)), ((0,), (3,)))": -5.058835363482891e-15,
    "(((2,), (3,)), ((0,), (4,)))": 9.508780461734599e-18,
    "(((2,), (3,)), ((0,), (5,)))": -2.457691133049431e-17,
    "(((2,), (3,)), ((0,), (6,)))": 0.003418133456820722,
    "(((2,), (3,)), ((1,), (0,)))": 1.7394178982238167e-15,
    "(((2,), (3,)), ((1,), (1,)))": -7.564749958120044e-19,
    "(((2,), (3,)), ((1,), (2,)))": -3.133764301746444e-18,
    "(((2,), (3,)), ((1,), (3,)))": 0.0031405623099142054,
    "(((2,), (3,)), ((1,), (4,)))": 1.4835806378577968e-18,
    "(((2,), (3,)), ((1,), (5,)))": -4.741240509348043e-19,
    "(((2,), (3,)), ((1,), (6,)))": 5.544932754685273e-15,
    "(((2,), (3,)), ((2,), (0,)))": -4.112404720952665e-16,
    "(((2,), (3,)), ((2,), (1,)))": -3.724728963108769e-16,
    "(((2,), (3,)), ((2,), (2,)))": 3.1111256452136937e-16,
    "(((2,), (3,)), ((2,), (3,)))": -0.09515068239924604,
    "(((2,), (3,)), ((2,), (4,)))": -7.133056998601124e-17,
    "(((2,), (3,)), ((2,), (5,)))": 1.678222327242793e-16,
    "(((2,), (3,)), ((2,), (6,)))": 4.462627764458879e-16,
    "(((2,), (4,)), ((0,), (0,)))": 1.0618687267201276e-18,
    "(((2,), (4,)), ((0,), (1,)))": 0.0019655095762928453,
    "(((2,), (4,)), ((0,), (2,)))": 0.0010315742929865694,
    "(((2,), (4,)), ((0,), (3,)))": 8.433353080430548e-18,
    "(((2,), (4,)), ((0,), (4,)))": -4.364359764681658e-15,
    "(((2,), (4,)), ((0,), (5,)))": 1.2427014002728197e-18,
    "(((2,), (4,)), ((0,), (6,)))": 1.4149337420269676e-18,
    "(((2,), (4,)), ((1,), (0,)))": 3.44172445359714e-19,
    "(((2,), (4,)), ((1,), (1,)))": 3.180826894187544e-15,
    "(((2,), (4,)), ((1,), (2,)))": 1.6695376801768921e-15,
    "(((2,), (4,)), ((1,), (3,)))": 1.0493322637807577e-19,
    "(((2,), (4,)), ((1,), (4,)))": 0.0027114931084918957,
    "(((2,), (4,)), ((1,), (5,)))": 1.3668071992776042e-09,
    "(((2,), (4,)), ((1,), (6,)))": -6.03910865731055e-19,
    "(((2,), (4,)), ((2,), (0,)))": -6.322888614759146e-18,
    "(((2,), (4,)), ((2,), (1,)))": -6.028910238336544e-16,
    "(((2,), (4,)), ((2,), (2,)))": -3.132127538417387e-16,
    "(((2,), (4,)), ((2,), (3,)))": -7.133056998601114e-17,
    "(((2,), (4,)), ((2,), (4,)))": -0.0018487258009232885,
    "(((2,), (4,)), ((2,), (5,)))": 3.858374045435031e-17,
    "(((2,), (4,)), ((2,), (6,)))": -3.3960533047490007e-18,
    "(((2,), (5,)), ((0,), (0,)))": -4.461465267543341e-18,
    "(((2,), (5,)), ((0,), (1,)))": -0.0010315742929865696,
    "(((2,), (5,)), ((0,), (2,)))": 0.0019655095762928466,
    "(((2,), (5,)), ((0,), (3,)))": -1.8806594502597528e-17,
    "(((2,), (5,)), ((0,), (4,)))": 1.5254935550459074e-18,
    "(((2,), (5,)), ((0,), (5,)))": -4.3771539937126656e-15,
    "(((2,), (5,)), ((0,), (6,)))": -5.1351993721348506e-18,
    "(((2,), (5,)), ((1,), (0,)))": 9.746899109651989e-19,
    "(((2,), (5,)), ((1,), (1,)))": -1.6686749259260105e-15,
    "(((2,), (5,)), ((1,), (2,)))": 3.1803118661951123e-15,
    "(((2,), (5,)), ((1,), (3,)))": -6.427850970420443e-19,
    "(((2,), (5,)), ((1,), (4,)))": -1.366807199144396e-09,
    "(((2,), (5,)), ((1,), (5,)))": 0.0027114931084918983,
    "(((2,), (5,)), ((1,), (6,)))": -3.5729645637978197e-19,
    "(((2,), (5,)), ((2,), (0,)))": -3.164628009994469e-18,
    "(((2,), (5,)), ((2,), (1,)))": 5.632385168845861e-17,
    "(((2,), (5,)), ((2,), (2,)))": -3.2989519803244494e-16,
    "(((2,), (5,)), ((2,), (3,)))": 1.678222327242792e-16,
    "(((2,), (5,)), ((2,), (4,)))": 3.842408975659868e-17,
    "(((2,), (5,)), ((2,), (5,)))": -0.0018487258009232434,
    "(((2,), (5,)), ((2,), (6,)))": 5.0187065679203046e-18,
    "(((2,), (6,)), ((0,), (0,)))": -3.5384840431798075e-15,
    "(((2,), (6,)), ((0,), (1,)))": -1.5054208996736416e-17,
    "(((2,), (6,)), ((0,), (2,)))": 1.1443904449103723e-17,
    "(((2,), (6,)), ((0,), (3,)))": 0.0019138548998592858,
    "(((2,), (6,)), ((0,), (4,)))": 4.634286611432186e-19,
    "(((2,), (6,)), ((0,), (5,)))": -1.8390832746935255e-18,
    "(((2,), (6,)), ((0,), (6,)))": -1.9910296407623706e-15,
    "(((2,), (6,)), ((1,), (0,)))": 0.0021893201711491905,
    "(((2,), (6,)), ((1,), (1,)))": -1.014587015477032e-18,
    "(((2,), (6,)), ((1,), (2,)))": 4.057491090982029e-19,
    "(((2,), (6,)), ((1,), (3,)))": 3.1069452175273224e-15,
    "(((2,), (6,)), ((1,), (4,)))": -5.466599307951175e-19,
    "(((2,), (6,)), ((1,), (5,)))": -8.841350329747713e-19,
    "(((2,), (6,)), ((1,), (6,)))": 0.0012234920585130643,
    "(((2,), (6,)), ((2,), (0,)))": 0.05517417898559393,
    "(((2,), (6,)), ((2,), (1,)))": -9.106860361179594e-18,
    "(((2,), (6,)), ((2,), (2,)))": 3.962350920300673e-17,
    "(((2,), (6,)), ((2,), (3,)))": 4.445311494324515e-16,
    "(((2,), (6,)), ((2,), (4,)))": -3.3960533047489853e-18,
    "(((2,), (6,)), ((2,), (5,)))": 5.01870656792024e-18,
    "(((2,), (6,)), ((2,), (6,)))": -0.026352605559821267
  },
  "red": [
    [
      0.9999345724396701,
      -1.3794450479246546e-17,
      1.1429903866058437e-15,
      0.0006447089748890813,
      3.389122952802639e-17,
      -7.932683967456155e-17,
      6.38555834860274e-16,
      2.273084675487039e-17,
      2.3704608976727703e-17,
      -0.001048088608929634,
      0.0,
      0.0,
      0.0,
      0.0,
      0.0,
      0.0,
      0.0,
      0.0,
      0.0,
      0.0
    ],
    [
      -1.3794450479246546e-17,
      0.9999259155693184,
      -0.0007072752572018727,
      1.0462071874173798e-15,
      -4.240408321118576e-17,
      9.036423662098624e-17,
      -0.0004043448764611216,
      -2.6175379935412476e-17,
      -7.569766599877318e-18,
      -1.7399412894336904e-15,
      0.0,
      0.0,
      0.0,
      0.0,
      0.0,
      0.0,
      0.0,
      0.0,
      0.0,
      0.0
    ],
    [
      1.1429903866058437e-15,
      -0.0007072752572018727,
      0.912903814087491,
      4.629431892552634e-16,
      3.171564137946756e-16,
      -1.4841170906298546e-16,
      -0.04128251275785965,
      6.553579184330652e-17,
      6.229693022947468e-17,
      -4.291015445352779e-16,
      0.0,
      0.0,
      0.0,
      0.0,
      0.0,
      0.0,
      0.0,
      0.0,
      0.0,
      0.0
    ],
    [
      0.0006447089748890813,
      1.0462071874173798e-15,
      4.629431892552634e-16,
      0.026601425552163285,
      -1.355917420190344e-17,
      6.2985631673546e-18,
      9.913915169311816e-17,
      8.10744869476639e-19,
      7.860024027311774e-19,
      -0.009919155963466,
      0.0,
      0.0,
      0.0,
      0.0,
      0.0,
      0.0,
      0.0,
      0.0,
      0.0,
      0.0
    ],
    [
      3.389122952802639e-17,
      -4.240408321118576e-17,
      3.171564137946756e-16,
      -1.355917420190344e-17,
      0.022687903230454564,
      1.3371544205916824e-17,
      7.354580837756412e-17,
      9.192448707970604e-17,
      -8.597237314878948e-18,
      3.9328074879364684e-18,
      0.0,
      0.0,
      0.0,
      0.0,
      0.0,
      0.0,
      0.0,
      0.0,
      0.0,
      0.0
    ],
    [
      -7.932683967456155e-17,
      9.036423662098624e-17,
      -1.4841170906298546e-16,
      6.2985631673546e-18,
      1.3371544205916824e-17,
      0.02268790323045464,
      -6.842966361409471e-17,
      4.775440753583034e-17,
      5.0301775077799884e-17,
      -7.666251860479969e-18,
      0.0,
      0.0,
      0.0,
      0.0,
      0.0,
      0.0,
      0.0,
      0.0,
      0.0,
      0.0
    ],
    [
      6.38555834860274e-16,
      -0.0004043448764611216,
      -0.04128251275785965,
      9.913915169311816e-17,
      7.354580837756412e-17,
      -6.842966361409471e-17,
      0.01140390428811861,
      3.7961028376722076e-18,
      -1.983628282127802e-17,
      -5.388602487874512e-17,
      0.0,
      0.0,
      0.0,
      0.0,
      0.0,
      0.0,
      0.0,
      0.0,
      0.0,
      0.0
    ],
    [
      2.273084675487039e-17,
      -2.6175379935412476e-17,
      6.553579184330652e-17,
      8.10744869476639e-19,
      9.192448707970604e-17,
      4.775440753583034e-17,
      3.7961028376722076e-18,
      3.513763945743296e-05,
      -1.4115902588755363e-19,
      -2.871170472601032e-19,
      0.0,
      0.0,
      0.0,
      0.0,
      0.0,
      0.0,
      0.0,
      0.0,
      0.0,
      0.0
    ],
    [
      2.3704608976727703e-17,
      -7.569766599877318e-18,
      6.229693022947468e-17,
      7.860024027311774e-19,
      -8.597237314878948e-18,
      5.0301775077799884e-17,
      -1.983628282127802e-17,
      -1.4115902588755363e-19,
      3.5137639457432825e-05,
      -3.3601835751857745e-19,
      0.0,
      0.0,
      0.0,
      0.0,
      0.0,
      0.0,
      0.0,
      0.0,
      0.0,
      0.0
    ],
    [
      -0.001048088608929634,
      -1.7399412894336904e-15,
      -4.291015445352779e-16,
      -0.009919155963466,
      3.9328074879364684e-18,
      -7.666251860479969e-18,
      -5.388602487874512e-17,
      -2.871170472601032e-19,
      -3.3601835751857745e-19,
      0.0037842863234153336,
      0.0,
      0.0,
      0.0,
      0.0,
      0.0,
      0.0,
      0.0,
      0.0,
      0.0,
      0.0
    ],
    [
      0.0,
      0.0,
      0.0,
      0.0,
      0.0,
      0.0,
      0.0,
      0.0,
      0.0,
      0.0,
      0.9999345724396701,
      -1.380024481440525e-17,
      1.1428348764647076e-15,
      0.0006447089748890814,
      3.389122952802639e-17,
      -7.932683967456155e-17,
      6.385659542507769e-16,
      2.273084675487039e-17,
      2.3704608976727703e-17,
      -0.001048088608929634
    ],
    [
      0.0,
      0.0,
      0.0,
      0.0,
      0.0,
      0.0,
      0.0,
      0.0,
      0.0,
      0.0,
      -1.380024481440525e-17,
      0.9999259155693184,
      -0.0007072752572018738,
      1.0463713194696792e-15,
      -4.240408321118576e-17,
      9.036423662098624e-17,
      -0.0004043448764611216,
      -2.6175379935412476e-17,
      -7.56976659987732e-18,
      -1.7399741157635456e-15
    ],
    [
      0.0,
      0.0,
      0.0,
      0.0,
      0.0,
      0.0,
      0.0,
      0.0,
      0.0,
      0.0,
      1.1428348764647076e-15,
      -0.0007072752572018738,
      0.912903814087491,
      4.626701958488651e-16,
      3.171564137946756e-16,
      -1.4841170906298546e-16,
      -0.04128251275785965,
      6.553579184330652e-17,
      6.229693022947468e-17,
      -4.2919815956134096e-16
    ],
    [
      0.0,
      0.0,
      0.0,
      0.0,
      0.0,
      0.0,
      0.0,
      0.0,
      0.0,
      0.0,
      0.0006447089748890814,
      1.0463713194696792e-15,
      4.626701958488651e-16,
      0.026601425552163285,
      -1.3559174201903433e-17,
      6.298563167354597e-18,
      9.938727875657944e-17,
      8.107448694766404e-19,
      7.860024027311711e-19,
      -0.009919155963466
    ],
    [
      0.0,
      0.0,
      0.0,
      0.0,
      0.0,
      0.0,
      0.0,
      0.0,
      0.0,
      0.0,
      3.389122952802639e-17,
      -4.240408321118576e-17,
      3.171564137946756e-16,
      -1.3559174201903433e-17,
      0.022687903230454567,
      1.3364909358246653e-17,
      7.354580837756408e-17,
      9.21717173859553e-17,
      -8.576508083425199e-18,
      3.932807487936493e-18
    ],
    [
      0.0,
      0.0,
      0.0,
      0.0,
      0.0,
      0.0,
      0.0,
      0.0,
      0.0,
      0.0,
      -7.932683967456155e-17,
      9.036423662098624e-17,
      -1.4841170906298546e-16,
      6.298563167354597e-18,
      1.3364909358246653e-17,
      0.02268790323045464,
      -6.842966361409471e-17,
      4.761336399470923e-17,
      4.997297733892414e-17,
      -7.666251860479972e-18
    ],
    [
      0.0,
      0.0,
      0.0,
      0.0,
      0.0,
      0.0,
      0.0,
      0.0,
      0.0,
      0.0,
      6.385659542507769e-16,
      -0.0004043448764611216,
      -0.04128251275785965,
      9.938727875657944e-17,
      7.354580837756408e-17,
      -6.842966361409471e-17,
      0.011403904288118612,
      3.796102837672218e-18,
      -1.983628282127803e-17,
      -5.43012356055596e-17
    ],
    [
      0.0,
      0.0,
      0.0,
      0.0,
      0.0,
      0.0,
      0.0,
      0.0,
      0.0,
      0.0,
      2.273084675487039e-17,
      -2.6175379935412476e-17,
      6.553579184330652e-17,
      8.107448694766404e-19,
      9.21717173859553e-17,
      4.761336399470923e-17,
      3.796102837672218e-18,
      3.513763945743297e-05,
      -1.3777090063997215e-19,
      -2.871170472601038e-19
    ],
    [
      0.0,
      0.0,
      0.0,
      0.0,
      0.0,
      0.0,
      0.0,
      0.0,
      0.0,
      0.0,
      2.3704608976727703e-17,
      -7.56976659987732e-18,
      6.229693022947468e-17,
      7.860024027311711e-19,
      -8.576508083425199e-18,
      4.997297733892414e-17,
      -1.983628282127803e-17,
      -1.3777090063997215e-19,
      3.5137639457432825e-05,
      -3.360183575185743e-19
    ],
    [
      0.0,
      0.0,
      0.0,
      0.0,
      0.0,
      0.0,
      0.0,
      0.0,
      0.0,
      0.0,
      -0.001048088608929634,
      -1.7399741157635456e-15,
      -4.2919815956134096e-16,
      -0.009919155963466,
      3.932807487936493e-18,
      -7.666251860479972e-18,
      -5.43012356055596e-17,
      -2.871170472601038e-19,
      -3.360183575185743e-19,
      0.003784286323415334
    ]
  ],
  "CSRM": [
    [
      1.0109211029042855,
      1.4687868630290378e-05,
      0.0006526296004010742,
      -0.0018460579218283679,
      -0.0003892862236289152,
      -0.00038928622362891516,
      -0.0006847134508410421,
      -0.001092415096533541,
      -0.0010924150965335418,
      -0.0024104899167982814
    ],
    [
      1.4687868630290378e-05,
      1.0109032534090387,
      0.0006759810907058174,
      -0.0018292701920278973,
      -0.0004265533441499339,
      -0.0004265533441499337,
      -0.0007808634939837685,
      -0.0010223783226706127,
      -0.0010223783226706135,
      -0.002332752329837841
    ],
    [
      0.0006526296004010742,
      0.0006759810907058174,
      0.9205488834108507,
      -0.14798252883726498,
      -0.14521518401693467,
      -0.14521518401693492,
      -0.09179307207032018,
      -0.0017834892656929226,
      -0.001783489265692879,
      -0.025422693357505143
    ],
    [
      -0.0018460579218283679,
      -0.0018292701920278973,
      -0.14798252883726498,
      0.023800559802354633,
      0.023339981390983797,
      0.023339981390983835,
      0.014751857281787219,
      0.00028407182182436794,
      0.000284071821824361,
      0.004093387500869612
    ],
    [
      -0.0003892862236289152,
      -0.0004265533441499339,
      -0.14521518401693467,
      0.023339981390983797,
      0.02292357295607914,
      0.022923572956079177,
      0.014498650654428428,
      0.0002970317628365679,
      0.00029703176283656107,
      0.004019339015887849
    ],
    [
      -0.00038928622362891516,
      -0.0004265533441499337,
      -0.14521518401693492,
      0.023339981390983835,
      0.022923572956079177,
      0.022923572956079215,
      0.01449865065442845,
      0.00029703176283656834,
      0.0002970317628365615,
      0.0040193390158878555
    ],
    [
      -0.0006847134508410421,
      -0.0007808634939837685,
      -0.09179307207032018,
      0.014751857281787219,
      0.014498650654428428,
      0.01449865065442845,
      0.009174764751935658,
      0.0001967496062313121,
      0.00019674960623130774,
      0.0025467047890734744
    ],
    [
      -0.001092415096533541,
      -0.0010223783226706127,
      -0.0017834892656929226,
      0.00028407182182436794,
      0.0002970317628365679,
      0.00029703176283656834,
      0.0001967496062313121,
      2.075429403336954e-05,
      2.075429403336947e-05,
      6.141668988971883e-05
    ],
    [
      -0.0010924150965335418,
      -0.0010223783226706135,
      -0.001783489265692879,
      0.000284071821824361,
      0.00029703176283656107,
      0.0002970317628365615,
      0.00019674960623130774,
      2.075429403336947e-05,
      2.07542940333694e-05,
      6.141668988971764e-05
    ],
    [
      -0.0024104899167982814,
      -0.002332752329837841,
      -0.025422693357505143,
      0.004093387500869612,
      0.004019339015887849,
      0.0040193390158878555,
