{
  "E": -107.64065681064561,
  "sol": {
    "(((), ()), ((), ()))": 0.9655465689320557,
    "(((0,), (0,)), ((), ()))": 5.914061056567418e-19,
    "(((), ()), ((0,), (0,)))": 5.914061056567418e-19,
    "(((0,), (1,)), ((), ()))": 1.3047139791181991e-17,
    "(((), ()), ((0,), (1,)))": 1.3047139791181991e-17,
    "(((0,), (2,)), ((), ()))": -6.783088092692128e-16,
    "(((), ()), ((0,), (2,)))": -6.783088092692128e-16,
    "(((1,), (0,)), ((), ()))": 1.2225547187971293e-18,
    "(((), ()), ((1,), (0,)))": 1.2225547187971293e-18,
    "(((1,), (1,)), ((), ()))": 1.2044402987160454e-17,
    "(((), ()), ((1,), (1,)))": 1.2044402987160454e-17,
    "(((1,), (2,)), ((), ()))": -6.839512532366257e-05,
    "(((), ()), ((1,), (2,)))": -6.839512532366257e-05,
    "(((2,), (0,)), ((), ()))": 3.174465399867076e-17,
    "(((), ()), ((2,), (0,)))": 3.174465399867076e-17,
    "(((2,), (1,)), ((), ()))": 7.164874601188854e-18,
    "(((), ()), ((2,), (1,)))": 7.164874601188854e-18,
    "(((2,), (2,)), ((), ()))": 1.4257557513980504e-15,
    "(((), ()), ((2,), (2,)))": 1.4257557513980504e-15,
    "(((3,), (0,)), ((), ()))": 1.5759670999562492e-16,
    "(((), ()), ((3,), (0,)))": 1.5759670999562492e-16,
    "(((3,), (1,)), ((), ()))": -6.593520587272099e-18,
    "(((), ()), ((3,), (1,)))": -6.593520587272099e-18,
    "(((3,), (2,)), ((), ()))": 0.008592278587140087,
    "(((), ()), ((3,), (2,)))": 0.008592278587140087,
    "(((4,), (0,)), ((), ()))": 3.809504081894239e-15,
    "(((), ()), ((4,), (0,)))": 3.809504081894239e-15,
    "(((4,), (1,)), ((), ()))": -5.073213250294818e-16,
    "(((), ()), ((4,), (1,)))": -5.073213250294818e-16,
    "(((4,), (2,)), ((), ()))": 3.8149092578195e-17,
    "(((), ()), ((4,), (2,)))": 3.8149092578195e-17,
    "(((5,), (0,)), ((), ()))": -1.200072822494148e-15,
    "(((), ()), ((5,), (0,)))": -1.200072822494148e-15,
    "(((5,), (1,)), ((), ()))": -9.232592357460968e-16,
    "(((), ()), ((5,), (1,)))": -9.232592357460968e-16,
    "(((5,), (2,)), ((), ()))": -1.0876062277438498e-16,
    "(((), ()), ((5,), (2,)))": -1.0876062277438498e-16,
    "(((6,), (0,)), ((), ()))": -6.697135255473098e-18,
    "(((), ()), ((6,), (0,)))": -6.697135255473098e-18,
    "(((6,), (1,)), ((), ()))": 3.2836208607826576e-16,
    "(((), ()), ((6,), (1,)))": 3.2836208607826576e-16,
    "(((6,), (2,)), ((), ()))": 2.3062108791699052e-15,
    "(((), ()), ((6,), (2,)))": 2.3062108791699052e-15,
    "(((0,), (0,)), ((0,), (0,)))": -0.00030851709770162485,
    "(((0,), (0,)), ((0,), (1,)))": 7.498165598237065e-21,
    "(((0,), (0,)), ((0,), (2,)))": -4.9208298669667036e-20,
    "(((0,), (0,)), ((1,), (0,)))": -2.536918391600521e-16,
    "(((0,), (0,)), ((1,), (1,)))": 1.178062763449857e-20,
    "(((0,), (0,)), ((1,), (2,)))": -3.886194894379492e-20,
    "(((0,), (0,)), ((2,), (0,)))": -0.0006542344570150201,
    "(((0,), (0,)), ((2,), (1,)))": -4.4756602851010444e-10,
    "(((0,), (0,)), ((2,), (2,)))": -4.1295649774199894e-19,
    "(((0,), (0,)), ((3,), (0,)))": 9.443694408461883e-15,
    "(((0,), (0,)), ((3,), (1,)))": -2.2205531918595763e-20,
    "(((0,), (0,)), ((3,), (2,)))": 1.027078342630086e-18,
    "(((0,), (0,)), ((4,), (0,)))": -1.686654071093774e-19,
    "(((0,), (0,)), ((4,), (1,)))": -1.2742049741599156e-18,
    "(((0,), (0,)), ((4,), (2,)))": -0.0006082253173030086,
    "(((0,), (0,)), ((5,), (0,)))": -7.748133578546301e-19,
    "(((0,), (0,)), ((5,), (1,)))": 1.6430528438894828e-18,
    "(((0,), (0,)), ((5,), (2,)))": 0.00020491459570732838,
    "(((0,), (0,)), ((6,), (0,)))": 0.00038956815916693546,
    "(((0,), (0,)), ((6,), (1,)))": -3.1189403346374505e-10,
    "(((0,), (0,)), ((6,), (2,)))": 3.007550481115705e-18,
    "(((0,), (1,)), ((0,), (0,)))": 1.4364448320737798e-20,
    "(((0,), (1,)), ((0,), (1,)))": -0.0003085170977016249,
    "(((0,), (1,)), ((0,), (2,)))": 1.376515404265215e-20,
    "(((0,), (1,)), ((1,), (0,)))": 1.02725486969424e-20,
    "(((0,), (1,)), ((1,), (1,)))": -2.533040966821398e-16,
    "(((0,), (1,)), ((1,), (2,)))": 3.986969440495537e-20,
    "(((0,), (1,)), ((2,), (0,)))": 4.4756602854110097e-10,
    "(((0,), (1,)), ((2,), (1,)))": -0.0006542344570150203,
    "(((0,), (1,)), ((2,), (2,)))": -1.3284188305579078e-18,
    "(((0,), (1,)), ((3,), (0,)))": -3.2820931270759974e-20,
    "(((0,), (1,)), ((3,), (1,)))": 9.442804664542096e-15,
    "(((0,), (1,)), ((3,), (2,)))": 2.1321019810163745e-19,
    "(((0,), (1,)), ((4,), (0,)))": -3.562327006722521e-18,
    "(((0,), (1,)), ((4,), (1,)))": 3.3422689106384145e-18,
    "(((0,), (1,)), ((4,), (2,)))": 0.00020491459570732851,
    "(((0,), (1,)), ((5,), (0,)))": 1.867815420151842e-18,
    "(((0,), (1,)), ((5,), (1,)))": 4.062662767553253e-18,
    "(((0,), (1,)), ((5,), (2,)))": 0.0006082253173030088,
    "(((0,), (1,)), ((6,), (0,)))": 3.1189403343010563e-10,
    "(((0,), (1,)), ((6,), (1,)))": 0.00038956815916693535,
    "(((0,), (1,)), ((6,), (2,)))": 9.542163112656527e-19,
    "(((0,), (2,)), ((0,), (0,)))": -4.920829866966706e-20,
    "(((0,), (2,)), ((0,), (1,)))": 1.3765154042652248e-20,
    "(((0,), (2,)), ((0,), (2,)))": -0.0009590429994311504,
    "(((0,), (2,)), ((1,), (0,)))": -3.6336854867003786e-20,
    "(((0,), (2,)), ((1,), (1,)))": 7.801819621729375e-21,
    "(((0,), (2,)), ((1,), (2,)))": -3.7109212361326856e-16,
    "(((0,), (2,)), ((2,), (0,)))": -9.946034071455047e-20,
    "(((0,), (2,)), ((2,), (1,)))": -8.701202878421588e-19,
    "(((0,), (2,)), ((2,), (2,)))": -0.00041131640035375525,
    "(((0,), (2,)), ((3,), (0,)))": -2.590354902512041e-19,
    "(((0,), (2,)), ((3,), (1,)))": -7.54345806509693e-20,
    "(((0,), (2,)), ((3,), (2,)))": 7.253560998646097e-15,
    "(((0,), (2,)), ((4,), (0,)))": 0.0002398345134385113,
    "(((0,), (2,)), ((4,), (1,)))": -8.07995681475744e-05,
    "(((0,), (2,)), ((4,), (2,)))": 1.4741287355978602e-18,
    "(((0,), (2,)), ((5,), (0,)))": -8.079956814757434e-05,
    "(((0,), (2,)), ((5,), (1,)))": -0.00023983451343851086,
    "(((0,), (2,)), ((5,), (2,)))": -1.428473474364832e-18,
    "(((0,), (2,)), ((6,), (0,)))": -1.4109438007331784e-18,
    "(((0,), (2,)), ((6,), (1,)))": -8.646874540279525e-19,
    "(((0,), (2,)), ((6,), (2,)))": 0.0003640358087964701,
    "(((1,), (0,)), ((0,), (0,)))": -2.536822071727317e-16,
    "(((1,), (0,)), ((0,), (1,)))": 9.642740908737177e-21,
    "(((1,), (0,)), ((0,), (2,)))": -3.633685486700377e-20,
    "(((1,), (0,)), ((1,), (0,)))": -0.00033362136267193104,
    "(((1,), (0,)), ((1,), (1,)))": 9.411298204635528e-21,
    "(((1,), (0,)), ((1,), (2,)))": -4.055442304654041e-20,
    "(((1,), (0,)), ((2,), (0,)))": 6.6211177952923986e-15,
    "(((1,), (0,)), ((2,), (1,)))": 3.969006013785974e-20,
    "(((1,), (0,)), ((2,), (2,)))": -3.9535019151202425e-19,
    "(((1,), (0,)), ((3,), (0,)))": 0.0009332970744193477,
    "(((1,), (0,)), ((3,), (1,)))": 9.143064569113116e-11,
    "(((1,), (0,)), ((3,), (2,)))": -8.79606204289429e-20,
    "(((1,), (0,)), ((4,), (0,)))": -3.467853527492225e-19,
    "(((1,), (0,)), ((4,), (1,)))": -1.2642116231770947e-18,
    "(((1,), (0,)), ((4,), (2,)))": 6.1610754315139546e-15,
    "(((1,), (0,)), ((5,), (0,)))": 3.795506437547379e-19,
    "(((1,), (0,)), ((5,), (1,)))": 1.6040122482137965e-18,
    "(((1,), (0,)), ((5,), (2,)))": -2.0757445001704958e-15,
    "(((1,), (0,)), ((6,), (0,)))": -3.9695087721463875e-15,
    "(((1,), (0,)), ((6,), (1,)))": 3.503081135998825e-21,
    "(((1,), (0,)), ((6,), (2,)))": -2.9888135690248683e-19,
    "(((1,), (1,)), ((0,), (0,)))": 1.1103147384034315e-20,
    "(((1,), (1,)), ((0,), (1,)))": -2.533068137103293e-16,
    "(((1,), (1,)), ((0,), (2,)))": 7.801819621729321e-21,
    "(((1,), (1,)), ((1,), (0,)))": 1.6743491923270725e-20,
    "(((1,), (1,)), ((1,), (1,)))": -0.00033362136267193153,
    "(((1,), (1,)), ((1,), (2,)))": 1.447167754298325e-20,
    "(((1,), (1,)), ((2,), (0,)))": -1.4140946652347967e-20,
    "(((1,), (1,)), ((2,), (1,)))": 6.621847916471131e-15,
    "(((1,), (1,)), ((2,), (2,)))": -9.564444390197008e-19,
    "(((1,), (1,)), ((3,), (0,)))": -9.143064579427231e-11,
    "(((1,), (1,)), ((3,), (1,)))": 0.0009332970744193482,
    "(((1,), (1,)), ((3,), (2,)))": 3.1540970214259164e-19,
    "(((1,), (1,)), ((4,), (0,)))": -3.236741477767451e-18,
    "(((1,), (1,)), ((4,), (1,)))": 2.8879591874936492e-18,
    "(((1,), (1,)), ((4,), (2,)))": -2.075705188453072e-15,
    "(((1,), (1,)), ((5,), (0,)))": 1.6297482934722539e-18,
    "(((1,), (1,)), ((5,), (1,)))": 4.882195553992431e-18,
    "(((1,), (1,)), ((5,), (2,)))": -6.161054352208844e-15,
    "(((1,), (1,)), ((6,), (0,)))": -1.5608606077952125e-20,
    "(((1,), (1,)), ((6,), (1,)))": -3.969856136614201e-15,
    "(((1,), (1,)), ((6,), (2,)))": -9.777343933674165e-19,
    "(((1,), (2,)), ((0,), (0,)))": -3.886194894379493e-20,
    "(((1,), (2,)), ((0,), (1,)))": 3.986969440495541e-20,
    "(((1,), (2,)), ((0,), (2,)))": -3.7113638211533457e-16,
    "(((1,), (2,)), ((1,), (0,)))": -4.055442304654048e-20,
    "(((1,), (2,)), ((1,), (1,)))": 1.447167754298317e-20,
    "(((1,), (2,)), ((1,), (2,)))": -0.000995789724395801,
    "(((1,), (2,)), ((2,), (0,)))": -3.339740308131017e-19,
    "(((1,), (2,)), ((2,), (1,)))": -6.81994256089053e-19,
    "(((1,), (2,)), ((2,), (2,)))": 4.1616955900250674e-15,
    "(((1,), (2,)), ((3,), (0,)))": -1.158985843008987e-19,
    "(((1,), (2,)), ((3,), (1,)))": 1.0810119821702155e-19,
    "(((1,), (2,)), ((3,), (2,)))": 0.0007158627318343391,
    "(((1,), (2,)), ((4,), (0,)))": -2.4223452759977407e-15,
    "(((1,), (2,)), ((4,), (1,)))": 8.158985606489375e-16,
    "(((1,), (2,)), ((4,), (2,)))": 8.037181752579021e-19,
    "(((1,), (2,)), ((5,), (0,)))": 8.1613641238738e-16,
    "(((1,), (2,)), ((5,), (1,)))": 2.4216706350392857e-15,
    "(((1,), (2,)), ((5,), (2,)))": -2.4134669640782394e-19,
    "(((1,), (2,)), ((6,), (0,)))": 4.176000790619651e-20,
    "(((1,), (2,)), ((6,), (1,)))": 1.0573259315173603e-22,
    "(((1,), (2,)), ((6,), (2,)))": -3.697907645914694e-15,
    "(((2,), (0,)), ((0,), (0,)))": -0.0006542344570150202,
    "(((2,), (0,)), ((0,), (1,)))": 4.475660285332236e-10,
    "(((2,), (0,)), ((0,), (2,)))": -9.946034071455042e-20,
    "(((2,), (0,)), ((1,), (0,)))": 6.621063217043734e-15,
    "(((2,), (0,)), ((1,), (1,)))": -1.7567366302455072e-20,
    "(((2,), (0,)), ((1,), (2,)))": -3.3397403081310205e-19,
    "(((2,), (0,)), ((2,), (0,)))": -0.010841827986144192,
    "(((2,), (0,)), ((2,), (1,)))": 1.2119439722991841e-18,
    "(((2,), (0,)), ((2,), (2,)))": -7.95624915116001e-18,
    "(((2,), (0,)), ((3,), (0,)))": 4.016575920057788e-16,
    "(((2,), (0,)), ((3,), (1,)))": 9.911334245846547e-19,
    "(((2,), (0,)), ((3,), (2,)))": 2.6218239137458824e-17,
    "(((2,), (0,)), ((4,), (0,)))": 1.3004464608016007e-17,
    "(((2,), (0,)), ((4,), (1,)))": 2.9253508307236777e-18,
    "(((2,), (0,)), ((4,), (2,)))": -0.016369230997717622,
    "(((2,), (0,)), ((5,), (0,)))": -3.761489438514095e-17,
    "(((2,), (0,)), ((5,), (1,)))": 1.1634651810408101e-17,
    "(((2,), (0,)), ((5,), (2,)))": 0.005514876601918406,
    "(((2,), (0,)), ((6,), (0,)))": 0.008448777193864564,
    "(((2,), (0,)), ((6,), (1,)))": 1.0441132645821859e-09,
    "(((2,), (0,)), ((6,), (2,)))": 8.521231685116987e-17,
    "(((2,), (1,)), ((0,), (0,)))": -4.4756602850015697e-10,
    "(((2,), (1,)), ((0,), (1,)))": -0.0006542344570150203,
    "(((2,), (1,)), ((0,), (2,)))": -8.701202878421586e-19,
    "(((2,), (1,)), ((1,), (0,)))": 4.6099676528787536e-20,
    "(((2,), (1,)), ((1,), (1,)))": 6.621862206675041e-15,
    "(((2,), (1,)), ((1,), (2,)))": -6.819942560890531e-19,
    "(((2,), (1,)), ((2,), (0,)))": 1.1180182572532144e-18,
    "(((2,), (1,)), ((2,), (1,)))": -0.010841827986144192,
    "(((2,), (1,)), ((2,), (2,)))": -4.403227641895347e-19,
    "(((2,), (1,)), ((3,), (0,)))": -2.0647675212017135e-19,
    "(((2,), (1,)), ((3,), (1,)))": 3.897535199000403e-16,
    "(((2,), (1,)), ((3,), (2,)))": 4.44800028641226e-18,
    "(((2,), (1,)), ((4,), (0,)))": 3.1755195819124936e-19,
    "(((2,), (1,)), ((4,), (1,)))": 3.191453987225108e-17,
    "(((2,), (1,)), ((4,), (2,)))": 0.005514876601918397,
    "(((2,), (1,)), ((5,), (0,)))": 7.271220658141132e-18,
    "(((2,), (1,)), ((5,), (1,)))": -4.087713644768063e-17,
    "(((2,), (1,)), ((5,), (2,)))": 0.01636923099771761,
    "(((2,), (1,)), ((6,), (0,)))": -1.0441132665350543e-09,
    "(((2,), (1,)), ((6,), (1,)))": 0.008448777193864563,
    "(((2,), (1,)), ((6,), (2,)))": 6.251780087618464e-17,
    "(((2,), (2,)), ((0,), (0,)))": -4.1295649774199894e-19,
    "(((2,), (2,)), ((0,), (1,)))": -1.3284188305579082e-18,
    "(((2,), (2,)), ((0,), (2,)))": -0.00041131640035375547,
    "(((2,), (2,)), ((1,), (0,)))": -3.9535019151202416e-19,
    "(((2,), (2,)), ((1,), (1,)))": -9.564444390197008e-19,
    "(((2,), (2,)), ((1,), (2,)))": 4.161260326571076e-15,
    "(((2,), (2,)), ((2,), (0,)))": -7.956249151160009e-18,
    "(((2,), (2,)), ((2,), (1,)))": -4.403227641895333e-19,
    "(((2,), (2,)), ((2,), (2,)))": -0.022448650311063467,
    "(((2,), (2,)), ((3,), (0,)))": 4.2031386806105214e-17,
    "(((2,), (2,)), ((3,), (1,)))": 4.748055353430839e-18,
    "(((2,), (2,)), ((3,), (2,)))": -4.333931859295845e-16,
    "(((2,), (2,)), ((4,), (0,)))": -0.026632182471668195,
    "(((2,), (2,)), ((4,), (1,)))": 0.008972509033057798,
    "(((2,), (2,)), ((4,), (2,)))": -4.747028866577589e-17,
    "(((2,), (2,)), ((5,), (0,)))": 0.008972509033057793,
    "(((2,), (2,)), ((5,), (1,)))": 0.0266321824716682,
    "(((2,), (2,)), ((5,), (2,)))": 7.251678016230025e-17,
    "(((2,), (2,)), ((6,), (0,)))": 1.4658120279667132e-16,
    "(((2,), (2,)), ((6,), (1,)))": 1.0213126913758032e-16,
    "(((2,), (2,)), ((6,), (2,)))": -0.01411777635780891,
    "(((3,), (0,)), ((0,), (0,)))": 9.443693691977533e-15,
    "(((3,), (0,)), ((0,), (1,)))": -3.3402756252350895e-20,
    "(((3,), (0,)), ((0,), (2,)))": -2.5903549025120487e-19,
    "(((3,), (0,)), ((1,), (0,)))": 0.0009332970744193477,
    "(((3,), (0,)), ((1,), (1,)))": -9.143064577820651e-11,
    "(((3,), (0,)), ((1,), (2,)))": -1.1589858430090063e-19,
    "(((3,), (0,)), ((2,), (0,)))": 4.0138219104139503e-16,
    "(((3,), (0,)), ((2,), (1,)))": -6.423673064369303e-19,
    "(((3,), (0,)), ((2,), (2,)))": 4.203138680610499e-17,
    "(((3,), (0,)), ((3,), (0,)))": -0.04875227937209693,
    "(((3,), (0,)), ((3,), (1,)))": 1.0694871893619289e-17,
    "(((3,), (0,)), ((3,), (2,)))": 6.902114604513333e-18,
    "(((3,), (0,)), ((4,), (0,)))": 1.0861493152095861e-16,
    "(((3,), (0,)), ((4,), (1,)))": -2.1691229532433478e-17,
    "(((3,), (0,)), ((4,), (2,)))": -9.080657113785516e-17,
    "(((3,), (0,)), ((5,), (0,)))": -2.577434812934825e-17,
    "(((3,), (0,)), ((5,), (1,)))": -1.1138582610800588e-16,
    "(((3,), (0,)), ((5,), (2,)))": 3.191732807709097e-17,
    "(((3,), (0,)), ((6,), (0,)))": 6.657177141583642e-16,
    "(((3,), (0,)), ((6,), (1,)))": -2.6572403993750895e-18,
    "(((3,), (0,)), ((6,), (2,)))": 3.756285405581962e-17,
    "(((3,), (1,)), ((0,), (0,)))": -1.9187526524106094e-20,
    "(((3,), (1,)), ((0,), (1,)))": 9.442781557921724e-15,
    "(((3,), (1,)), ((0,), (2,)))": -7.54345806509693e-20,
    "(((3,), (1,)), ((1,), (0,)))": 9.143064567385218e-11,
    "(((3,), (1,)), ((1,), (1,)))": 0.0009332970744193482,
    "(((3,), (1,)), ((1,), (2,)))": 1.081011982170215e-19,
    "(((3,), (1,)), ((2,), (0,)))": 1.4050089601330453e-18,
    "(((3,), (1,)), ((2,), (1,)))": 3.895240190963873e-16,
    "(((3,), (1,)), ((2,), (2,)))": 4.748055353430851e-18,
    "(((3,), (1,)), ((3,), (0,)))": 1.0572171535027285e-17,
    "(((3,), (1,)), ((3,), (1,)))": -0.048752279372096856,
    "(((3,), (1,)), ((3,), (2,)))": -6.75830331920422e-18,
    "(((3,), (1,)), ((4,), (0,)))": -2.758552906788177e-18,
    "(((3,), (1,)), ((4,), (1,)))": -5.382169066640724e-17,
    "(((3,), (1,)), ((4,), (2,)))": 2.943840217721161e-17,
    "(((3,), (1,)), ((5,), (0,)))": -5.071663476138265e-17,
    "(((3,), (1,)), ((5,), (1,)))": -1.454799843392858e-18,
    "(((3,), (1,)), ((5,), (2,)))": 8.917349729302626e-17,
    "(((3,), (1,)), ((6,), (0,)))": -3.898188053242531e-18,
    "(((3,), (1,)), ((6,), (1,)))": 6.100508186018917e-16,
    "(((3,), (1,)), ((6,), (2,)))": 4.7624205426590665e-18,
    "(((3,), (2,)), ((0,), (0,)))": 1.0270783426300862e-18,
    "(((3,), (2,)), ((0,), (1,)))": 2.1321019810163745e-19,
    "(((3,), (2,)), ((0,), (2,)))": 7.253393465745744e-15,
    "(((3,), (2,)), ((1,), (0,)))": -8.796062042894172e-20,
    "(((3,), (2,)), ((1,), (1,)))": 3.1540970214259154e-19,
    "(((3,), (2,)), ((1,), (2,)))": 0.000715862731834339,
    "(((3,), (2,)), ((2,), (0,)))": 2.6218239137459073e-17,
    "(((3,), (2,)), ((2,), (1,)))": 4.448000286412323e-18,
    "(((3,), (2,)), ((2,), (2,)))": -4.3715570318693285e-16,
    "(((3,), (2,)), ((3,), (0,)))": 6.9021146045133235e-18,
    "(((3,), (2,)), ((3,), (1,)))": -6.75830331920421e-18,
    "(((3,), (2,)), ((3,), (2,)))": -0.012395394790692038,
    "(((3,), (2,)), ((4,), (0,)))": -9.876746145879546e-16,
    "(((3,), (2,)), ((4,), (1,)))": 3.381899017532268e-16,
    "(((3,), (2,)), ((4,), (2,)))": 1.8566631409602223e-18,
    "(((3,), (2,)), ((5,), (0,)))": 3.3380826006035334e-16,
    "(((3,), (2,)), ((5,), (1,)))": 1.0117893007763978e-15,
    "(((3,), (2,)), ((5,), (2,)))": 1.2963861456050333e-18,
    "(((3,), (2,)), ((6,), (0,)))": -4.132114356116735e-18,
    "(((3,), (2,)), ((6,), (1,)))": 2.8851564165200993e-18,
    "(((3,), (2,)), ((6,), (2,)))": -4.728130972394873e-16,
    "(((4,), (0,)), ((0,), (0,)))": -1.686654071093772e-19,
    "(((4,), (0,)), ((0,), (1,)))": -3.562327006722521e-18,
    "(((4,), (0,)), ((0,), (2,)))": 0.00023983451343851173,
    "(((4,), (0,)), ((1,), (0,)))": -3.467853527492223e-19,
    "(((4,), (0,)), ((1,), (1,)))": -3.236741477767451e-18,
    "(((4,), (0,)), ((1,), (2,)))": -2.422232135130915e-15,
    "(((4,), (0,)), ((2,), (0,)))": 1.3004464608016014e-17,
    "(((4,), (0,)), ((2,), (1,)))": 3.175519581912504e-19,
    "(((4,), (0,)), ((2,), (2,)))": -0.0266321824716682,
    "(((4,), (0,)), ((3,), (0,)))": 1.0861493152095861e-16,
    "(((4,), (0,)), ((3,), (1,)))": -2.7585529067881892e-18,
    "(((4,), (0,)), ((3,), (2,)))": -9.81037499444602e-16,
    "(((4,), (0,)), ((4,), (0,)))": -0.11193013668049204,
    "(((4,), (0,)), ((4,), (1,)))": 0.03307229924478196,
    "(((4,), (0,)), ((4,), (2,)))": -7.851239468914313e-17,
    "(((4,), (0,)), ((5,), (0,)))": 0.03307230619167349,
    "(((4,), (0,)), ((5,), (1,)))": 0.06504741423114511,
    "(((4,), (0,)), ((5,), (2,)))": 1.3286251419873423e-16,
    "(((4,), (0,)), ((6,), (0,)))": 5.251784804247873e-16,
    "(((4,), (0,)), ((6,), (1,)))": 2.0613029465618154e-16,
    "(((4,), (0,)), ((6,), (2,)))": -0.026498426674556243,
    "(((4,), (1,)), ((0,), (0,)))": -1.2742049741599158e-18,
    "(((4,), (1,)), ((0,), (1,)))": 3.3422689106384137e-18,
    "(((4,), (1,)), ((0,), (2,)))": -8.079956814757434e-05,
    "(((4,), (1,)), ((1,), (0,)))": -1.2642116231770947e-18,
    "(((4,), (1,)), ((1,), (1,)))": 2.88795918749365e-18,
    "(((4,), (1,)), ((1,), (2,)))": 8.158142113165767e-16,
    "(((4,), (1,)), ((2,), (0,)))": 2.925350830723676e-18,
    "(((4,), (1,)), ((2,), (1,)))": 3.191453987225108e-17,
    "(((4,), (1,)), ((2,), (2,)))": 0.008972509033057751,
    "(((4,), (1,)), ((3,), (0,)))": -2.1691229532433478e-17,
    "(((4,), (1,)), ((3,), (1,)))": -5.3821690666407244e-17,
    "(((4,), (1,)), ((3,), (2,)))": 3.352777408852002e-16,
    "(((4,), (1,)), ((4,), (0,)))": 0.03307229924478196,
    "(((4,), (1,)), ((4,), (1,)))": -0.02490636717433898,
    "(((4,), (1,)), ((4,), (2,)))": 2.6671319438411013e-17,
    "(((4,), (1,)), ((5,), (0,)))": 0.021976539661568935,
    "(((4,), (1,)), ((5,), (1,)))": -0.03307230619167351,
    "(((4,), (1,)), ((5,), (2,)))": -5.4476385571753945e-17,
    "(((4,), (1,)), ((6,), (0,)))": -1.3024649385577899e-17,
    "(((4,), (1,)), ((6,), (1,)))": -1.5126772180360173e-16,
    "(((4,), (1,)), ((6,), (2,)))": 0.00892740196801337,
    "(((4,), (2,)), ((0,), (0,)))": -0.0006082253173030088,
    "(((4,), (2,)), ((0,), (1,)))": 0.00020491459570732851,
    "(((4,), (2,)), ((0,), (2,)))": 1.4741287355978602e-18,
    "(((4,), (2,)), ((1,), (0,)))": 6.1610519686752476e-15,
    "(((4,), (2,)), ((1,), (1,)))": -2.0756928687116015e-15,
    "(((4,), (2,)), ((1,), (2,)))": 8.037181752579014e-19,
    "(((4,), (2,)), ((2,), (0,)))": -0.016369230997717615,
    "(((4,), (2,)), ((2,), (1,)))": 0.005514876601918453,
    "(((4,), (2,)), ((2,), (2,)))": -4.747028866577589e-17,
    "(((4,), (2,)), ((3,), (0,)))": -9.586741064218424e-17,
    "(((4,), (2,)), ((3,), (1,)))": 3.1168143160081e-17,
    "(((4,), (2,)), ((3,), (2,)))": 1.8566631409602473e-18,
    "(((4,), (2,)), ((4,), (0,)))": -7.851239468914372e-17,
    "(((4,), (2,)), ((4,), (1,)))": 2.6671319438411207e-17,
    "(((4,), (2,)), ((4,), (2,)))": -0.011539449571029368,
    "(((4,), (2,)), ((5,), (0,)))": 2.435779438630161e-17,
    "(((4,), (2,)), ((5,), (1,)))": 8.983518524291724e-17,
    "(((4,), (2,)), ((5,), (2,)))": -4.1640210615599865e-18,
    "(((4,), (2,)), ((6,), (0,)))": 0.0008406182906759499,
    "(((4,), (2,)), ((6,), (1,)))": -0.0002832129719077658,
    "(((4,), (2,)), ((6,), (2,)))": -4.5505427991071087e-17,
    "(((5,), (0,)), ((0,), (0,)))": -7.748133578546297e-19,
    "(((5,), (0,)), ((0,), (1,)))": 1.867815420151842e-18,
    "(((5,), (0,)), ((0,), (2,)))": -8.079956814757429e-05,
    "(((5,), (0,)), ((1,), (0,)))": 3.795506437547379e-19,
    "(((5,), (0,)), ((1,), (1,)))": 1.629748293472254e-18,
    "(((5,), (0,)), ((1,), (2,)))": 8.161475268550767e-16,
    "(((5,), (0,)), ((2,), (0,)))": -3.761489438514095e-17,
    "(((5,), (0,)), ((2,), (1,)))": 7.271220658141136e-18,
    "(((5,), (0,)), ((2,), (2,)))": 0.008972509033057748,
    "(((5,), (0,)), ((3,), (0,)))": -2.5774348129348254e-17,
    "(((5,), (0,)), ((3,), (1,)))": -5.071663476138265e-17,
    "(((5,), (0,)), ((3,), (2,)))": 3.3071908549250553e-16,
    "(((5,), (0,)), ((4,), (0,)))": 0.03307230619167349,
    "(((5,), (0,)), ((4,), (1,)))": 0.021976539661568935,
    "(((5,), (0,)), ((4,), (2,)))": 2.4357794386301017e-17,
    "(((5,), (0,)), ((5,), (0,)))": -0.024906367174339045,
    "(((5,), (0,)), ((5,), (1,)))": -0.033072299244781944,
    "(((5,), (0,)), ((5,), (2,)))": -4.315766194481578e-17,
    "(((5,), (0,)), ((6,), (0,)))": -1.4736201568960236e-16,
    "(((5,), (0,)), ((6,), (1,)))": -2.594183004035749e-16,
    "(((5,), (0,)), ((6,), (2,)))": 0.008927401968013364,
    "(((5,), (1,)), ((0,), (0,)))": 1.6430528438894826e-18,
    "(((5,), (1,)), ((0,), (1,)))": 4.062662767553252e-18,
    "(((5,), (1,)), ((0,), (2,)))": -0.00023983451343851064,
    "(((5,), (1,)), ((1,), (0,)))": 1.6040122482137965e-18,
    "(((5,), (1,)), ((1,), (1,)))": 4.882195553992431e-18,
    "(((5,), (1,)), ((1,), (2,)))": 2.4213872549820654e-15,
    "(((5,), (1,)), ((2,), (0,)))": 1.1634651810408092e-17,
    "(((5,), (1,)), ((2,), (1,)))": -4.087713644768063e-17,
    "(((5,), (1,)), ((2,), (2,)))": 0.0266321824716682,
    "(((5,), (1,)), ((3,), (0,)))": -1.1138582610800586e-16,
    "(((5,), (1,)), ((3,), (1,)))": -1.454799843392858e-18,
    "(((5,), (1,)), ((3,), (2,)))": 1.0028713648489775e-15,
    "(((5,), (1,)), ((4,), (0,)))": 0.06504741423114511,
    "(((5,), (1,)), ((4,), (1,)))": -0.03307230619167351,
    "(((5,), (1,)), ((4,), (2,)))": 8.983518524291724e-17,
    "(((5,), (1,)), ((5,), (0,)))": -0.033072299244781944,
    "(((5,), (1,)), ((5,), (1,)))": -0.11193013668049195,
    "(((5,), (1,)), ((5,), (2,)))": -1.3055095821604152e-16,
    "(((5,), (1,)), ((6,), (0,)))": -4.1702772582209074e-16,
    "(((5,), (1,)), ((6,), (1,)))": -3.4037091356194885e-16,
    "(((5,), (1,)), ((6,), (2,)))": 0.02649842667455629,
    "(((5,), (2,)), ((0,), (0,)))": 0.00020491459570732832,
    "(((5,), (2,)), ((0,), (1,)))": 0.0006082253173030087,
    "(((5,), (2,)), ((0,), (2,)))": -1.4284734743648309e-18,
    "(((5,), (2,)), ((1,), (0,)))": -2.0757552260992584e-15,
    "(((5,), (2,)), ((1,), (1,)))": -6.1609954313031996e-15,
    "(((5,), (2,)), ((1,), (2,)))": -2.413466964078248e-19,
    "(((5,), (2,)), ((2,), (0,)))": 0.005514876601918406,
    "(((5,), (2,)), ((2,), (1,)))": 0.01636923099771761,
    "(((5,), (2,)), ((2,), (2,)))": 7.251678016230022e-17,
    "(((5,), (2,)), ((3,), (0,)))": 3.402184627291525e-17,
    "(((5,), (2,)), ((3,), (1,)))": 9.501599971967004e-17,
    "(((5,), (2,)), ((3,), (2,)))": 1.2963861456050156e-18,
    "(((5,), (2,)), ((4,), (0,)))": 1.3286251419873423e-16,
    "(((5,), (2,)), ((4,), (1,)))": -5.4476385571753895e-17,
    "(((5,), (2,)), ((4,), (2,)))": -4.164021061559984e-18,
    "(((5,), (2,)), ((5,), (0,)))": -4.3157661944816104e-17,
    "(((5,), (2,)), ((5,), (1,)))": -1.3055095821604258e-16,
    "(((5,), (2,)), ((5,), (2,)))": -0.011539449571029372,
    "(((5,), (2,)), ((6,), (0,)))": -0.00028321297190772934,
    "(((5,), (2,)), ((6,), (1,)))": -0.0008406182906759256,
    "(((5,), (2,)), ((6,), (2,)))": 7.094710820249574e-17,
    "(((6,), (0,)), ((0,), (0,)))": 0.0003895681591669354,
    "(((6,), (0,)), ((0,), (1,)))": 3.118940334308518e-10,
    "(((6,), (0,)), ((0,), (2,)))": -1.4109438007331753e-18,
    "(((6,), (0,)), ((1,), (0,)))": -3.969493932071941e-15,
    "(((6,), (0,)), ((1,), (1,)))": -1.3234077740873553e-20,
    "(((6,), (0,)), ((1,), (2,)))": 4.1760007906196405e-20,
    "(((6,), (0,)), ((2,), (0,)))": 0.008448777193864568,
    "(((6,), (0,)), ((2,), (1,)))": -1.0441132666854084e-09,
    "(((6,), (0,)), ((2,), (2,)))": 1.4658120279667135e-16,
    "(((6,), (0,)), ((3,), (0,)))": 6.655983860644369e-16,
    "(((6,), (0,)), ((3,), (1,)))": -3.673646014119592e-18,
    "(((6,), (0,)), ((3,), (2,)))": -4.13211435611687e-18,
    "(((6,), (0,)), ((4,), (0,)))": 5.251784804247873e-16,
    "(((6,), (0,)), ((4,), (1,)))": -1.3024649385577899e-17,
    "(((6,), (0,)), ((4,), (2,)))": 0.0008406182906760436,
    "(((6,), (0,)), ((5,), (0,)))": -1.4736201568960236e-16,
    "(((6,), (0,)), ((5,), (1,)))": -4.170277258220908e-16,
    "(((6,), (0,)), ((5,), (2,)))": -0.00028321297190775883,
    "(((6,), (0,)), ((6,), (0,)))": -0.020734167085830774,
    "(((6,), (0,)), ((6,), (1,)))": 3.958764400816175e-18,
    "(((6,), (0,)), ((6,), (2,)))": 1.4522524895520164e-16,
    "(((6,), (1,)), ((0,), (0,)))": -3.1189403346412643e-10,
    "(((6,), (1,)), ((0,), (1,)))": 0.0003895681591669355,
    "(((6,), (1,)), ((0,), (2,)))": -8.646874540279487e-19,
    "(((6,), (1,)), ((1,), (0,)))": -1.864681561317178e-21,
    "(((6,), (1,)), ((1,), (1,)))": -3.96988201625622e-15,
    "(((6,), (1,)), ((1,), (2,)))": 1.0573259315125454e-22,
    "(((6,), (1,)), ((2,), (0,)))": 1.044113264716086e-09,
    "(((6,), (1,)), ((2,), (1,)))": 0.008448777193864563,
    "(((6,), (1,)), ((2,), (2,)))": 1.0213126913758032e-16,
    "(((6,), (1,)), ((3,), (0,)))": -2.8725779824202135e-18,
    "(((6,), (1,)), ((3,), (1,)))": 6.103610716461026e-16,
    "(((6,), (1,)), ((3,), (2,)))": 2.88515641652003e-18,
    "(((6,), (1,)), ((4,), (0,)))": 2.0613029465618154e-16,
    "(((6,), (1,)), ((4,), (1,)))": -1.5126772180360173e-16,
    "(((6,), (1,)), ((4,), (2,)))": -0.00028321297190776404,
    "(((6,), (1,)), ((5,), (0,)))": -2.594183004035749e-16,
    "(((6,), (1,)), ((5,), (1,)))": -3.4037091356194885e-16,
    "(((6,), (1,)), ((5,), (2,)))": -0.0008406182906760193,
    "(((6,), (1,)), ((6,), (0,)))": 3.798817881334964e-18,
    "(((6,), (1,)), ((6,), (1,)))": -0.02073416708583078,
    "(((6,), (1,)), ((6,), (2,)))": 9.846375077038481e-17,
    "(((6,), (2,)), ((0,), (0,)))": 3.0075504811157034e-18,
    "(((6,), (2,)), ((0,), (1,)))": 9.542163112656504e-19,
    "(((6,), (2,)), ((0,), (2,)))": 0.0003640358087964701,
    "(((6,), (2,)), ((1,), (0,)))": -2.9888135690248674e-19,
    "(((6,), (2,)), ((1,), (1,)))": -9.777343933674167e-19,
    "(((6,), (2,)), ((1,), (2,)))": -3.6980793790656854e-15,
    "(((6,), (2,)), ((2,), (0,)))": 8.521231685116987e-17,
    "(((6,), (2,)), ((2,), (1,)))": 6.251780087618466e-17,
    "(((6,), (2,)), ((2,), (2,)))": -0.01411777635780891,
    "(((6,), (2,)), ((3,), (0,)))": 3.7562854055819807e-17,
    "(((6,), (2,)), ((3,), (1,)))": 4.762420542658986e-18,
    "(((6,), (2,)), ((3,), (2,)))": -4.671426088748338e-16,
    "(((6,), (2,)), ((4,), (0,)))": -0.02649842667455636,
    "(((6,), (2,)), ((4,), (1,)))": 0.008927401968013367,
    "(((6,), (2,)), ((4,), (2,)))": -4.5505427991071087e-17,
    "(((6,), (2,)), ((5,), (0,)))": 0.008927401968013362,
    "(((6,), (2,)), ((5,), (1,)))": 0.02649842667455641,
    "(((6,), (2,)), ((5,), (2,)))": 7.094710820249574e-17,
    "(((6,), (2,)), ((6,), (0,)))": 1.4522524895520157e-16,
    "(((6,), (2,)), ((6,), (1,)))": 9.846375077038481e-17,
    "(((6,), (2,)), ((6,), (2,)))": -0.025166670092441733
  },
  "RSOPM": [
    [
      0.9999414804644584,
      0.9998837902347862,
      0.9458222834614379,
      0.917173802467807,
      0.5972996979705395,
      0.5972996979705398,
      0.9434544061592388,
      0.45140356610127724,
      0.45140356610127685,
      0.0959080723198467,
      0.9999013990842027,
      0.9998837902347862,
      0.945839311470401,
      0.917173802467807,
      0.5973076034849419,
      0.597307603484942,
      0.9434616485017265,
      0.4514093440280678,
      0.45140934402806737,
      0.0958965164662655
    ],
    [
      0.9998837902347862,
      0.9999423097703283,
      0.9458231127673078,
      0.9171746317736769,
      0.5973005272764094,
      0.5973005272764097,
      0.9434552354651087,
      0.451405302578576,
      0.45140530257857564,
      0.09590542867111905,
      0.9998837902347862,
      0.9999047862718029,
      0.9458231127673079,
      0.917212077576984,
      0.5973005272764093,
      0.5973005272764095,
      0.9434552354651087,
      0.4514053025785761,
      0.4514053025785757,
      0.095905506366337
    ],
    [
      0.9458222834614379,
      0.9458231127673078,
      0.94588080299698,
      0.8631131250003286,
      0.5432390205030614,
      0.5432390205030616,
      0.8893937286917604,
      0.44332105616958656,
      0.4433210561695862,
      0.05801241471574954,
      0.9458393114704009,
      0.9458231127673078,
      0.9040362089213932,
      0.8631131250003286,
      0.5613120360495358,
      0.561312036049536,
      0.895075263665435,
      0.43515916026090345,
      0.435159160260903,
      0.07433620653311589
    ],
    [
      0.917173802467807,
      0.9171746317736769,
      0.8631131250003286,
      0.917232322003349,
      0.5145905395094303,
      0.5145905395094306,
      0.8607452476981294,
      0.4119310873761434,
      0.4119310873761432,
      0.09214387130900477,
      0.9171738024678071,
      0.917212077576984,
      0.8631131250003286,
      0.9159686779532025,
      0.5145905395094302,
      0.5145905395094306,
      0.8607452476981295,
      0.41193108737614353,
      0.4119310873761433,
      0.09337006955584391
    ],
    [
      0.5972996979705395,
      0.5973005272764094,
      0.5432390205030614,
      0.5145905395094303,
      0.5973582175060815,
      0.19471643501216315,
      0.5408711432008619,
      0.11328568037642946,
      0.394102882929384,
      0.08874337825821062,
      0.597307603484942,
      0.5973005272764094,
      0.561312036049536,
      0.5145905395094303,
      0.45164792401174264,
      0.30934672570598354,
      0.5538702249405032,
      0.19451485966892682,
      0.33400276578789295,
      0.06761431610720425
    ],
    [
      0.5972996979705398,
      0.5973005272764097,
      0.5432390205030616,
      0.5145905395094306,
      0.19471643501216315,
      0.5973582175060819,
      0.5408711432008623,
      0.39410288292938433,
      0.11328568037642929,
      0.08874337825821065,
      0.5973076034849424,
      0.5973005272764097,
      0.5613120360495362,
      0.5145905395094306,
      0.3093467257059836,
      0.45164792401174286,
      0.5538702249405034,
      0.3340027657878934,
      0.1945148596689267,
      0.06761431610720421
    ],
    [
      0.9434544061592388,
      0.9434552354651087,
      0.8893937286917604,
      0.8607452476981294,
      0.5408711432008619,
      0.5408711432008623,
      0.9435129256947808,
      0.44308013482653563,
      0.4430801348265353,
      0.05612638009965218,
      0.9434616485017264,
      0.9434552354651087,
      0.895075263665435,
      0.8607452476981294,
      0.553870224940503,
      0.5538702249405033,
      0.9118259848993363,
      0.4301071906574224,
      0.430107190657422,
      0.08207226843787883
    ],
    [
      0.45140356610127724,
      0.451405302578576,
      0.44332105616958656,
      0.4119310873761434,
      0.11328568037642946,
      0.39410288292938433,
      0.44308013482653563,
      0.4514216183929887,
      0.0,
      0.0,
      0.4514093440280677,
      0.451405302578576,
      0.43515916026090334,
      0.4119310873761434,
      0.1945148596689267,
      0.33400276578789323,
      0.4301071906574223,
      0.3057113401623188,
      0.11463027543015177,
      0.031080002800518217
    ],
    [
      0.45140356610127685,
      0.45140530257857564,
      0.4433210561695862,
      0.4119310873761432,
      0.394102882929384,
      0.11328568037642929,
      0.4430801348265353,
      0.0,
      0.4514216183929884,
      0.0,
      0.4514093440280673,
      0.45140530257857564,
      0.43515916026090307,
      0.4119310873761432,
      0.3340027657878929,
      0.19451485966892662,
      0.43010719065742187,
      0.11463027543015177,
      0.3057113401623184,
      0.031080002800518248
    ],
    [
      0.0959080723198467,
      0.09590542867111905,
      0.05801241471574954,
      0.09214387130900477,
      0.08874337825821062,
      0.08874337825821065,
      0.05612638009965218,
      0.0,
      0.0,
      0.09593048727196558,
      0.09589651646626575,
      0.09590550636633725,
      0.07433620653311612,
      0.09337006955584416,
      0.06761431610720438,
      0.06761431610720434,
      0.0820722684378791,
      0.03108000280051832,
      0.031080002800518373,
      0.032544205728871275
    ],
    [
      0.9999013990842027,
      0.9998837902347862,
      0.9458393114704009,
      0.9171738024678071,
      0.597307603484942,
      0.5973076034849424,
      0.9434616485017264,
      0.4514093440280677,
      0.4514093440280673,
      0.09589651646626575,
      0.9999414804644584,
      0.9998837902347862,
      0.945822283461438,
      0.9171738024678071,
      0.5972996979705395,
      0.5972996979705397,
      0.9434544061592388,
      0.45140356610127735,
      0.4514035661012769,
      0.09590807231984647
    ],
    [
      0.9998837902347862,
      0.9999047862718029,
      0.9458231127673078,
      0.917212077576984,
      0.5973005272764094,
      0.5973005272764097,
      0.9434552354651087,
      0.451405302578576,
      0.45140530257857564,
      0.09590550636633725,
      0.9998837902347862,
      0.9999423097703283,
      0.9458231127673079,
      0.9171746317736769,
      0.5973005272764093,
      0.5973005272764095,
      0.9434552354651087,
      0.4514053025785761,
      0.4514053025785757,
      0.0959054286711188
    ],
    [
      0.945839311470401,
      0.9458231127673079,
      0.9040362089213932,
      0.8631131250003286,
      0.561312036049536,
      0.5613120360495362,
      0.895075263665435,
      0.43515916026090334,
      0.43515916026090307,
      0.07433620653311612,
      0.945822283461438,
      0.9458231127673079,
      0.9458808029969801,
      0.8631131250003286,
      0.5432390205030612,
      0.5432390205030613,
      0.8893937286917606,
      0.44332105616958684,
      0.44332105616958634,
      0.05801241471574932
    ],
    [
      0.917173802467807,
      0.917212077576984,
      0.8631131250003286,
      0.9159686779532025,
      0.5145905395094303,
      0.5145905395094306,
      0.8607452476981294,
      0.4119310873761434,
      0.4119310873761432,
      0.09337006955584416,
      0.9171738024678071,
      0.9171746317736769,
      0.8631131250003286,
      0.917232322003349,
      0.5145905395094302,
      0.5145905395094306,
      0.8607452476981295,
      0.41193108737614353,
      0.4119310873761433,
      0.09214387130900452
    ],
    [
      0.5973076034849419,
      0.5973005272764093,
      0.5613120360495358,
      0.5145905395094302,
      0.45164792401174264,
      0.3093467257059836,
      0.553870224940503,
      0.1945148596689267,
      0.3340027657878929,
      0.06761431610720438,
      0.5972996979705395,
      0.5973005272764093,
      0.5432390205030612,
      0.5145905395094302,
      0.5973582175060814,
      0.19471643501216293,
      0.540871143200862,
      0.11328568037642946,
      0.3941028829293841,
      0.08874337825821038
    ],
    [
      0.597307603484942,
      0.5973005272764095,
      0.561312036049536,
      0.5145905395094306,
      0.30934672570598354,
      0.45164792401174286,
      0.5538702249405033,
      0.33400276578789323,
      0.19451485966892662,
      0.06761431610720434,
      0.5972996979705397,
      0.5973005272764095,
      0.5432390205030613,
      0.5145905395094306,
      0.19471643501216293,
      0.5973582175060816,
      0.5408711432008622,
      0.3941028829293845,
      0.11328568037642929,
      0.08874337825821038
    ],
    [
      0.9434616485017265,
      0.9434552354651087,
      0.895075263665435,
      0.8607452476981295,
      0.5538702249405032,
      0.5538702249405034,
      0.9118259848993363,
      0.4301071906574223,
      0.43010719065742187,
      0.0820722684378791,
      0.9434544061592388,
      0.9434552354651087,
      0.8893937286917606,
      0.8607452476981295,
      0.540871143200862,
      0.5408711432008622,
      0.9435129256947808,
      0.44308013482653574,
      0.44308013482653535,
      0.05612638009965214
    ],
    [
      0.4514093440280678,
      0.4514053025785761,
      0.43515916026090345,
      0.41193108737614353,
      0.19451485966892682,
      0.3340027657878934,
      0.4301071906574224,
      0.3057113401623188,
      0.11463027543015177,
      0.03108000280051832,
      0.45140356610127735,
      0.4514053025785761,
      0.44332105616958684,
      0.41193108737614353,
      0.11328568037642946,
      0.3941028829293845,
      0.44308013482653574,
      0.45142161839298894,
      0.0,
      0.0
    ],
    [
      0.45140934402806737,
      0.4514053025785757,
      0.435159160260903,
      0.4119310873761433,
      0.33400276578789295,
      0.1945148596689267,
      0.430107190657422,
      0.11463027543015177,
      0.3057113401623184,
      0.031080002800518373,
      0.4514035661012769,
      0.4514053025785757,
      0.44332105616958634,
      0.4119310873761433,
      0.3941028829293841,
      0.11328568037642929,
      0.44308013482653535,
      0.0,
      0.4514216183929885,
      0.0
    ],
    [
      0.0958965164662655,
      0.095905506366337,
      0.07433620653311589,
      0.09337006955584391,
      0.06761431610720425,
      0.06761431610720421,
      0.08207226843787883,
      0.031080002800518217,
      0.031080002800518248,
      0.032544205728871275,
      0.09590807231984647,
      0.0959054286711188,
      0.05801241471574932,
      0.09214387130900452,
      0.08874337825821038,
      0.08874337825821038,
      0.05612638009965214,
      0.0,
      0.0,
      0.09593048727196533
    ]
  ],
  "RNCS": [
    14.53837468233124,
    14.632577098027987,
    0.4728663267534679,
    0.378371306683041,
    0.14707749672583442,
    0.1470774967258345,
    0.462453784103048,
    0.1128589886890684,
    0.11285898868906837,
    0.04327439416770045,
    14.538374682331627,
    14.632577098027953,
    0.47286632675346857,
    0.37837130668304086,
    0.14707749672583442,
    0.14707749672583445,
    0.462453784103048,
    0.11285898868906846,
    0.1128589886890684,
    0.043274394167700375
  ]
}